accuracy: 0.58957773
dt: 228.18532156944275
fsize: 71400
