accuracy: 0.6328841
dt: 175.4167995452881
fsize: 71400
