accuracy: 0.6294699
dt: 160.52067136764526
fsize: 71400
