accuracy: 0.46469003
dt: 219.1443955898285
fsize: 71400
