accuracy: 0.6923077
dt: 69.56455516815186
fsize: 309424
