accuracy: 0.6816976
dt: 64.83171725273132
fsize: 309424
