accuracy: 0.6366048
dt: 72.7279224395752
fsize: 309424
