id,uid,time,data,meter
0,4a5cf927-5e23-4267-926e-9463e171f71e,19/05/2017 22:14:43,0,301022.0
1,4a5cf927-5e23-4267-926e-9463e171f71e,19/05/2017 21:14:43,0,301022.0
2,4a5cf927-5e23-4267-926e-9463e171f71e,19/05/2017 20:14:43,23,301022.0
3,4a5cf927-5e23-4267-926e-9463e171f71e,19/05/2017 18:54:08,20,300999.0
4,4a5cf927-5e23-4267-926e-9463e171f71e,19/05/2017 17:54:08,0,300979.0
5,4a5cf927-5e23-4267-926e-9463e171f71e,19/05/2017 16:54:08,23,300979.0
6,4a5cf927-5e23-4267-926e-9463e171f71e,19/05/2017 15:54:08,143,300956.0
7,4a5cf927-5e23-4267-926e-9463e171f71e,19/05/2017 10:54:08,39,300813.0
8,4a5cf927-5e23-4267-926e-9463e171f71e,19/05/2017 09:54:08,10,300774.0
9,4a5cf927-5e23-4267-926e-9463e171f71e,19/05/2017 08:54:08,3,300764.0
10,4a5cf927-5e23-4267-926e-9463e171f71e,19/05/2017 07:54:08,0,300761.0
11,4a5cf927-5e23-4267-926e-9463e171f71e,19/05/2017 06:54:07,0,300761.0
12,4a5cf927-5e23-4267-926e-9463e171f71e,19/05/2017 05:54:07,0,300761.0
13,4a5cf927-5e23-4267-926e-9463e171f71e,19/05/2017 04:54:07,0,300761.0
14,4a5cf927-5e23-4267-926e-9463e171f71e,19/05/2017 03:54:07,0,300761.0
15,4a5cf927-5e23-4267-926e-9463e171f71e,19/05/2017 02:54:10,0,300761.0
16,4a5cf927-5e23-4267-926e-9463e171f71e,19/05/2017 01:54:10,0,300761.0
17,4a5cf927-5e23-4267-926e-9463e171f71e,19/05/2017 00:54:10,10,300761.0
18,4a5cf927-5e23-4267-926e-9463e171f71e,18/05/2017 23:54:10,15,300751.0
19,4a5cf927-5e23-4267-926e-9463e171f71e,18/05/2017 22:54:15,19,300736.0
20,4a5cf927-5e23-4267-926e-9463e171f71e,18/05/2017 21:54:15,0,300717.0
21,4a5cf927-5e23-4267-926e-9463e171f71e,18/05/2017 20:54:15,0,300717.0
22,4a5cf927-5e23-4267-926e-9463e171f71e,18/05/2017 19:54:15,0,300717.0
23,4a5cf927-5e23-4267-926e-9463e171f71e,18/05/2017 18:59:51,0,300717.0
24,4a5cf927-5e23-4267-926e-9463e171f71e,18/05/2017 17:59:51,32,300717.0
25,4a5cf927-5e23-4267-926e-9463e171f71e,18/05/2017 16:59:51,50,300685.0
26,4a5cf927-5e23-4267-926e-9463e171f71e,18/05/2017 15:59:51,21,300635.0
27,4a5cf927-5e23-4267-926e-9463e171f71e,18/05/2017 14:54:22,9,300614.0
28,4a5cf927-5e23-4267-926e-9463e171f71e,18/05/2017 13:54:22,50,300605.0
29,4a5cf927-5e23-4267-926e-9463e171f71e,18/05/2017 12:54:22,9,300555.0
30,4a5cf927-5e23-4267-926e-9463e171f71e,18/05/2017 11:54:22,2,300546.0
31,4a5cf927-5e23-4267-926e-9463e171f71e,18/05/2017 10:54:11,17,300544.0
32,4a5cf927-5e23-4267-926e-9463e171f71e,18/05/2017 09:54:11,1,300527.0
33,4a5cf927-5e23-4267-926e-9463e171f71e,18/05/2017 08:54:11,25,300526.0
34,4a5cf927-5e23-4267-926e-9463e171f71e,18/05/2017 07:54:11,21,300501.0
35,4a5cf927-5e23-4267-926e-9463e171f71e,18/05/2017 06:54:10,0,300480.0
36,4a5cf927-5e23-4267-926e-9463e171f71e,18/05/2017 05:54:10,0,300480.0
37,4a5cf927-5e23-4267-926e-9463e171f71e,18/05/2017 04:54:10,0,300480.0
38,4a5cf927-5e23-4267-926e-9463e171f71e,18/05/2017 03:54:10,0,300480.0
39,4a5cf927-5e23-4267-926e-9463e171f71e,18/05/2017 02:54:11,0,300480.0
40,4a5cf927-5e23-4267-926e-9463e171f71e,18/05/2017 01:54:11,0,300480.0
41,4a5cf927-5e23-4267-926e-9463e171f71e,18/05/2017 00:54:11,3,300480.0
42,4a5cf927-5e23-4267-926e-9463e171f71e,17/05/2017 23:54:11,3,300477.0
43,4a5cf927-5e23-4267-926e-9463e171f71e,17/05/2017 22:54:10,40,300474.0
44,4a5cf927-5e23-4267-926e-9463e171f71e,17/05/2017 21:54:10,13,300434.0
45,4a5cf927-5e23-4267-926e-9463e171f71e,17/05/2017 20:54:10,0,300421.0
46,4a5cf927-5e23-4267-926e-9463e171f71e,17/05/2017 19:54:10,15,300421.0
47,4a5cf927-5e23-4267-926e-9463e171f71e,17/05/2017 18:54:13,10,300406.0
48,4a5cf927-5e23-4267-926e-9463e171f71e,17/05/2017 17:54:13,3,300396.0
49,4a5cf927-5e23-4267-926e-9463e171f71e,17/05/2017 16:54:13,85,300393.0
50,4a5cf927-5e23-4267-926e-9463e171f71e,17/05/2017 15:54:13,33,300308.0
51,4a5cf927-5e23-4267-926e-9463e171f71e,17/05/2017 14:54:11,11,300275.0
52,4a5cf927-5e23-4267-926e-9463e171f71e,17/05/2017 13:54:11,7,300264.0
53,4a5cf927-5e23-4267-926e-9463e171f71e,17/05/2017 12:54:11,15,300257.0
54,4a5cf927-5e23-4267-926e-9463e171f71e,17/05/2017 11:54:11,112,300242.0
55,4a5cf927-5e23-4267-926e-9463e171f71e,17/05/2017 10:13:13,19,300130.0
56,4a5cf927-5e23-4267-926e-9463e171f71e,17/05/2017 09:13:13,4,300111.0
57,4a5cf927-5e23-4267-926e-9463e171f71e,17/05/2017 08:13:13,0,300107.0
58,4a5cf927-5e23-4267-926e-9463e171f71e,17/05/2017 06:54:12,0,300107.0
59,4a5cf927-5e23-4267-926e-9463e171f71e,17/05/2017 05:54:12,0,300107.0
60,4a5cf927-5e23-4267-926e-9463e171f71e,17/05/2017 04:54:12,0,300107.0
61,4a5cf927-5e23-4267-926e-9463e171f71e,17/05/2017 03:54:12,0,300107.0
62,4a5cf927-5e23-4267-926e-9463e171f71e,17/05/2017 02:54:14,0,300107.0
63,4a5cf927-5e23-4267-926e-9463e171f71e,17/05/2017 01:54:14,0,300107.0
64,4a5cf927-5e23-4267-926e-9463e171f71e,17/05/2017 00:54:14,0,300107.0
65,4a5cf927-5e23-4267-926e-9463e171f71e,16/05/2017 23:54:14,31,300107.0
66,4a5cf927-5e23-4267-926e-9463e171f71e,16/05/2017 22:13:19,13,300076.0
67,4a5cf927-5e23-4267-926e-9463e171f71e,16/05/2017 21:13:19,0,300063.0
68,4a5cf927-5e23-4267-926e-9463e171f71e,16/05/2017 20:13:19,7,300063.0
69,4a5cf927-5e23-4267-926e-9463e171f71e,16/05/2017 18:57:30,7,300056.0
70,4a5cf927-5e23-4267-926e-9463e171f71e,16/05/2017 17:57:30,0,300049.0
71,4a5cf927-5e23-4267-926e-9463e171f71e,16/05/2017 16:57:30,34,300049.0
72,4a5cf927-5e23-4267-926e-9463e171f71e,16/05/2017 15:57:30,5,300015.0
73,4a5cf927-5e23-4267-926e-9463e171f71e,16/05/2017 14:54:14,9,300010.0
74,4a5cf927-5e23-4267-926e-9463e171f71e,16/05/2017 13:54:14,0,300001.0
75,4a5cf927-5e23-4267-926e-9463e171f71e,16/05/2017 12:54:14,21,300001.0
76,4a5cf927-5e23-4267-926e-9463e171f71e,16/05/2017 11:54:14,206,299980.0
77,4a5cf927-5e23-4267-926e-9463e171f71e,16/05/2017 06:54:14,0,299774.0
78,4a5cf927-5e23-4267-926e-9463e171f71e,16/05/2017 05:54:14,0,299774.0
79,4a5cf927-5e23-4267-926e-9463e171f71e,16/05/2017 04:54:14,0,299774.0
80,4a5cf927-5e23-4267-926e-9463e171f71e,16/05/2017 03:54:14,0,299774.0
81,4a5cf927-5e23-4267-926e-9463e171f71e,16/05/2017 02:54:51,0,299774.0
82,4a5cf927-5e23-4267-926e-9463e171f71e,16/05/2017 01:54:51,5,299774.0
83,4a5cf927-5e23-4267-926e-9463e171f71e,16/05/2017 00:54:51,0,299769.0
84,4a5cf927-5e23-4267-926e-9463e171f71e,15/05/2017 23:54:51,0,299769.0
85,4a5cf927-5e23-4267-926e-9463e171f71e,15/05/2017 22:54:16,30,299769.0
86,4a5cf927-5e23-4267-926e-9463e171f71e,15/05/2017 21:54:16,8,299739.0
87,4a5cf927-5e23-4267-926e-9463e171f71e,15/05/2017 20:54:16,0,299731.0
88,4a5cf927-5e23-4267-926e-9463e171f71e,15/05/2017 19:54:16,5,299731.0
89,4a5cf927-5e23-4267-926e-9463e171f71e,15/05/2017 18:54:17,7,299726.0
90,4a5cf927-5e23-4267-926e-9463e171f71e,15/05/2017 17:54:17,31,299719.0
91,4a5cf927-5e23-4267-926e-9463e171f71e,15/05/2017 16:54:17,7,299688.0
92,4a5cf927-5e23-4267-926e-9463e171f71e,15/05/2017 15:54:17,6,299681.0
93,4a5cf927-5e23-4267-926e-9463e171f71e,15/05/2017 14:54:19,24,299675.0
94,4a5cf927-5e23-4267-926e-9463e171f71e,15/05/2017 13:54:19,6,299651.0
95,4a5cf927-5e23-4267-926e-9463e171f71e,15/05/2017 12:54:19,8,299645.0
96,4a5cf927-5e23-4267-926e-9463e171f71e,15/05/2017 11:54:19,71,299637.0
97,4a5cf927-5e23-4267-926e-9463e171f71e,15/05/2017 10:54:19,29,299566.0
98,4a5cf927-5e23-4267-926e-9463e171f71e,15/05/2017 09:54:19,25,299537.0
99,4a5cf927-5e23-4267-926e-9463e171f71e,15/05/2017 08:54:19,0,299512.0
100,4a5cf927-5e23-4267-926e-9463e171f71e,15/05/2017 07:54:19,0,299512.0
101,4a5cf927-5e23-4267-926e-9463e171f71e,15/05/2017 06:54:18,0,299512.0
102,4a5cf927-5e23-4267-926e-9463e171f71e,15/05/2017 05:54:18,0,299512.0
103,4a5cf927-5e23-4267-926e-9463e171f71e,15/05/2017 04:54:18,0,299512.0
104,4a5cf927-5e23-4267-926e-9463e171f71e,15/05/2017 03:54:18,0,299512.0
105,4a5cf927-5e23-4267-926e-9463e171f71e,15/05/2017 02:54:19,0,299512.0
106,4a5cf927-5e23-4267-926e-9463e171f71e,15/05/2017 01:54:19,15,299512.0
107,4a5cf927-5e23-4267-926e-9463e171f71e,15/05/2017 00:54:19,0,299497.0
108,4a5cf927-5e23-4267-926e-9463e171f71e,14/05/2017 23:54:19,14,299497.0
109,4a5cf927-5e23-4267-926e-9463e171f71e,14/05/2017 22:54:17,0,299483.0
110,4a5cf927-5e23-4267-926e-9463e171f71e,14/05/2017 21:54:17,0,299483.0
111,4a5cf927-5e23-4267-926e-9463e171f71e,14/05/2017 20:54:17,0,299483.0
112,4a5cf927-5e23-4267-926e-9463e171f71e,14/05/2017 19:54:17,3,299483.0
113,4a5cf927-5e23-4267-926e-9463e171f71e,14/05/2017 18:54:18,18,299480.0
114,4a5cf927-5e23-4267-926e-9463e171f71e,14/05/2017 17:54:18,0,299462.0
115,4a5cf927-5e23-4267-926e-9463e171f71e,14/05/2017 16:54:18,7,299462.0
116,4a5cf927-5e23-4267-926e-9463e171f71e,14/05/2017 15:54:18,5,299455.0
117,4a5cf927-5e23-4267-926e-9463e171f71e,14/05/2017 14:54:20,18,299450.0
118,4a5cf927-5e23-4267-926e-9463e171f71e,14/05/2017 13:54:20,63,299432.0
119,4a5cf927-5e23-4267-926e-9463e171f71e,14/05/2017 12:54:20,17,299369.0
120,4a5cf927-5e23-4267-926e-9463e171f71e,14/05/2017 11:54:20,21,299352.0
121,4a5cf927-5e23-4267-926e-9463e171f71e,14/05/2017 10:13:03,0,299331.0
122,4a5cf927-5e23-4267-926e-9463e171f71e,14/05/2017 09:13:03,0,299331.0
123,4a5cf927-5e23-4267-926e-9463e171f71e,14/05/2017 08:13:03,0,299331.0
124,4a5cf927-5e23-4267-926e-9463e171f71e,14/05/2017 06:54:19,0,299331.0
125,4a5cf927-5e23-4267-926e-9463e171f71e,14/05/2017 05:54:19,0,299331.0
126,4a5cf927-5e23-4267-926e-9463e171f71e,14/05/2017 04:54:19,0,299331.0
127,4a5cf927-5e23-4267-926e-9463e171f71e,14/05/2017 03:54:19,0,299331.0
128,4a5cf927-5e23-4267-926e-9463e171f71e,14/05/2017 02:54:21,6,299331.0
129,4a5cf927-5e23-4267-926e-9463e171f71e,14/05/2017 01:54:21,0,299325.0
130,4a5cf927-5e23-4267-926e-9463e171f71e,14/05/2017 00:54:21,0,299325.0
131,4a5cf927-5e23-4267-926e-9463e171f71e,13/05/2017 23:54:21,0,299325.0
132,4a5cf927-5e23-4267-926e-9463e171f71e,13/05/2017 22:54:19,0,299325.0
133,4a5cf927-5e23-4267-926e-9463e171f71e,13/05/2017 21:54:19,2,299325.0
134,4a5cf927-5e23-4267-926e-9463e171f71e,13/05/2017 20:54:19,21,299323.0
135,4a5cf927-5e23-4267-926e-9463e171f71e,13/05/2017 19:54:19,15,299302.0
136,4a5cf927-5e23-4267-926e-9463e171f71e,13/05/2017 18:54:22,3,299287.0
137,4a5cf927-5e23-4267-926e-9463e171f71e,13/05/2017 17:54:22,53,299284.0
138,4a5cf927-5e23-4267-926e-9463e171f71e,13/05/2017 16:54:22,44,299231.0
139,4a5cf927-5e23-4267-926e-9463e171f71e,13/05/2017 15:54:22,2,299187.0
140,4a5cf927-5e23-4267-926e-9463e171f71e,13/05/2017 14:54:21,7,299185.0
141,4a5cf927-5e23-4267-926e-9463e171f71e,13/05/2017 13:54:21,0,299178.0
142,4a5cf927-5e23-4267-926e-9463e171f71e,13/05/2017 12:54:21,11,299178.0
143,4a5cf927-5e23-4267-926e-9463e171f71e,13/05/2017 11:54:21,17,299167.0
144,4a5cf927-5e23-4267-926e-9463e171f71e,13/05/2017 10:54:21,4,299150.0
145,4a5cf927-5e23-4267-926e-9463e171f71e,13/05/2017 09:54:21,0,299146.0
146,4a5cf927-5e23-4267-926e-9463e171f71e,13/05/2017 08:54:21,0,299146.0
147,4a5cf927-5e23-4267-926e-9463e171f71e,13/05/2017 07:54:21,0,299146.0
148,4a5cf927-5e23-4267-926e-9463e171f71e,13/05/2017 06:54:21,23,299146.0
149,4a5cf927-5e23-4267-926e-9463e171f71e,13/05/2017 05:54:21,0,299123.0
150,4a5cf927-5e23-4267-926e-9463e171f71e,13/05/2017 04:54:21,0,299123.0
151,4a5cf927-5e23-4267-926e-9463e171f71e,13/05/2017 03:54:21,0,299123.0
152,4a5cf927-5e23-4267-926e-9463e171f71e,13/05/2017 02:55:59,0,299123.0
153,4a5cf927-5e23-4267-926e-9463e171f71e,13/05/2017 01:55:59,0,299123.0
154,4a5cf927-5e23-4267-926e-9463e171f71e,13/05/2017 00:55:59,14,299123.0
155,4a5cf927-5e23-4267-926e-9463e171f71e,12/5/2017 23:55,0,299109.0
156,4a5cf927-5e23-4267-926e-9463e171f71e,12/5/2017 22:01,0,299109.0
157,4a5cf927-5e23-4267-926e-9463e171f71e,12/5/2017 21:01,0,299109.0
158,4a5cf927-5e23-4267-926e-9463e171f71e,12/5/2017 20:01,25,299109.0
159,4a5cf927-5e23-4267-926e-9463e171f71e,12/5/2017 18:54,1,299084.0
160,4a5cf927-5e23-4267-926e-9463e171f71e,12/5/2017 17:54,0,299083.0
161,4a5cf927-5e23-4267-926e-9463e171f71e,12/5/2017 16:54,9,299083.0
162,4a5cf927-5e23-4267-926e-9463e171f71e,12/5/2017 15:54,32,299074.0
163,4a5cf927-5e23-4267-926e-9463e171f71e,12/5/2017 14:54,11,299042.0
164,4a5cf927-5e23-4267-926e-9463e171f71e,12/5/2017 13:54,0,299031.0
165,4a5cf927-5e23-4267-926e-9463e171f71e,12/5/2017 12:54,15,299031.0
166,4a5cf927-5e23-4267-926e-9463e171f71e,12/5/2017 11:54,5,299016.0
167,4a5cf927-5e23-4267-926e-9463e171f71e,12/5/2017 10:54,11,299011.0
168,4a5cf927-5e23-4267-926e-9463e171f71e,12/5/2017 9:54,14,299000.0
169,4a5cf927-5e23-4267-926e-9463e171f71e,12/5/2017 8:54,62,298986.0
170,4a5cf927-5e23-4267-926e-9463e171f71e,12/5/2017 7:54,0,298924.0
171,4a5cf927-5e23-4267-926e-9463e171f71e,12/5/2017 6:54,0,298924.0
172,4a5cf927-5e23-4267-926e-9463e171f71e,12/5/2017 5:54,0,298924.0
173,4a5cf927-5e23-4267-926e-9463e171f71e,12/5/2017 4:54,0,298924.0
174,4a5cf927-5e23-4267-926e-9463e171f71e,12/5/2017 3:54,0,298924.0
175,4a5cf927-5e23-4267-926e-9463e171f71e,12/5/2017 2:54,0,298924.0
176,4a5cf927-5e23-4267-926e-9463e171f71e,12/5/2017 1:54,0,298924.0
177,4a5cf927-5e23-4267-926e-9463e171f71e,12/5/2017 0:54,6,298924.0
178,4a5cf927-5e23-4267-926e-9463e171f71e,11/5/2017 23:54,166,298918.0
179,4a5cf927-5e23-4267-926e-9463e171f71e,11/5/2017 14:54,13,298752.0
180,4a5cf927-5e23-4267-926e-9463e171f71e,11/5/2017 13:54,0,298739.0
181,4a5cf927-5e23-4267-926e-9463e171f71e,11/5/2017 12:54,0,298739.0
182,4a5cf927-5e23-4267-926e-9463e171f71e,11/5/2017 11:54,91,298739.0
183,4a5cf927-5e23-4267-926e-9463e171f71e,11/5/2017 10:54,15,298648.0
184,4a5cf927-5e23-4267-926e-9463e171f71e,11/5/2017 9:54,15,298633.0
185,4a5cf927-5e23-4267-926e-9463e171f71e,11/5/2017 8:54,6,298618.0
186,4a5cf927-5e23-4267-926e-9463e171f71e,11/5/2017 7:54,0,298612.0
187,4a5cf927-5e23-4267-926e-9463e171f71e,11/5/2017 6:54,0,298612.0
188,4a5cf927-5e23-4267-926e-9463e171f71e,11/5/2017 5:54,0,298612.0
189,4a5cf927-5e23-4267-926e-9463e171f71e,11/5/2017 4:54,0,298612.0
190,4a5cf927-5e23-4267-926e-9463e171f71e,11/5/2017 3:54,0,298612.0
191,4a5cf927-5e23-4267-926e-9463e171f71e,11/5/2017 2:54,0,298612.0
192,4a5cf927-5e23-4267-926e-9463e171f71e,11/5/2017 1:54,0,298612.0
193,4a5cf927-5e23-4267-926e-9463e171f71e,11/5/2017 0:54,17,298612.0
194,4a5cf927-5e23-4267-926e-9463e171f71e,10/5/2017 23:54,4,298595.0
195,4a5cf927-5e23-4267-926e-9463e171f71e,10/5/2017 22:54,9,298591.0
196,4a5cf927-5e23-4267-926e-9463e171f71e,10/5/2017 21:54,7,298582.0
197,4a5cf927-5e23-4267-926e-9463e171f71e,10/5/2017 20:54,18,298575.0
198,4a5cf927-5e23-4267-926e-9463e171f71e,10/5/2017 19:54,20,298557.0
199,4a5cf927-5e23-4267-926e-9463e171f71e,10/5/2017 18:54,4,298537.0
200,4a5cf927-5e23-4267-926e-9463e171f71e,10/5/2017 17:54,0,298533.0
201,4a5cf927-5e23-4267-926e-9463e171f71e,10/5/2017 16:54,30,298533.0
202,4a5cf927-5e23-4267-926e-9463e171f71e,10/5/2017 15:54,29,298503.0
203,4a5cf927-5e23-4267-926e-9463e171f71e,10/5/2017 14:54,12,298474.0
204,4a5cf927-5e23-4267-926e-9463e171f71e,10/5/2017 13:54,10,298462.0
205,4a5cf927-5e23-4267-926e-9463e171f71e,10/5/2017 12:54,7,298452.0
206,4a5cf927-5e23-4267-926e-9463e171f71e,10/5/2017 11:54,18,298445.0
207,4a5cf927-5e23-4267-926e-9463e171f71e,10/5/2017 10:54,49,298427.0
208,4a5cf927-5e23-4267-926e-9463e171f71e,10/5/2017 9:54,14,298378.0
209,4a5cf927-5e23-4267-926e-9463e171f71e,10/5/2017 8:54,20,298364.0
210,4a5cf927-5e23-4267-926e-9463e171f71e,10/5/2017 7:54,0,298344.0
211,4a5cf927-5e23-4267-926e-9463e171f71e,10/5/2017 6:55,0,298344.0
212,4a5cf927-5e23-4267-926e-9463e171f71e,10/5/2017 5:55,0,298344.0
213,4a5cf927-5e23-4267-926e-9463e171f71e,10/5/2017 4:55,0,298344.0
214,4a5cf927-5e23-4267-926e-9463e171f71e,10/5/2017 3:55,0,298344.0
215,4a5cf927-5e23-4267-926e-9463e171f71e,10/5/2017 2:55,0,298344.0
216,4a5cf927-5e23-4267-926e-9463e171f71e,10/5/2017 1:55,0,298344.0
217,4a5cf927-5e23-4267-926e-9463e171f71e,10/5/2017 0:55,0,298344.0
218,4a5cf927-5e23-4267-926e-9463e171f71e,9/5/2017 23:55,10,298344.0
219,4a5cf927-5e23-4267-926e-9463e171f71e,9/5/2017 22:54,7,298334.0
220,4a5cf927-5e23-4267-926e-9463e171f71e,9/5/2017 21:54,7,298327.0
221,4a5cf927-5e23-4267-926e-9463e171f71e,9/5/2017 20:54,0,298320.0
222,4a5cf927-5e23-4267-926e-9463e171f71e,9/5/2017 19:54,7,298320.0
223,4a5cf927-5e23-4267-926e-9463e171f71e,9/5/2017 18:54,25,298313.0
224,4a5cf927-5e23-4267-926e-9463e171f71e,9/5/2017 17:54,9,298288.0
225,4a5cf927-5e23-4267-926e-9463e171f71e,9/5/2017 16:54,19,298279.0
226,4a5cf927-5e23-4267-926e-9463e171f71e,9/5/2017 15:54,31,298260.0
227,4a5cf927-5e23-4267-926e-9463e171f71e,9/5/2017 14:54,21,298229.0
228,4a5cf927-5e23-4267-926e-9463e171f71e,9/5/2017 13:54,24,298208.0
229,4a5cf927-5e23-4267-926e-9463e171f71e,9/5/2017 12:54,65,298184.0
230,4a5cf927-5e23-4267-926e-9463e171f71e,9/5/2017 11:54,11,298119.0
231,4a5cf927-5e23-4267-926e-9463e171f71e,9/5/2017 10:54,27,298108.0
232,4a5cf927-5e23-4267-926e-9463e171f71e,9/5/2017 9:54,28,298081.0
233,4a5cf927-5e23-4267-926e-9463e171f71e,9/5/2017 8:54,68,298053.0
234,4a5cf927-5e23-4267-926e-9463e171f71e,9/5/2017 7:54,0,297985.0
235,4a5cf927-5e23-4267-926e-9463e171f71e,9/5/2017 6:06,0,297985.0
236,4a5cf927-5e23-4267-926e-9463e171f71e,9/5/2017 5:06,0,297985.0
237,4a5cf927-5e23-4267-926e-9463e171f71e,9/5/2017 4:06,0,297985.0
238,4a5cf927-5e23-4267-926e-9463e171f71e,9/5/2017 2:54,0,297985.0
239,4a5cf927-5e23-4267-926e-9463e171f71e,9/5/2017 1:54,2,297985.0
240,4a5cf927-5e23-4267-926e-9463e171f71e,9/5/2017 0:54,4,297983.0
241,4a5cf927-5e23-4267-926e-9463e171f71e,8/5/2017 23:54,13,297979.0
242,4a5cf927-5e23-4267-926e-9463e171f71e,8/5/2017 22:00,18,297966.0
243,4a5cf927-5e23-4267-926e-9463e171f71e,8/5/2017 21:00,7,297948.0
244,4a5cf927-5e23-4267-926e-9463e171f71e,8/5/2017 20:00,4,297941.0
245,4a5cf927-5e23-4267-926e-9463e171f71e,8/5/2017 18:54,11,297937.0
246,4a5cf927-5e23-4267-926e-9463e171f71e,8/5/2017 17:54,14,297926.0
247,4a5cf927-5e23-4267-926e-9463e171f71e,8/5/2017 16:54,8,297912.0
248,4a5cf927-5e23-4267-926e-9463e171f71e,8/5/2017 15:54,15,297904.0
249,4a5cf927-5e23-4267-926e-9463e171f71e,8/5/2017 14:54,13,297889.0
250,4a5cf927-5e23-4267-926e-9463e171f71e,8/5/2017 13:54,20,297876.0
251,4a5cf927-5e23-4267-926e-9463e171f71e,8/5/2017 12:54,5,297856.0
252,4a5cf927-5e23-4267-926e-9463e171f71e,8/5/2017 11:54,19,297851.0
253,4a5cf927-5e23-4267-926e-9463e171f71e,8/5/2017 10:54,3,297832.0
254,4a5cf927-5e23-4267-926e-9463e171f71e,8/5/2017 9:54,66,297829.0
255,4a5cf927-5e23-4267-926e-9463e171f71e,8/5/2017 8:54,7,297763.0
256,4a5cf927-5e23-4267-926e-9463e171f71e,8/5/2017 7:54,0,297756.0
257,4a5cf927-5e23-4267-926e-9463e171f71e,8/5/2017 6:57,0,297756.0
258,4a5cf927-5e23-4267-926e-9463e171f71e,8/5/2017 5:57,0,297756.0
259,4a5cf927-5e23-4267-926e-9463e171f71e,8/5/2017 4:57,0,297756.0
260,4a5cf927-5e23-4267-926e-9463e171f71e,8/5/2017 3:57,0,297756.0
261,4a5cf927-5e23-4267-926e-9463e171f71e,8/5/2017 2:55,0,297756.0
262,4a5cf927-5e23-4267-926e-9463e171f71e,8/5/2017 1:55,0,297756.0
263,4a5cf927-5e23-4267-926e-9463e171f71e,8/5/2017 0:55,0,297756.0
264,4a5cf927-5e23-4267-926e-9463e171f71e,7/5/2017 23:55,11,297756.0
265,4a5cf927-5e23-4267-926e-9463e171f71e,7/5/2017 22:54,0,297745.0
266,4a5cf927-5e23-4267-926e-9463e171f71e,7/5/2017 21:54,7,297745.0
267,4a5cf927-5e23-4267-926e-9463e171f71e,7/5/2017 20:54,0,297738.0
268,4a5cf927-5e23-4267-926e-9463e171f71e,7/5/2017 19:54,41,297738.0
269,4a5cf927-5e23-4267-926e-9463e171f71e,7/5/2017 18:54,19,297697.0
270,4a5cf927-5e23-4267-926e-9463e171f71e,7/5/2017 17:54,0,297678.0
271,4a5cf927-5e23-4267-926e-9463e171f71e,7/5/2017 16:54,0,297678.0
272,4a5cf927-5e23-4267-926e-9463e171f71e,7/5/2017 15:54,0,297678.0
273,4a5cf927-5e23-4267-926e-9463e171f71e,7/5/2017 10:54,0,297678.0
274,4a5cf927-5e23-4267-926e-9463e171f71e,7/5/2017 9:54,0,297678.0
275,4a5cf927-5e23-4267-926e-9463e171f71e,7/5/2017 8:54,0,297678.0
276,4a5cf927-5e23-4267-926e-9463e171f71e,7/5/2017 7:54,0,297678.0
277,4a5cf927-5e23-4267-926e-9463e171f71e,7/5/2017 6:56,0,297678.0
278,4a5cf927-5e23-4267-926e-9463e171f71e,7/5/2017 5:56,0,297678.0
279,4a5cf927-5e23-4267-926e-9463e171f71e,7/5/2017 4:56,0,297678.0
280,4a5cf927-5e23-4267-926e-9463e171f71e,7/5/2017 3:56,0,297678.0
281,4a5cf927-5e23-4267-926e-9463e171f71e,7/5/2017 2:54,0,297678.0
282,4a5cf927-5e23-4267-926e-9463e171f71e,7/5/2017 1:54,0,297678.0
283,4a5cf927-5e23-4267-926e-9463e171f71e,7/5/2017 0:54,0,297678.0
284,4a5cf927-5e23-4267-926e-9463e171f71e,6/5/2017 23:54,0,297678.0
285,4a5cf927-5e23-4267-926e-9463e171f71e,6/5/2017 22:06,0,297678.0
286,4a5cf927-5e23-4267-926e-9463e171f71e,6/5/2017 21:06,0,297678.0
287,4a5cf927-5e23-4267-926e-9463e171f71e,6/5/2017 20:06,0,297678.0
288,4a5cf927-5e23-4267-926e-9463e171f71e,6/5/2017 18:54,0,297678.0
289,4a5cf927-5e23-4267-926e-9463e171f71e,6/5/2017 17:54,0,297678.0
290,4a5cf927-5e23-4267-926e-9463e171f71e,6/5/2017 16:54,0,297678.0
291,4a5cf927-5e23-4267-926e-9463e171f71e,6/5/2017 15:54,0,297678.0
292,4a5cf927-5e23-4267-926e-9463e171f71e,6/5/2017 14:54,0,297678.0
293,4a5cf927-5e23-4267-926e-9463e171f71e,6/5/2017 13:54,0,297678.0
294,4a5cf927-5e23-4267-926e-9463e171f71e,6/5/2017 12:54,0,297678.0
295,4a5cf927-5e23-4267-926e-9463e171f71e,6/5/2017 11:54,0,297678.0
296,4a5cf927-5e23-4267-926e-9463e171f71e,6/5/2017 10:54,0,297678.0
297,4a5cf927-5e23-4267-926e-9463e171f71e,6/5/2017 9:54,0,297678.0
298,4a5cf927-5e23-4267-926e-9463e171f71e,6/5/2017 8:54,0,297678.0
299,4a5cf927-5e23-4267-926e-9463e171f71e,6/5/2017 7:54,0,297678.0
300,4a5cf927-5e23-4267-926e-9463e171f71e,6/5/2017 6:54,0,297678.0
301,4a5cf927-5e23-4267-926e-9463e171f71e,6/5/2017 5:54,0,297678.0
302,4a5cf927-5e23-4267-926e-9463e171f71e,6/5/2017 4:54,0,297678.0
303,4a5cf927-5e23-4267-926e-9463e171f71e,6/5/2017 3:54,0,297678.0
304,4a5cf927-5e23-4267-926e-9463e171f71e,6/5/2017 2:57,0,297678.0
305,4a5cf927-5e23-4267-926e-9463e171f71e,6/5/2017 1:57,0,297678.0
306,4a5cf927-5e23-4267-926e-9463e171f71e,6/5/2017 0:57,0,297678.0
307,4a5cf927-5e23-4267-926e-9463e171f71e,5/5/2017 23:57,0,297678.0
308,4a5cf927-5e23-4267-926e-9463e171f71e,5/5/2017 22:54,0,297678.0
309,4a5cf927-5e23-4267-926e-9463e171f71e,5/5/2017 21:54,0,297678.0
310,4a5cf927-5e23-4267-926e-9463e171f71e,5/5/2017 20:54,0,297678.0
311,4a5cf927-5e23-4267-926e-9463e171f71e,5/5/2017 19:54,0,297678.0
312,4a5cf927-5e23-4267-926e-9463e171f71e,5/5/2017 18:54,0,297678.0
313,4a5cf927-5e23-4267-926e-9463e171f71e,5/5/2017 17:54,0,297678.0
314,4a5cf927-5e23-4267-926e-9463e171f71e,5/5/2017 16:54,0,297678.0
315,4a5cf927-5e23-4267-926e-9463e171f71e,5/5/2017 15:54,0,297678.0
316,4a5cf927-5e23-4267-926e-9463e171f71e,5/5/2017 14:54,0,297678.0
317,4a5cf927-5e23-4267-926e-9463e171f71e,5/5/2017 13:54,0,297678.0
318,4a5cf927-5e23-4267-926e-9463e171f71e,5/5/2017 12:54,0,297678.0
319,4a5cf927-5e23-4267-926e-9463e171f71e,5/5/2017 11:54,0,297678.0
320,4a5cf927-5e23-4267-926e-9463e171f71e,5/5/2017 10:54,0,297678.0
321,4a5cf927-5e23-4267-926e-9463e171f71e,5/5/2017 9:54,0,297678.0
322,4a5cf927-5e23-4267-926e-9463e171f71e,5/5/2017 8:54,0,297678.0
323,4a5cf927-5e23-4267-926e-9463e171f71e,5/5/2017 7:54,0,297678.0
324,4a5cf927-5e23-4267-926e-9463e171f71e,5/5/2017 6:57,0,297678.0
325,4a5cf927-5e23-4267-926e-9463e171f71e,5/5/2017 5:57,0,297678.0
326,4a5cf927-5e23-4267-926e-9463e171f71e,5/5/2017 4:57,0,297678.0
327,4a5cf927-5e23-4267-926e-9463e171f71e,5/5/2017 3:57,0,297678.0
328,4a5cf927-5e23-4267-926e-9463e171f71e,5/5/2017 2:54,0,297678.0
329,4a5cf927-5e23-4267-926e-9463e171f71e,5/5/2017 1:54,0,297678.0
330,4a5cf927-5e23-4267-926e-9463e171f71e,5/5/2017 0:54,0,297678.0
331,4a5cf927-5e23-4267-926e-9463e171f71e,4/5/2017 23:54,0,297678.0
332,4a5cf927-5e23-4267-926e-9463e171f71e,4/5/2017 22:55,0,297678.0
333,4a5cf927-5e23-4267-926e-9463e171f71e,4/5/2017 21:55,0,297678.0
334,4a5cf927-5e23-4267-926e-9463e171f71e,4/5/2017 20:55,0,297678.0
335,4a5cf927-5e23-4267-926e-9463e171f71e,4/5/2017 19:55,0,297678.0
336,4a5cf927-5e23-4267-926e-9463e171f71e,4/5/2017 18:55,0,297678.0
337,4a5cf927-5e23-4267-926e-9463e171f71e,4/5/2017 17:55,0,297678.0
338,4a5cf927-5e23-4267-926e-9463e171f71e,4/5/2017 16:55,0,297678.0
339,4a5cf927-5e23-4267-926e-9463e171f71e,4/5/2017 15:55,0,297678.0
340,4a5cf927-5e23-4267-926e-9463e171f71e,4/5/2017 14:56,0,297678.0
341,4a5cf927-5e23-4267-926e-9463e171f71e,4/5/2017 13:56,0,297678.0
342,4a5cf927-5e23-4267-926e-9463e171f71e,4/5/2017 12:56,0,297678.0
343,4a5cf927-5e23-4267-926e-9463e171f71e,4/5/2017 11:56,0,297678.0
344,4a5cf927-5e23-4267-926e-9463e171f71e,4/5/2017 10:16,0,297678.0
345,4a5cf927-5e23-4267-926e-9463e171f71e,4/5/2017 9:16,0,297678.0
346,4a5cf927-5e23-4267-926e-9463e171f71e,4/5/2017 8:16,0,297678.0
347,4a5cf927-5e23-4267-926e-9463e171f71e,4/5/2017 2:54,0,297678.0
348,4a5cf927-5e23-4267-926e-9463e171f71e,4/5/2017 1:54,0,297678.0
349,4a5cf927-5e23-4267-926e-9463e171f71e,4/5/2017 0:54,0,297678.0
350,4a5cf927-5e23-4267-926e-9463e171f71e,3/5/2017 23:54,0,297678.0
351,4a5cf927-5e23-4267-926e-9463e171f71e,3/5/2017 22:54,0,297678.0
352,4a5cf927-5e23-4267-926e-9463e171f71e,3/5/2017 21:54,0,297678.0
353,4a5cf927-5e23-4267-926e-9463e171f71e,3/5/2017 20:54,0,297678.0
354,4a5cf927-5e23-4267-926e-9463e171f71e,3/5/2017 19:54,0,297678.0
355,4a5cf927-5e23-4267-926e-9463e171f71e,3/5/2017 18:54,0,297678.0
356,4a5cf927-5e23-4267-926e-9463e171f71e,3/5/2017 17:54,0,297678.0
357,4a5cf927-5e23-4267-926e-9463e171f71e,3/5/2017 16:54,0,297678.0
358,4a5cf927-5e23-4267-926e-9463e171f71e,3/5/2017 15:54,0,297678.0
359,4a5cf927-5e23-4267-926e-9463e171f71e,3/5/2017 14:56,0,297678.0
360,4a5cf927-5e23-4267-926e-9463e171f71e,3/5/2017 13:56,0,297678.0
361,4a5cf927-5e23-4267-926e-9463e171f71e,3/5/2017 12:56,0,297678.0
362,4a5cf927-5e23-4267-926e-9463e171f71e,3/5/2017 11:56,0,297678.0
363,4a5cf927-5e23-4267-926e-9463e171f71e,3/5/2017 10:54,0,297678.0
364,4a5cf927-5e23-4267-926e-9463e171f71e,3/5/2017 9:54,0,297678.0
365,4a5cf927-5e23-4267-926e-9463e171f71e,3/5/2017 8:54,0,297678.0
366,4a5cf927-5e23-4267-926e-9463e171f71e,3/5/2017 7:54,0,297678.0
367,4a5cf927-5e23-4267-926e-9463e171f71e,3/5/2017 6:54,0,297678.0
368,4a5cf927-5e23-4267-926e-9463e171f71e,3/5/2017 5:54,0,297678.0
369,4a5cf927-5e23-4267-926e-9463e171f71e,3/5/2017 4:54,0,297678.0
370,4a5cf927-5e23-4267-926e-9463e171f71e,3/5/2017 3:54,0,297678.0
371,4a5cf927-5e23-4267-926e-9463e171f71e,3/5/2017 2:54,0,297678.0
372,4a5cf927-5e23-4267-926e-9463e171f71e,3/5/2017 1:54,0,297678.0
373,4a5cf927-5e23-4267-926e-9463e171f71e,3/5/2017 0:54,0,297678.0
374,4a5cf927-5e23-4267-926e-9463e171f71e,2/5/2017 23:54,0,297678.0
375,4a5cf927-5e23-4267-926e-9463e171f71e,2/5/2017 22:54,0,297678.0
376,4a5cf927-5e23-4267-926e-9463e171f71e,2/5/2017 21:54,0,297678.0
377,4a5cf927-5e23-4267-926e-9463e171f71e,2/5/2017 20:54,0,297678.0
378,4a5cf927-5e23-4267-926e-9463e171f71e,2/5/2017 19:54,0,297678.0
379,4a5cf927-5e23-4267-926e-9463e171f71e,2/5/2017 18:54,0,297678.0
380,4a5cf927-5e23-4267-926e-9463e171f71e,2/5/2017 17:54,0,297678.0
381,4a5cf927-5e23-4267-926e-9463e171f71e,2/5/2017 16:54,0,297678.0
382,4a5cf927-5e23-4267-926e-9463e171f71e,2/5/2017 15:54,0,297678.0
383,4a5cf927-5e23-4267-926e-9463e171f71e,2/5/2017 14:54,0,297678.0
384,4a5cf927-5e23-4267-926e-9463e171f71e,2/5/2017 13:54,0,297678.0
385,4a5cf927-5e23-4267-926e-9463e171f71e,2/5/2017 12:54,0,297678.0
386,4a5cf927-5e23-4267-926e-9463e171f71e,2/5/2017 11:54,0,297678.0
387,4a5cf927-5e23-4267-926e-9463e171f71e,2/5/2017 10:54,0,297678.0
388,4a5cf927-5e23-4267-926e-9463e171f71e,2/5/2017 9:54,0,297678.0
389,4a5cf927-5e23-4267-926e-9463e171f71e,2/5/2017 8:54,6,297678.0
390,4a5cf927-5e23-4267-926e-9463e171f71e,2/5/2017 7:54,135,297672.0
391,4a5cf927-5e23-4267-926e-9463e171f71e,2/5/2017 6:54,10,297537.0
392,4a5cf927-5e23-4267-926e-9463e171f71e,2/5/2017 5:54,0,297527.0
393,4a5cf927-5e23-4267-926e-9463e171f71e,2/5/2017 4:54,0,297527.0
394,4a5cf927-5e23-4267-926e-9463e171f71e,2/5/2017 3:54,4,297527.0
395,4a5cf927-5e23-4267-926e-9463e171f71e,2/5/2017 2:54,0,297523.0
396,4a5cf927-5e23-4267-926e-9463e171f71e,2/5/2017 1:54,1,297523.0
397,4a5cf927-5e23-4267-926e-9463e171f71e,2/5/2017 0:54,25,297522.0
398,4a5cf927-5e23-4267-926e-9463e171f71e,1/5/2017 23:54,8,297497.0
399,4a5cf927-5e23-4267-926e-9463e171f71e,1/5/2017 22:54,6,297489.0
400,4a5cf927-5e23-4267-926e-9463e171f71e,1/5/2017 21:54,0,297483.0
401,4a5cf927-5e23-4267-926e-9463e171f71e,1/5/2017 20:54,0,297483.0
402,4a5cf927-5e23-4267-926e-9463e171f71e,1/5/2017 19:54,2,297483.0
403,4a5cf927-5e23-4267-926e-9463e171f71e,1/5/2017 18:54,19,297481.0
404,4a5cf927-5e23-4267-926e-9463e171f71e,1/5/2017 17:54,44,297462.0
405,4a5cf927-5e23-4267-926e-9463e171f71e,1/5/2017 16:54,21,297418.0
406,4a5cf927-5e23-4267-926e-9463e171f71e,1/5/2017 15:54,28,297397.0
407,4a5cf927-5e23-4267-926e-9463e171f71e,1/5/2017 14:54,9,297369.0
408,4a5cf927-5e23-4267-926e-9463e171f71e,1/5/2017 13:54,10,297360.0
409,4a5cf927-5e23-4267-926e-9463e171f71e,1/5/2017 12:54,62,297350.0
410,4a5cf927-5e23-4267-926e-9463e171f71e,1/5/2017 11:54,63,297288.0
411,4a5cf927-5e23-4267-926e-9463e171f71e,1/5/2017 10:54,13,297225.0
412,4a5cf927-5e23-4267-926e-9463e171f71e,1/5/2017 9:54,3,297212.0
413,4a5cf927-5e23-4267-926e-9463e171f71e,1/5/2017 8:54,0,297209.0
414,4a5cf927-5e23-4267-926e-9463e171f71e,1/5/2017 7:54,0,297209.0
415,4a5cf927-5e23-4267-926e-9463e171f71e,1/5/2017 6:55,0,297209.0
416,4a5cf927-5e23-4267-926e-9463e171f71e,1/5/2017 5:55,0,297209.0
417,4a5cf927-5e23-4267-926e-9463e171f71e,1/5/2017 4:55,0,297209.0
418,4a5cf927-5e23-4267-926e-9463e171f71e,1/5/2017 3:55,0,297209.0
419,4a5cf927-5e23-4267-926e-9463e171f71e,1/5/2017 2:58,11,297209.0
420,4a5cf927-5e23-4267-926e-9463e171f71e,1/5/2017 1:58,0,297198.0
421,4a5cf927-5e23-4267-926e-9463e171f71e,1/5/2017 0:58,0,297198.0
422,4a5cf927-5e23-4267-926e-9463e171f71e,30/04/2017 23:58:52,0,297198.0
423,4a5cf927-5e23-4267-926e-9463e171f71e,30/04/2017 22:59:16,0,297198.0
424,4a5cf927-5e23-4267-926e-9463e171f71e,30/04/2017 21:59:16,0,297198.0
425,4a5cf927-5e23-4267-926e-9463e171f71e,30/04/2017 20:59:16,0,297198.0
426,4a5cf927-5e23-4267-926e-9463e171f71e,30/04/2017 19:59:16,10,297198.0
427,4a5cf927-5e23-4267-926e-9463e171f71e,30/04/2017 18:54:58,68,297188.0
428,4a5cf927-5e23-4267-926e-9463e171f71e,30/04/2017 17:54:58,20,297120.0
429,4a5cf927-5e23-4267-926e-9463e171f71e,30/04/2017 16:54:58,17,297100.0
430,4a5cf927-5e23-4267-926e-9463e171f71e,30/04/2017 15:54:58,62,297083.0
431,4a5cf927-5e23-4267-926e-9463e171f71e,30/04/2017 14:54:52,7,297021.0
432,4a5cf927-5e23-4267-926e-9463e171f71e,30/04/2017 13:54:52,59,297014.0
433,4a5cf927-5e23-4267-926e-9463e171f71e,30/04/2017 12:54:52,28,296955.0
434,4a5cf927-5e23-4267-926e-9463e171f71e,30/04/2017 11:54:52,14,296927.0
435,4a5cf927-5e23-4267-926e-9463e171f71e,30/04/2017 10:54:54,30,296913.0
436,4a5cf927-5e23-4267-926e-9463e171f71e,30/04/2017 09:54:54,25,296883.0
437,4a5cf927-5e23-4267-926e-9463e171f71e,30/04/2017 08:54:54,7,296858.0
438,4a5cf927-5e23-4267-926e-9463e171f71e,30/04/2017 07:54:54,0,296851.0
439,4a5cf927-5e23-4267-926e-9463e171f71e,30/04/2017 06:54:53,0,296851.0
440,4a5cf927-5e23-4267-926e-9463e171f71e,30/04/2017 05:54:53,0,296851.0
441,4a5cf927-5e23-4267-926e-9463e171f71e,30/04/2017 04:54:53,0,296851.0
442,4a5cf927-5e23-4267-926e-9463e171f71e,30/04/2017 03:54:53,0,296851.0
443,4a5cf927-5e23-4267-926e-9463e171f71e,30/04/2017 02:55:00,0,296851.0
444,4a5cf927-5e23-4267-926e-9463e171f71e,30/04/2017 01:55:00,0,296851.0
445,4a5cf927-5e23-4267-926e-9463e171f71e,30/04/2017 00:55:00,0,296851.0
446,4a5cf927-5e23-4267-926e-9463e171f71e,29/04/2017 23:55:00,15,296851.0
447,4a5cf927-5e23-4267-926e-9463e171f71e,29/04/2017 22:54:53,44,296836.0
448,4a5cf927-5e23-4267-926e-9463e171f71e,29/04/2017 21:54:53,80,296792.0
449,4a5cf927-5e23-4267-926e-9463e171f71e,29/04/2017 20:54:53,85,296712.0
450,4a5cf927-5e23-4267-926e-9463e171f71e,29/04/2017 19:54:53,20,296627.0
451,4a5cf927-5e23-4267-926e-9463e171f71e,29/04/2017 18:54:55,0,296607.0
452,4a5cf927-5e23-4267-926e-9463e171f71e,29/04/2017 17:54:55,19,296607.0
453,4a5cf927-5e23-4267-926e-9463e171f71e,29/04/2017 16:54:55,0,296588.0
454,4a5cf927-5e23-4267-926e-9463e171f71e,29/04/2017 15:54:55,29,296588.0
455,4a5cf927-5e23-4267-926e-9463e171f71e,29/04/2017 14:54:55,0,296559.0
456,4a5cf927-5e23-4267-926e-9463e171f71e,29/04/2017 13:54:55,0,296559.0
457,4a5cf927-5e23-4267-926e-9463e171f71e,29/04/2017 12:54:55,57,296559.0
458,4a5cf927-5e23-4267-926e-9463e171f71e,29/04/2017 11:54:55,4,296502.0
459,4a5cf927-5e23-4267-926e-9463e171f71e,29/04/2017 10:54:56,52,296498.0
460,4a5cf927-5e23-4267-926e-9463e171f71e,29/04/2017 09:54:56,20,296446.0
461,4a5cf927-5e23-4267-926e-9463e171f71e,29/04/2017 08:54:56,32,296426.0
462,4a5cf927-5e23-4267-926e-9463e171f71e,29/04/2017 07:54:56,0,296394.0
463,4a5cf927-5e23-4267-926e-9463e171f71e,29/04/2017 06:54:56,0,296394.0
464,4a5cf927-5e23-4267-926e-9463e171f71e,29/04/2017 05:54:56,0,296394.0
465,4a5cf927-5e23-4267-926e-9463e171f71e,29/04/2017 04:54:56,0,296394.0
466,4a5cf927-5e23-4267-926e-9463e171f71e,29/04/2017 03:54:56,0,296394.0
467,4a5cf927-5e23-4267-926e-9463e171f71e,29/04/2017 02:54:57,12,296394.0
468,4a5cf927-5e23-4267-926e-9463e171f71e,29/04/2017 01:54:57,0,296382.0
469,4a5cf927-5e23-4267-926e-9463e171f71e,29/04/2017 00:54:57,0,296382.0
470,4a5cf927-5e23-4267-926e-9463e171f71e,28/04/2017 23:54:57,1,296382.0
471,4a5cf927-5e23-4267-926e-9463e171f71e,28/04/2017 22:55:01,3,296381.0
472,4a5cf927-5e23-4267-926e-9463e171f71e,28/04/2017 21:55:01,15,296378.0
473,4a5cf927-5e23-4267-926e-9463e171f71e,28/04/2017 20:55:01,9,296363.0
474,4a5cf927-5e23-4267-926e-9463e171f71e,28/04/2017 19:55:01,3,296354.0
475,4a5cf927-5e23-4267-926e-9463e171f71e,28/04/2017 18:54:58,30,296351.0
476,4a5cf927-5e23-4267-926e-9463e171f71e,28/04/2017 17:54:58,48,296321.0
477,4a5cf927-5e23-4267-926e-9463e171f71e,28/04/2017 16:54:58,30,296273.0
478,4a5cf927-5e23-4267-926e-9463e171f71e,28/04/2017 15:54:58,10,296243.0
479,4a5cf927-5e23-4267-926e-9463e171f71e,28/04/2017 14:54:56,0,296233.0
480,4a5cf927-5e23-4267-926e-9463e171f71e,28/04/2017 13:54:56,70,296233.0
481,4a5cf927-5e23-4267-926e-9463e171f71e,28/04/2017 12:54:56,69,296163.0
482,4a5cf927-5e23-4267-926e-9463e171f71e,28/04/2017 11:54:56,13,296094.0
483,4a5cf927-5e23-4267-926e-9463e171f71e,28/04/2017 10:55:11,28,296081.0
484,4a5cf927-5e23-4267-926e-9463e171f71e,28/04/2017 09:55:11,2,296053.0
485,4a5cf927-5e23-4267-926e-9463e171f71e,28/04/2017 08:55:11,16,296051.0
486,4a5cf927-5e23-4267-926e-9463e171f71e,28/04/2017 07:55:11,26,296035.0
487,4a5cf927-5e23-4267-926e-9463e171f71e,28/04/2017 06:00:46,0,296009.0
488,4a5cf927-5e23-4267-926e-9463e171f71e,28/04/2017 05:00:46,0,296009.0
489,4a5cf927-5e23-4267-926e-9463e171f71e,28/04/2017 04:00:46,0,296009.0
490,4a5cf927-5e23-4267-926e-9463e171f71e,28/04/2017 02:55:02,0,296009.0
491,4a5cf927-5e23-4267-926e-9463e171f71e,28/04/2017 01:55:02,1,296009.0
492,4a5cf927-5e23-4267-926e-9463e171f71e,28/04/2017 00:55:02,0,296008.0
493,4a5cf927-5e23-4267-926e-9463e171f71e,27/04/2017 23:55:02,6,296008.0
494,4a5cf927-5e23-4267-926e-9463e171f71e,27/04/2017 22:54:59,87,296002.0
495,4a5cf927-5e23-4267-926e-9463e171f71e,27/04/2017 21:54:59,4,295915.0
496,4a5cf927-5e23-4267-926e-9463e171f71e,27/04/2017 20:54:59,0,295911.0
497,4a5cf927-5e23-4267-926e-9463e171f71e,27/04/2017 19:54:59,0,295911.0
498,4a5cf927-5e23-4267-926e-9463e171f71e,27/04/2017 18:55:02,0,295911.0
499,4a5cf927-5e23-4267-926e-9463e171f71e,27/04/2017 17:55:02,0,295911.0
500,4a5cf927-5e23-4267-926e-9463e171f71e,27/04/2017 16:55:02,0,295911.0
501,4a5cf927-5e23-4267-926e-9463e171f71e,27/04/2017 15:55:02,0,295911.0
502,4a5cf927-5e23-4267-926e-9463e171f71e,27/04/2017 14:54:59,0,295911.0
503,4a5cf927-5e23-4267-926e-9463e171f71e,27/04/2017 13:54:59,0,295911.0
504,4a5cf927-5e23-4267-926e-9463e171f71e,27/04/2017 12:54:59,0,295911.0
505,4a5cf927-5e23-4267-926e-9463e171f71e,27/04/2017 11:54:59,58,295911.0
506,4a5cf927-5e23-4267-926e-9463e171f71e,27/04/2017 10:55:00,0,295853.0
507,4a5cf927-5e23-4267-926e-9463e171f71e,27/04/2017 09:55:00,26,295853.0
508,4a5cf927-5e23-4267-926e-9463e171f71e,27/04/2017 08:55:00,0,295827.0
509,4a5cf927-5e23-4267-926e-9463e171f71e,27/04/2017 07:55:00,0,295827.0
510,4a5cf927-5e23-4267-926e-9463e171f71e,27/04/2017 06:55:04,2,295827.0
511,4a5cf927-5e23-4267-926e-9463e171f71e,27/04/2017 05:55:04,3,295825.0
512,4a5cf927-5e23-4267-926e-9463e171f71e,27/04/2017 04:55:04,0,295822.0
513,4a5cf927-5e23-4267-926e-9463e171f71e,27/04/2017 03:55:04,0,295822.0
514,4a5cf927-5e23-4267-926e-9463e171f71e,27/04/2017 02:55:01,0,295822.0
515,4a5cf927-5e23-4267-926e-9463e171f71e,27/04/2017 01:55:01,0,295822.0
516,4a5cf927-5e23-4267-926e-9463e171f71e,27/04/2017 00:55:01,7,295822.0
517,4a5cf927-5e23-4267-926e-9463e171f71e,26/04/2017 23:55:01,13,295815.0
518,4a5cf927-5e23-4267-926e-9463e171f71e,26/04/2017 22:55:02,13,295802.0
519,4a5cf927-5e23-4267-926e-9463e171f71e,26/04/2017 21:55:02,8,295789.0
520,4a5cf927-5e23-4267-926e-9463e171f71e,26/04/2017 20:55:02,5,295781.0
521,4a5cf927-5e23-4267-926e-9463e171f71e,26/04/2017 19:55:02,4,295776.0
522,4a5cf927-5e23-4267-926e-9463e171f71e,26/04/2017 18:55:07,68,295772.0
523,4a5cf927-5e23-4267-926e-9463e171f71e,26/04/2017 17:55:07,37,295704.0
524,4a5cf927-5e23-4267-926e-9463e171f71e,26/04/2017 16:55:07,24,295667.0
525,4a5cf927-5e23-4267-926e-9463e171f71e,26/04/2017 15:55:07,5,295643.0
526,4a5cf927-5e23-4267-926e-9463e171f71e,26/04/2017 14:55:02,15,295638.0
527,4a5cf927-5e23-4267-926e-9463e171f71e,26/04/2017 13:55:02,9,295623.0
528,4a5cf927-5e23-4267-926e-9463e171f71e,26/04/2017 12:55:02,20,295614.0
529,4a5cf927-5e23-4267-926e-9463e171f71e,26/04/2017 11:55:02,35,295594.0
530,4a5cf927-5e23-4267-926e-9463e171f71e,26/04/2017 10:55:03,44,295559.0
531,4a5cf927-5e23-4267-926e-9463e171f71e,26/04/2017 09:55:03,40,295515.0
532,4a5cf927-5e23-4267-926e-9463e171f71e,26/04/2017 08:55:03,0,295475.0
533,4a5cf927-5e23-4267-926e-9463e171f71e,26/04/2017 07:55:03,0,295475.0
534,4a5cf927-5e23-4267-926e-9463e171f71e,26/04/2017 06:55:03,0,295475.0
535,4a5cf927-5e23-4267-926e-9463e171f71e,26/04/2017 05:55:03,0,295475.0
536,4a5cf927-5e23-4267-926e-9463e171f71e,26/04/2017 04:55:03,0,295475.0
537,4a5cf927-5e23-4267-926e-9463e171f71e,26/04/2017 03:55:03,0,295475.0
538,4a5cf927-5e23-4267-926e-9463e171f71e,26/04/2017 02:55:04,7,295475.0
539,4a5cf927-5e23-4267-926e-9463e171f71e,26/04/2017 01:55:04,6,295468.0
540,4a5cf927-5e23-4267-926e-9463e171f71e,26/04/2017 00:55:04,0,295462.0
541,4a5cf927-5e23-4267-926e-9463e171f71e,25/04/2017 23:55:04,4,295462.0
542,4a5cf927-5e23-4267-926e-9463e171f71e,25/04/2017 22:55:04,7,295458.0
543,4a5cf927-5e23-4267-926e-9463e171f71e,25/04/2017 21:55:04,0,295451.0
544,4a5cf927-5e23-4267-926e-9463e171f71e,25/04/2017 20:55:04,0,295451.0
545,4a5cf927-5e23-4267-926e-9463e171f71e,25/04/2017 19:55:04,0,295451.0
546,4a5cf927-5e23-4267-926e-9463e171f71e,25/04/2017 18:55:06,21,295451.0
547,4a5cf927-5e23-4267-926e-9463e171f71e,25/04/2017 17:55:06,1,295430.0
548,4a5cf927-5e23-4267-926e-9463e171f71e,25/04/2017 16:55:06,7,295429.0
549,4a5cf927-5e23-4267-926e-9463e171f71e,25/04/2017 15:55:06,51,295422.0
550,4a5cf927-5e23-4267-926e-9463e171f71e,25/04/2017 14:55:04,12,295371.0
551,4a5cf927-5e23-4267-926e-9463e171f71e,25/04/2017 13:55:04,54,295359.0
552,4a5cf927-5e23-4267-926e-9463e171f71e,25/04/2017 12:55:04,0,295305.0
553,4a5cf927-5e23-4267-926e-9463e171f71e,25/04/2017 11:55:04,0,295305.0
554,4a5cf927-5e23-4267-926e-9463e171f71e,25/04/2017 10:55:09,18,295305.0
555,4a5cf927-5e23-4267-926e-9463e171f71e,25/04/2017 09:55:09,13,295287.0
556,4a5cf927-5e23-4267-926e-9463e171f71e,25/04/2017 08:55:09,15,295274.0
557,4a5cf927-5e23-4267-926e-9463e171f71e,25/04/2017 07:55:09,19,295259.0
558,4a5cf927-5e23-4267-926e-9463e171f71e,25/04/2017 06:55:04,0,295240.0
559,4a5cf927-5e23-4267-926e-9463e171f71e,25/04/2017 05:55:04,0,295240.0
560,4a5cf927-5e23-4267-926e-9463e171f71e,25/04/2017 04:55:04,0,295240.0
561,4a5cf927-5e23-4267-926e-9463e171f71e,25/04/2017 03:55:04,0,295240.0
562,4a5cf927-5e23-4267-926e-9463e171f71e,25/04/2017 02:55:11,0,295240.0
563,4a5cf927-5e23-4267-926e-9463e171f71e,25/04/2017 01:55:11,0,295240.0
564,4a5cf927-5e23-4267-926e-9463e171f71e,25/04/2017 00:55:11,0,295240.0
565,4a5cf927-5e23-4267-926e-9463e171f71e,24/04/2017 23:55:11,10,295240.0
566,4a5cf927-5e23-4267-926e-9463e171f71e,24/04/2017 22:55:07,0,295230.0
567,4a5cf927-5e23-4267-926e-9463e171f71e,24/04/2017 21:55:07,22,295230.0
568,4a5cf927-5e23-4267-926e-9463e171f71e,24/04/2017 20:55:07,0,295208.0
569,4a5cf927-5e23-4267-926e-9463e171f71e,24/04/2017 19:55:07,0,295208.0
570,4a5cf927-5e23-4267-926e-9463e171f71e,24/04/2017 18:55:12,6,295208.0
571,4a5cf927-5e23-4267-926e-9463e171f71e,24/04/2017 17:55:12,15,295202.0
572,4a5cf927-5e23-4267-926e-9463e171f71e,24/04/2017 16:55:12,27,295187.0
573,4a5cf927-5e23-4267-926e-9463e171f71e,24/04/2017 15:55:12,3,295160.0
574,4a5cf927-5e23-4267-926e-9463e171f71e,24/04/2017 14:55:08,4,295157.0
575,4a5cf927-5e23-4267-926e-9463e171f71e,24/04/2017 13:55:08,11,295153.0
576,4a5cf927-5e23-4267-926e-9463e171f71e,24/04/2017 12:55:08,57,295142.0
577,4a5cf927-5e23-4267-926e-9463e171f71e,24/04/2017 11:55:08,58,295085.0
578,4a5cf927-5e23-4267-926e-9463e171f71e,24/04/2017 10:55:09,12,295027.0
579,4a5cf927-5e23-4267-926e-9463e171f71e,24/04/2017 09:55:09,13,295015.0
580,4a5cf927-5e23-4267-926e-9463e171f71e,24/04/2017 08:55:09,0,295002.0
581,4a5cf927-5e23-4267-926e-9463e171f71e,24/04/2017 07:55:09,0,295002.0
582,4a5cf927-5e23-4267-926e-9463e171f71e,24/04/2017 02:55:10,1,295002.0
583,4a5cf927-5e23-4267-926e-9463e171f71e,24/04/2017 01:55:10,12,295001.0
584,4a5cf927-5e23-4267-926e-9463e171f71e,24/04/2017 00:55:10,0,294989.0
585,4a5cf927-5e23-4267-926e-9463e171f71e,23/04/2017 23:55:10,0,294989.0
586,4a5cf927-5e23-4267-926e-9463e171f71e,23/04/2017 22:55:08,0,294989.0
587,4a5cf927-5e23-4267-926e-9463e171f71e,23/04/2017 21:55:08,0,294989.0
588,4a5cf927-5e23-4267-926e-9463e171f71e,23/04/2017 20:55:08,0,294989.0
589,4a5cf927-5e23-4267-926e-9463e171f71e,23/04/2017 19:55:08,0,294989.0
590,4a5cf927-5e23-4267-926e-9463e171f71e,23/04/2017 18:55:10,17,294989.0
591,4a5cf927-5e23-4267-926e-9463e171f71e,23/04/2017 17:55:10,4,294972.0
592,4a5cf927-5e23-4267-926e-9463e171f71e,23/04/2017 16:55:10,4,294968.0
593,4a5cf927-5e23-4267-926e-9463e171f71e,23/04/2017 15:55:10,42,294964.0
594,4a5cf927-5e23-4267-926e-9463e171f71e,23/04/2017 14:55:09,59,294922.0
595,4a5cf927-5e23-4267-926e-9463e171f71e,23/04/2017 13:55:09,0,294863.0
596,4a5cf927-5e23-4267-926e-9463e171f71e,23/04/2017 12:55:09,6,294863.0
597,4a5cf927-5e23-4267-926e-9463e171f71e,23/04/2017 11:55:09,49,294857.0
598,4a5cf927-5e23-4267-926e-9463e171f71e,23/04/2017 10:55:11,0,294808.0
599,4a5cf927-5e23-4267-926e-9463e171f71e,23/04/2017 09:55:11,0,294808.0
600,4a5cf927-5e23-4267-926e-9463e171f71e,23/04/2017 08:55:11,0,294808.0
601,4a5cf927-5e23-4267-926e-9463e171f71e,23/04/2017 07:55:11,0,294808.0
602,4a5cf927-5e23-4267-926e-9463e171f71e,23/04/2017 06:55:09,21,294808.0
603,4a5cf927-5e23-4267-926e-9463e171f71e,23/04/2017 05:55:09,0,294787.0
604,4a5cf927-5e23-4267-926e-9463e171f71e,23/04/2017 04:55:09,0,294787.0
605,4a5cf927-5e23-4267-926e-9463e171f71e,23/04/2017 03:55:09,6,294787.0
606,4a5cf927-5e23-4267-926e-9463e171f71e,23/04/2017 02:55:12,0,294781.0
607,4a5cf927-5e23-4267-926e-9463e171f71e,23/04/2017 01:55:12,0,294781.0
608,4a5cf927-5e23-4267-926e-9463e171f71e,23/04/2017 00:55:12,0,294781.0
609,4a5cf927-5e23-4267-926e-9463e171f71e,22/04/2017 23:55:12,52,294781.0
610,4a5cf927-5e23-4267-926e-9463e171f71e,22/04/2017 22:55:10,0,294729.0
611,4a5cf927-5e23-4267-926e-9463e171f71e,22/04/2017 21:55:10,12,294729.0
612,4a5cf927-5e23-4267-926e-9463e171f71e,22/04/2017 20:55:10,7,294717.0
613,4a5cf927-5e23-4267-926e-9463e171f71e,22/04/2017 19:55:10,49,294710.0
614,4a5cf927-5e23-4267-926e-9463e171f71e,22/04/2017 18:55:12,6,294661.0
615,4a5cf927-5e23-4267-926e-9463e171f71e,22/04/2017 17:55:12,0,294655.0
616,4a5cf927-5e23-4267-926e-9463e171f71e,22/04/2017 16:55:12,31,294655.0
617,4a5cf927-5e23-4267-926e-9463e171f71e,22/04/2017 15:55:12,13,294624.0
618,4a5cf927-5e23-4267-926e-9463e171f71e,22/04/2017 14:55:12,13,294611.0
619,4a5cf927-5e23-4267-926e-9463e171f71e,22/04/2017 13:55:12,2,294598.0
620,4a5cf927-5e23-4267-926e-9463e171f71e,22/04/2017 12:55:12,32,294596.0
621,4a5cf927-5e23-4267-926e-9463e171f71e,22/04/2017 11:55:12,8,294564.0
622,4a5cf927-5e23-4267-926e-9463e171f71e,22/04/2017 10:55:14,19,294556.0
623,4a5cf927-5e23-4267-926e-9463e171f71e,22/04/2017 09:55:14,9,294537.0
624,4a5cf927-5e23-4267-926e-9463e171f71e,22/04/2017 08:55:14,0,294528.0
625,4a5cf927-5e23-4267-926e-9463e171f71e,22/04/2017 07:55:14,0,294528.0
626,4a5cf927-5e23-4267-926e-9463e171f71e,22/04/2017 06:55:14,0,294528.0
627,4a5cf927-5e23-4267-926e-9463e171f71e,22/04/2017 05:55:14,0,294528.0
628,4a5cf927-5e23-4267-926e-9463e171f71e,22/04/2017 04:55:14,0,294528.0
629,4a5cf927-5e23-4267-926e-9463e171f71e,22/04/2017 03:55:14,0,294528.0
630,4a5cf927-5e23-4267-926e-9463e171f71e,22/04/2017 02:55:15,0,294528.0
631,4a5cf927-5e23-4267-926e-9463e171f71e,22/04/2017 01:55:15,6,294528.0
632,4a5cf927-5e23-4267-926e-9463e171f71e,22/04/2017 00:55:15,0,294522.0
633,4a5cf927-5e23-4267-926e-9463e171f71e,21/04/2017 23:55:15,0,294522.0
634,4a5cf927-5e23-4267-926e-9463e171f71e,21/04/2017 22:55:22,0,294522.0
635,4a5cf927-5e23-4267-926e-9463e171f71e,21/04/2017 21:55:22,0,294522.0
636,4a5cf927-5e23-4267-926e-9463e171f71e,21/04/2017 20:55:22,0,294522.0
637,4a5cf927-5e23-4267-926e-9463e171f71e,21/04/2017 19:55:22,11,294522.0
638,4a5cf927-5e23-4267-926e-9463e171f71e,21/04/2017 18:55:21,16,294511.0
639,4a5cf927-5e23-4267-926e-9463e171f71e,21/04/2017 17:55:21,11,294495.0
640,4a5cf927-5e23-4267-926e-9463e171f71e,21/04/2017 16:55:21,10,294484.0
641,4a5cf927-5e23-4267-926e-9463e171f71e,21/04/2017 15:55:21,38,294474.0
642,4a5cf927-5e23-4267-926e-9463e171f71e,21/04/2017 14:55:13,12,294436.0
643,4a5cf927-5e23-4267-926e-9463e171f71e,21/04/2017 13:55:13,0,294424.0
644,4a5cf927-5e23-4267-926e-9463e171f71e,21/04/2017 12:55:13,0,294424.0
645,4a5cf927-5e23-4267-926e-9463e171f71e,21/04/2017 11:55:13,61,294424.0
646,4a5cf927-5e23-4267-926e-9463e171f71e,21/04/2017 10:55:20,52,294363.0
647,4a5cf927-5e23-4267-926e-9463e171f71e,21/04/2017 09:55:20,7,294311.0
648,4a5cf927-5e23-4267-926e-9463e171f71e,21/04/2017 08:55:20,6,294304.0
649,4a5cf927-5e23-4267-926e-9463e171f71e,21/04/2017 07:55:20,0,294298.0
650,4a5cf927-5e23-4267-926e-9463e171f71e,21/04/2017 06:55:32,0,294298.0
651,4a5cf927-5e23-4267-926e-9463e171f71e,21/04/2017 05:55:32,0,294298.0
652,4a5cf927-5e23-4267-926e-9463e171f71e,21/04/2017 04:55:32,0,294298.0
653,4a5cf927-5e23-4267-926e-9463e171f71e,21/04/2017 03:55:32,0,294298.0
654,4a5cf927-5e23-4267-926e-9463e171f71e,21/04/2017 02:55:17,0,294298.0
655,4a5cf927-5e23-4267-926e-9463e171f71e,21/04/2017 01:55:17,0,294298.0
656,4a5cf927-5e23-4267-926e-9463e171f71e,21/04/2017 00:55:17,0,294298.0
657,4a5cf927-5e23-4267-926e-9463e171f71e,20/04/2017 23:55:17,4,294298.0
658,4a5cf927-5e23-4267-926e-9463e171f71e,20/04/2017 22:55:14,0,294294.0
659,4a5cf927-5e23-4267-926e-9463e171f71e,20/04/2017 21:55:14,24,294294.0
660,4a5cf927-5e23-4267-926e-9463e171f71e,20/04/2017 20:55:14,9,294270.0
661,4a5cf927-5e23-4267-926e-9463e171f71e,20/04/2017 19:55:14,0,294261.0
662,4a5cf927-5e23-4267-926e-9463e171f71e,20/04/2017 18:52:42,0,294261.0
663,4a5cf927-5e23-4267-926e-9463e171f71e,20/04/2017 17:52:42,30,294261.0
664,4a5cf927-5e23-4267-926e-9463e171f71e,20/04/2017 16:52:42,11,294231.0
665,4a5cf927-5e23-4267-926e-9463e171f71e,20/04/2017 15:52:42,7,294220.0
666,4a5cf927-5e23-4267-926e-9463e171f71e,20/04/2017 14:52:37,11,294213.0
667,4a5cf927-5e23-4267-926e-9463e171f71e,20/04/2017 13:52:37,55,294202.0
668,4a5cf927-5e23-4267-926e-9463e171f71e,20/04/2017 12:52:37,24,294147.0
669,4a5cf927-5e23-4267-926e-9463e171f71e,20/04/2017 11:52:37,22,294123.0
670,4a5cf927-5e23-4267-926e-9463e171f71e,20/04/2017 10:52:36,22,294101.0
671,4a5cf927-5e23-4267-926e-9463e171f71e,20/04/2017 09:52:36,0,294079.0
672,4a5cf927-5e23-4267-926e-9463e171f71e,20/04/2017 08:52:36,12,294079.0
673,4a5cf927-5e23-4267-926e-9463e171f71e,20/04/2017 07:52:36,20,294067.0
674,4a5cf927-5e23-4267-926e-9463e171f71e,20/04/2017 06:52:46,0,294047.0
675,4a5cf927-5e23-4267-926e-9463e171f71e,20/04/2017 05:52:46,0,294047.0
676,4a5cf927-5e23-4267-926e-9463e171f71e,20/04/2017 04:52:46,0,294047.0
677,4a5cf927-5e23-4267-926e-9463e171f71e,20/04/2017 03:52:46,0,294047.0
678,4a5cf927-5e23-4267-926e-9463e171f71e,20/04/2017 02:00:26,0,294047.0
679,4a5cf927-5e23-4267-926e-9463e171f71e,20/04/2017 01:00:26,0,294047.0
680,4a5cf927-5e23-4267-926e-9463e171f71e,20/04/2017 00:00:26,53,294047.0
681,4a5cf927-5e23-4267-926e-9463e171f71e,19/04/2017 18:55:26,7,293994.0
682,4a5cf927-5e23-4267-926e-9463e171f71e,19/04/2017 17:55:26,0,293987.0
683,4a5cf927-5e23-4267-926e-9463e171f71e,19/04/2017 16:55:26,0,293987.0
684,4a5cf927-5e23-4267-926e-9463e171f71e,19/04/2017 15:55:26,33,293987.0
685,4a5cf927-5e23-4267-926e-9463e171f71e,19/04/2017 14:55:18,12,293954.0
686,4a5cf927-5e23-4267-926e-9463e171f71e,19/04/2017 13:55:18,34,293942.0
687,4a5cf927-5e23-4267-926e-9463e171f71e,19/04/2017 12:55:18,19,293908.0
688,4a5cf927-5e23-4267-926e-9463e171f71e,19/04/2017 11:55:18,102,293889.0
689,4a5cf927-5e23-4267-926e-9463e171f71e,19/04/2017 10:59:15,20,293787.0
690,4a5cf927-5e23-4267-926e-9463e171f71e,19/04/2017 09:59:15,13,293767.0
691,4a5cf927-5e23-4267-926e-9463e171f71e,19/04/2017 08:59:15,0,293754.0
692,4a5cf927-5e23-4267-926e-9463e171f71e,19/04/2017 07:59:15,0,293754.0
693,4a5cf927-5e23-4267-926e-9463e171f71e,19/04/2017 06:55:30,0,293754.0
694,4a5cf927-5e23-4267-926e-9463e171f71e,19/04/2017 05:55:30,0,293754.0
695,4a5cf927-5e23-4267-926e-9463e171f71e,19/04/2017 04:55:30,0,293754.0
696,4a5cf927-5e23-4267-926e-9463e171f71e,19/04/2017 03:55:30,0,293754.0
697,4a5cf927-5e23-4267-926e-9463e171f71e,19/04/2017 02:55:59,0,293754.0
698,4a5cf927-5e23-4267-926e-9463e171f71e,19/04/2017 01:55:59,0,293754.0
699,4a5cf927-5e23-4267-926e-9463e171f71e,19/04/2017 00:55:59,5,293754.0
700,4a5cf927-5e23-4267-926e-9463e171f71e,18/04/2017 23:55:59,22,293749.0
701,4a5cf927-5e23-4267-926e-9463e171f71e,18/04/2017 22:55:24,0,293727.0
702,4a5cf927-5e23-4267-926e-9463e171f71e,18/04/2017 21:55:24,14,293727.0
703,4a5cf927-5e23-4267-926e-9463e171f71e,18/04/2017 20:55:24,0,293713.0
704,4a5cf927-5e23-4267-926e-9463e171f71e,18/04/2017 19:55:24,0,293713.0
705,4a5cf927-5e23-4267-926e-9463e171f71e,18/04/2017 18:55:20,11,293713.0
706,4a5cf927-5e23-4267-926e-9463e171f71e,18/04/2017 17:55:20,11,293702.0
707,4a5cf927-5e23-4267-926e-9463e171f71e,18/04/2017 16:55:20,5,293691.0
708,4a5cf927-5e23-4267-926e-9463e171f71e,18/04/2017 15:55:20,5,293686.0
709,4a5cf927-5e23-4267-926e-9463e171f71e,18/04/2017 14:55:36,26,293681.0
710,4a5cf927-5e23-4267-926e-9463e171f71e,18/04/2017 13:55:36,12,293655.0
711,4a5cf927-5e23-4267-926e-9463e171f71e,18/04/2017 12:55:36,7,293643.0
712,4a5cf927-5e23-4267-926e-9463e171f71e,18/04/2017 11:55:36,10,293636.0
713,4a5cf927-5e23-4267-926e-9463e171f71e,18/04/2017 10:55:29,45,293626.0
714,4a5cf927-5e23-4267-926e-9463e171f71e,18/04/2017 09:55:29,19,293581.0
715,4a5cf927-5e23-4267-926e-9463e171f71e,18/04/2017 08:55:29,54,293562.0
716,4a5cf927-5e23-4267-926e-9463e171f71e,18/04/2017 07:55:29,0,293508.0
717,4a5cf927-5e23-4267-926e-9463e171f71e,18/04/2017 06:55:26,0,293508.0
718,4a5cf927-5e23-4267-926e-9463e171f71e,18/04/2017 05:55:26,0,293508.0
719,4a5cf927-5e23-4267-926e-9463e171f71e,18/04/2017 04:55:26,0,293508.0
720,4a5cf927-5e23-4267-926e-9463e171f71e,18/04/2017 03:55:26,0,293508.0
721,4a5cf927-5e23-4267-926e-9463e171f71e,18/04/2017 02:55:25,0,293508.0
722,4a5cf927-5e23-4267-926e-9463e171f71e,18/04/2017 01:55:25,0,293508.0
723,4a5cf927-5e23-4267-926e-9463e171f71e,18/04/2017 00:55:25,3,293508.0
724,4a5cf927-5e23-4267-926e-9463e171f71e,17/04/2017 23:55:25,0,293505.0
725,4a5cf927-5e23-4267-926e-9463e171f71e,17/04/2017 22:55:22,12,293505.0
726,4a5cf927-5e23-4267-926e-9463e171f71e,17/04/2017 21:55:22,0,293493.0
727,4a5cf927-5e23-4267-926e-9463e171f71e,17/04/2017 20:55:22,0,293493.0
728,4a5cf927-5e23-4267-926e-9463e171f71e,17/04/2017 19:55:22,0,293493.0
729,4a5cf927-5e23-4267-926e-9463e171f71e,17/04/2017 18:55:25,0,293493.0
730,4a5cf927-5e23-4267-926e-9463e171f71e,17/04/2017 17:55:25,0,293493.0
731,4a5cf927-5e23-4267-926e-9463e171f71e,17/04/2017 16:55:25,0,293493.0
732,4a5cf927-5e23-4267-926e-9463e171f71e,17/04/2017 15:55:25,0,293493.0
733,4a5cf927-5e23-4267-926e-9463e171f71e,17/04/2017 14:55:23,0,293493.0
734,4a5cf927-5e23-4267-926e-9463e171f71e,17/04/2017 13:55:23,11,293493.0
735,4a5cf927-5e23-4267-926e-9463e171f71e,17/04/2017 12:55:23,56,293482.0
736,4a5cf927-5e23-4267-926e-9463e171f71e,17/04/2017 11:55:23,50,293426.0
737,4a5cf927-5e23-4267-926e-9463e171f71e,17/04/2017 10:55:28,54,293376.0
738,4a5cf927-5e23-4267-926e-9463e171f71e,17/04/2017 09:55:28,0,293322.0
739,4a5cf927-5e23-4267-926e-9463e171f71e,17/04/2017 08:55:28,7,293322.0
740,4a5cf927-5e23-4267-926e-9463e171f71e,17/04/2017 07:55:28,14,293315.0
741,4a5cf927-5e23-4267-926e-9463e171f71e,17/04/2017 06:55:23,0,293301.0
742,4a5cf927-5e23-4267-926e-9463e171f71e,17/04/2017 05:55:23,0,293301.0
743,4a5cf927-5e23-4267-926e-9463e171f71e,17/04/2017 04:55:23,0,293301.0
744,4a5cf927-5e23-4267-926e-9463e171f71e,17/04/2017 03:55:23,0,293301.0
745,4a5cf927-5e23-4267-926e-9463e171f71e,17/04/2017 02:55:26,0,293301.0
746,4a5cf927-5e23-4267-926e-9463e171f71e,17/04/2017 01:55:26,0,293301.0
747,4a5cf927-5e23-4267-926e-9463e171f71e,17/04/2017 00:55:26,4,293301.0
748,4a5cf927-5e23-4267-926e-9463e171f71e,16/04/2017 23:55:26,9,293297.0
749,4a5cf927-5e23-4267-926e-9463e171f71e,16/04/2017 22:55:24,4,293288.0
750,4a5cf927-5e23-4267-926e-9463e171f71e,16/04/2017 21:55:24,0,293284.0
751,4a5cf927-5e23-4267-926e-9463e171f71e,16/04/2017 20:55:24,0,293284.0
752,4a5cf927-5e23-4267-926e-9463e171f71e,16/04/2017 19:55:24,0,293284.0
753,4a5cf927-5e23-4267-926e-9463e171f71e,16/04/2017 18:55:27,14,293284.0
754,4a5cf927-5e23-4267-926e-9463e171f71e,16/04/2017 17:55:27,6,293270.0
755,4a5cf927-5e23-4267-926e-9463e171f71e,16/04/2017 16:55:27,0,293264.0
756,4a5cf927-5e23-4267-926e-9463e171f71e,16/04/2017 15:55:27,49,293264.0
757,4a5cf927-5e23-4267-926e-9463e171f71e,16/04/2017 14:55:26,7,293215.0
758,4a5cf927-5e23-4267-926e-9463e171f71e,16/04/2017 13:55:26,10,293208.0
759,4a5cf927-5e23-4267-926e-9463e171f71e,16/04/2017 12:55:26,66,293198.0
760,4a5cf927-5e23-4267-926e-9463e171f71e,16/04/2017 11:55:26,44,293132.0
761,4a5cf927-5e23-4267-926e-9463e171f71e,16/04/2017 10:55:27,14,293088.0
762,4a5cf927-5e23-4267-926e-9463e171f71e,16/04/2017 09:55:27,2,293074.0
763,4a5cf927-5e23-4267-926e-9463e171f71e,16/04/2017 08:55:27,13,293072.0
764,4a5cf927-5e23-4267-926e-9463e171f71e,16/04/2017 07:55:27,0,293059.0
765,4a5cf927-5e23-4267-926e-9463e171f71e,16/04/2017 06:55:26,0,293059.0
766,4a5cf927-5e23-4267-926e-9463e171f71e,16/04/2017 05:55:26,0,293059.0
767,4a5cf927-5e23-4267-926e-9463e171f71e,16/04/2017 04:55:26,0,293059.0
768,4a5cf927-5e23-4267-926e-9463e171f71e,16/04/2017 03:55:26,3,293059.0
769,4a5cf927-5e23-4267-926e-9463e171f71e,16/04/2017 02:55:29,18,293056.0
770,4a5cf927-5e23-4267-926e-9463e171f71e,16/04/2017 01:55:29,8,293038.0
771,4a5cf927-5e23-4267-926e-9463e171f71e,16/04/2017 00:55:29,14,293030.0
772,4a5cf927-5e23-4267-926e-9463e171f71e,15/04/2017 23:55:29,10,293016.0
773,4a5cf927-5e23-4267-926e-9463e171f71e,15/04/2017 22:55:38,0,293006.0
774,4a5cf927-5e23-4267-926e-9463e171f71e,15/04/2017 21:55:38,0,293006.0
775,4a5cf927-5e23-4267-926e-9463e171f71e,15/04/2017 20:55:38,0,293006.0
776,4a5cf927-5e23-4267-926e-9463e171f71e,15/04/2017 19:55:38,15,293006.0
777,4a5cf927-5e23-4267-926e-9463e171f71e,15/04/2017 18:57:33,12,292991.0
778,4a5cf927-5e23-4267-926e-9463e171f71e,15/04/2017 17:57:33,4,292979.0
779,4a5cf927-5e23-4267-926e-9463e171f71e,15/04/2017 16:57:33,11,292975.0
780,4a5cf927-5e23-4267-926e-9463e171f71e,15/04/2017 15:57:33,12,292964.0
781,4a5cf927-5e23-4267-926e-9463e171f71e,15/04/2017 14:58:35,49,292952.0
782,4a5cf927-5e23-4267-926e-9463e171f71e,15/04/2017 13:58:35,6,292903.0
783,4a5cf927-5e23-4267-926e-9463e171f71e,15/04/2017 12:58:35,27,292897.0
784,4a5cf927-5e23-4267-926e-9463e171f71e,15/04/2017 11:58:35,63,292870.0
785,4a5cf927-5e23-4267-926e-9463e171f71e,15/04/2017 10:55:29,16,292807.0
786,4a5cf927-5e23-4267-926e-9463e171f71e,15/04/2017 09:55:29,10,292791.0
787,4a5cf927-5e23-4267-926e-9463e171f71e,15/04/2017 08:55:29,15,292781.0
788,4a5cf927-5e23-4267-926e-9463e171f71e,15/04/2017 07:55:29,0,292766.0
789,4a5cf927-5e23-4267-926e-9463e171f71e,15/04/2017 06:55:28,0,292766.0
790,4a5cf927-5e23-4267-926e-9463e171f71e,15/04/2017 05:55:28,0,292766.0
791,4a5cf927-5e23-4267-926e-9463e171f71e,15/04/2017 04:55:28,0,292766.0
792,4a5cf927-5e23-4267-926e-9463e171f71e,15/04/2017 03:55:28,33,292766.0
793,4a5cf927-5e23-4267-926e-9463e171f71e,14/04/2017 22:55:30,4,292733.0
794,4a5cf927-5e23-4267-926e-9463e171f71e,14/04/2017 21:55:30,0,292729.0
795,4a5cf927-5e23-4267-926e-9463e171f71e,14/04/2017 20:55:30,0,292729.0
796,4a5cf927-5e23-4267-926e-9463e171f71e,14/04/2017 19:55:30,0,292729.0
797,4a5cf927-5e23-4267-926e-9463e171f71e,14/04/2017 18:55:31,7,292729.0
798,4a5cf927-5e23-4267-926e-9463e171f71e,14/04/2017 17:55:31,57,292722.0
799,4a5cf927-5e23-4267-926e-9463e171f71e,14/04/2017 16:55:31,14,292665.0
800,4a5cf927-5e23-4267-926e-9463e171f71e,14/04/2017 15:55:31,17,292651.0
801,4a5cf927-5e23-4267-926e-9463e171f71e,14/04/2017 14:55:31,13,292634.0
802,4a5cf927-5e23-4267-926e-9463e171f71e,14/04/2017 13:55:31,60,292621.0
803,4a5cf927-5e23-4267-926e-9463e171f71e,14/04/2017 12:55:31,0,292561.0
804,4a5cf927-5e23-4267-926e-9463e171f71e,14/04/2017 11:55:31,15,292561.0
805,4a5cf927-5e23-4267-926e-9463e171f71e,14/04/2017 10:55:38,46,292546.0
806,4a5cf927-5e23-4267-926e-9463e171f71e,14/04/2017 09:55:38,4,292500.0
807,4a5cf927-5e23-4267-926e-9463e171f71e,14/04/2017 08:55:38,13,292496.0
808,4a5cf927-5e23-4267-926e-9463e171f71e,14/04/2017 07:55:38,20,292483.0
809,4a5cf927-5e23-4267-926e-9463e171f71e,14/04/2017 06:55:30,0,292463.0
810,4a5cf927-5e23-4267-926e-9463e171f71e,14/04/2017 05:55:30,0,292463.0
811,4a5cf927-5e23-4267-926e-9463e171f71e,14/04/2017 04:55:30,0,292463.0
812,4a5cf927-5e23-4267-926e-9463e171f71e,14/04/2017 03:55:30,0,292463.0
813,4a5cf927-5e23-4267-926e-9463e171f71e,14/04/2017 02:58:27,0,292463.0
814,4a5cf927-5e23-4267-926e-9463e171f71e,14/04/2017 01:58:27,2,292463.0
815,4a5cf927-5e23-4267-926e-9463e171f71e,14/04/2017 00:58:27,0,292461.0
816,4a5cf927-5e23-4267-926e-9463e171f71e,13/04/2017 23:58:27,14,292461.0
817,4a5cf927-5e23-4267-926e-9463e171f71e,13/04/2017 22:57:57,9,292447.0
818,4a5cf927-5e23-4267-926e-9463e171f71e,13/04/2017 21:57:57,8,292438.0
819,4a5cf927-5e23-4267-926e-9463e171f71e,13/04/2017 20:57:57,0,292430.0
820,4a5cf927-5e23-4267-926e-9463e171f71e,13/04/2017 19:57:57,0,292430.0
821,4a5cf927-5e23-4267-926e-9463e171f71e,13/04/2017 18:55:39,20,292430.0
822,4a5cf927-5e23-4267-926e-9463e171f71e,13/04/2017 17:55:39,0,292410.0
823,4a5cf927-5e23-4267-926e-9463e171f71e,13/04/2017 16:55:39,24,292410.0
824,4a5cf927-5e23-4267-926e-9463e171f71e,13/04/2017 15:55:39,10,292386.0
825,4a5cf927-5e23-4267-926e-9463e171f71e,13/04/2017 14:55:36,0,292376.0
826,4a5cf927-5e23-4267-926e-9463e171f71e,13/04/2017 13:55:36,64,292376.0
827,4a5cf927-5e23-4267-926e-9463e171f71e,13/04/2017 12:55:36,8,292312.0
828,4a5cf927-5e23-4267-926e-9463e171f71e,13/04/2017 11:55:36,32,292304.0
829,4a5cf927-5e23-4267-926e-9463e171f71e,13/04/2017 10:55:41,19,292272.0
830,4a5cf927-5e23-4267-926e-9463e171f71e,13/04/2017 09:55:41,0,292253.0
831,4a5cf927-5e23-4267-926e-9463e171f71e,13/04/2017 08:55:41,18,292253.0
832,4a5cf927-5e23-4267-926e-9463e171f71e,13/04/2017 07:55:41,0,292235.0
833,4a5cf927-5e23-4267-926e-9463e171f71e,13/04/2017 06:55:34,0,292235.0
834,4a5cf927-5e23-4267-926e-9463e171f71e,13/04/2017 05:55:34,0,292235.0
835,4a5cf927-5e23-4267-926e-9463e171f71e,13/04/2017 04:55:34,0,292235.0
836,4a5cf927-5e23-4267-926e-9463e171f71e,13/04/2017 03:16:17,0,292235.0
837,4a5cf927-5e23-4267-926e-9463e171f71e,13/04/2017 02:16:17,1,292235.0
838,4a5cf927-5e23-4267-926e-9463e171f71e,13/04/2017 01:16:17,17,292234.0
839,4a5cf927-5e23-4267-926e-9463e171f71e,13/04/2017 00:16:17,0,292217.0
840,4a5cf927-5e23-4267-926e-9463e171f71e,12/4/2017 22:55,1,292217.0
841,4a5cf927-5e23-4267-926e-9463e171f71e,12/4/2017 21:55,2,292216.0
842,4a5cf927-5e23-4267-926e-9463e171f71e,12/4/2017 20:55,15,292214.0
843,4a5cf927-5e23-4267-926e-9463e171f71e,12/4/2017 19:55,5,292199.0
844,4a5cf927-5e23-4267-926e-9463e171f71e,12/4/2017 18:55,15,292194.0
845,4a5cf927-5e23-4267-926e-9463e171f71e,12/4/2017 17:55,15,292179.0
846,4a5cf927-5e23-4267-926e-9463e171f71e,12/4/2017 16:55,4,292164.0
847,4a5cf927-5e23-4267-926e-9463e171f71e,12/4/2017 15:55,25,292160.0
848,4a5cf927-5e23-4267-926e-9463e171f71e,12/4/2017 14:55,39,292135.0
849,4a5cf927-5e23-4267-926e-9463e171f71e,12/4/2017 13:55,17,292096.0
850,4a5cf927-5e23-4267-926e-9463e171f71e,12/4/2017 12:55,0,292079.0
851,4a5cf927-5e23-4267-926e-9463e171f71e,12/4/2017 11:55,23,292079.0
852,4a5cf927-5e23-4267-926e-9463e171f71e,12/4/2017 10:55,25,292056.0
853,4a5cf927-5e23-4267-926e-9463e171f71e,12/4/2017 9:55,13,292031.0
854,4a5cf927-5e23-4267-926e-9463e171f71e,12/4/2017 8:55,0,292018.0
855,4a5cf927-5e23-4267-926e-9463e171f71e,12/4/2017 7:55,0,292018.0
856,4a5cf927-5e23-4267-926e-9463e171f71e,12/4/2017 6:55,0,292018.0
857,4a5cf927-5e23-4267-926e-9463e171f71e,12/4/2017 5:55,0,292018.0
858,4a5cf927-5e23-4267-926e-9463e171f71e,12/4/2017 4:55,0,292018.0
859,4a5cf927-5e23-4267-926e-9463e171f71e,12/4/2017 3:55,0,292018.0
860,4a5cf927-5e23-4267-926e-9463e171f71e,12/4/2017 2:55,0,292018.0
861,4a5cf927-5e23-4267-926e-9463e171f71e,12/4/2017 1:55,0,292018.0
862,4a5cf927-5e23-4267-926e-9463e171f71e,12/4/2017 0:55,3,292018.0
863,4a5cf927-5e23-4267-926e-9463e171f71e,11/4/2017 23:55,2,292015.0
864,4a5cf927-5e23-4267-926e-9463e171f71e,11/4/2017 22:55,14,292013.0
865,4a5cf927-5e23-4267-926e-9463e171f71e,11/4/2017 21:55,0,291999.0
866,4a5cf927-5e23-4267-926e-9463e171f71e,11/4/2017 20:55,0,291999.0
867,4a5cf927-5e23-4267-926e-9463e171f71e,11/4/2017 19:55,0,291999.0
868,4a5cf927-5e23-4267-926e-9463e171f71e,11/4/2017 18:55,15,291999.0
869,4a5cf927-5e23-4267-926e-9463e171f71e,11/4/2017 17:55,17,291984.0
870,4a5cf927-5e23-4267-926e-9463e171f71e,11/4/2017 16:55,63,291967.0
871,4a5cf927-5e23-4267-926e-9463e171f71e,11/4/2017 15:55,29,291904.0
872,4a5cf927-5e23-4267-926e-9463e171f71e,11/4/2017 14:55,49,291875.0
873,4a5cf927-5e23-4267-926e-9463e171f71e,11/4/2017 13:55,9,291826.0
874,4a5cf927-5e23-4267-926e-9463e171f71e,11/4/2017 12:55,7,291817.0
875,4a5cf927-5e23-4267-926e-9463e171f71e,11/4/2017 11:55,2,291810.0
876,4a5cf927-5e23-4267-926e-9463e171f71e,11/4/2017 10:55,18,291808.0
877,4a5cf927-5e23-4267-926e-9463e171f71e,11/4/2017 9:55,0,291790.0
878,4a5cf927-5e23-4267-926e-9463e171f71e,11/4/2017 8:55,13,291790.0
879,4a5cf927-5e23-4267-926e-9463e171f71e,11/4/2017 7:55,25,291777.0
880,4a5cf927-5e23-4267-926e-9463e171f71e,11/4/2017 6:55,0,291752.0
881,4a5cf927-5e23-4267-926e-9463e171f71e,11/4/2017 5:55,0,291752.0
882,4a5cf927-5e23-4267-926e-9463e171f71e,11/4/2017 4:55,3,291752.0
883,4a5cf927-5e23-4267-926e-9463e171f71e,11/4/2017 3:55,0,291749.0
884,4a5cf927-5e23-4267-926e-9463e171f71e,11/4/2017 2:55,0,291749.0
885,4a5cf927-5e23-4267-926e-9463e171f71e,11/4/2017 1:55,0,291749.0
886,4a5cf927-5e23-4267-926e-9463e171f71e,11/4/2017 0:55,0,291749.0
887,4a5cf927-5e23-4267-926e-9463e171f71e,10/4/2017 23:55,18,291749.0
888,4a5cf927-5e23-4267-926e-9463e171f71e,10/4/2017 22:55,1,291731.0
889,4a5cf927-5e23-4267-926e-9463e171f71e,10/4/2017 21:55,7,291730.0
890,4a5cf927-5e23-4267-926e-9463e171f71e,10/4/2017 20:55,0,291723.0
891,4a5cf927-5e23-4267-926e-9463e171f71e,10/4/2017 19:55,5,291723.0
892,4a5cf927-5e23-4267-926e-9463e171f71e,10/4/2017 18:55,11,291718.0
893,4a5cf927-5e23-4267-926e-9463e171f71e,10/4/2017 17:55,0,291707.0
894,4a5cf927-5e23-4267-926e-9463e171f71e,10/4/2017 16:55,0,291707.0
895,4a5cf927-5e23-4267-926e-9463e171f71e,10/4/2017 15:55,25,291707.0
896,4a5cf927-5e23-4267-926e-9463e171f71e,10/4/2017 14:55,0,291682.0
897,4a5cf927-5e23-4267-926e-9463e171f71e,10/4/2017 13:55,0,291682.0
898,4a5cf927-5e23-4267-926e-9463e171f71e,10/4/2017 12:55,15,291682.0
899,4a5cf927-5e23-4267-926e-9463e171f71e,10/4/2017 11:55,67,291667.0
900,4a5cf927-5e23-4267-926e-9463e171f71e,10/4/2017 10:55,36,291600.0
901,4a5cf927-5e23-4267-926e-9463e171f71e,10/4/2017 9:55,1,291564.0
902,4a5cf927-5e23-4267-926e-9463e171f71e,10/4/2017 8:55,0,291563.0
903,4a5cf927-5e23-4267-926e-9463e171f71e,10/4/2017 7:55,0,291563.0
904,4a5cf927-5e23-4267-926e-9463e171f71e,10/4/2017 6:55,0,291563.0
905,4a5cf927-5e23-4267-926e-9463e171f71e,10/4/2017 5:55,0,291563.0
906,4a5cf927-5e23-4267-926e-9463e171f71e,10/4/2017 4:55,0,291563.0
907,4a5cf927-5e23-4267-926e-9463e171f71e,10/4/2017 3:55,0,291563.0
908,4a5cf927-5e23-4267-926e-9463e171f71e,10/4/2017 2:55,6,291563.0
909,4a5cf927-5e23-4267-926e-9463e171f71e,10/4/2017 1:55,0,291557.0
910,4a5cf927-5e23-4267-926e-9463e171f71e,10/4/2017 0:55,0,291557.0
911,4a5cf927-5e23-4267-926e-9463e171f71e,9/4/2017 23:55,0,291557.0
912,4a5cf927-5e23-4267-926e-9463e171f71e,9/4/2017 22:55,3,291557.0
913,4a5cf927-5e23-4267-926e-9463e171f71e,9/4/2017 21:55,0,291554.0
914,4a5cf927-5e23-4267-926e-9463e171f71e,9/4/2017 20:55,0,291554.0
915,4a5cf927-5e23-4267-926e-9463e171f71e,9/4/2017 19:55,12,291554.0
916,4a5cf927-5e23-4267-926e-9463e171f71e,9/4/2017 18:55,9,291542.0
917,4a5cf927-5e23-4267-926e-9463e171f71e,9/4/2017 17:55,8,291533.0
918,4a5cf927-5e23-4267-926e-9463e171f71e,9/4/2017 16:55,48,291525.0
919,4a5cf927-5e23-4267-926e-9463e171f71e,9/4/2017 15:55,19,291477.0
920,4a5cf927-5e23-4267-926e-9463e171f71e,9/4/2017 14:55,0,291458.0
921,4a5cf927-5e23-4267-926e-9463e171f71e,9/4/2017 13:55,2,291458.0
922,4a5cf927-5e23-4267-926e-9463e171f71e,9/4/2017 12:55,44,291456.0
923,4a5cf927-5e23-4267-926e-9463e171f71e,9/4/2017 11:55,48,291412.0
924,4a5cf927-5e23-4267-926e-9463e171f71e,9/4/2017 10:55,5,291364.0
925,4a5cf927-5e23-4267-926e-9463e171f71e,9/4/2017 9:55,0,291359.0
926,4a5cf927-5e23-4267-926e-9463e171f71e,9/4/2017 8:55,0,291359.0
927,4a5cf927-5e23-4267-926e-9463e171f71e,9/4/2017 7:55,0,291359.0
928,4a5cf927-5e23-4267-926e-9463e171f71e,9/4/2017 6:55,0,291359.0
929,4a5cf927-5e23-4267-926e-9463e171f71e,9/4/2017 5:55,0,291359.0
930,4a5cf927-5e23-4267-926e-9463e171f71e,9/4/2017 4:55,0,291359.0
931,4a5cf927-5e23-4267-926e-9463e171f71e,9/4/2017 3:55,0,291359.0
932,4a5cf927-5e23-4267-926e-9463e171f71e,9/4/2017 2:55,3,291359.0
933,4a5cf927-5e23-4267-926e-9463e171f71e,9/4/2017 1:55,0,291356.0
934,4a5cf927-5e23-4267-926e-9463e171f71e,9/4/2017 0:55,0,291356.0
935,4a5cf927-5e23-4267-926e-9463e171f71e,8/4/2017 23:55,13,291356.0
936,4a5cf927-5e23-4267-926e-9463e171f71e,8/4/2017 22:55,0,291343.0
937,4a5cf927-5e23-4267-926e-9463e171f71e,8/4/2017 21:55,11,291343.0
938,4a5cf927-5e23-4267-926e-9463e171f71e,8/4/2017 20:55,8,291332.0
939,4a5cf927-5e23-4267-926e-9463e171f71e,8/4/2017 19:55,0,291324.0
940,4a5cf927-5e23-4267-926e-9463e171f71e,8/4/2017 18:55,6,291324.0
941,4a5cf927-5e23-4267-926e-9463e171f71e,8/4/2017 17:55,10,291318.0
942,4a5cf927-5e23-4267-926e-9463e171f71e,8/4/2017 16:55,31,291308.0
943,4a5cf927-5e23-4267-926e-9463e171f71e,8/4/2017 15:55,8,291277.0
944,4a5cf927-5e23-4267-926e-9463e171f71e,8/4/2017 14:55,9,291269.0
945,4a5cf927-5e23-4267-926e-9463e171f71e,8/4/2017 13:55,10,291260.0
946,4a5cf927-5e23-4267-926e-9463e171f71e,8/4/2017 12:55,62,291250.0
947,4a5cf927-5e23-4267-926e-9463e171f71e,8/4/2017 11:55,21,291188.0
948,4a5cf927-5e23-4267-926e-9463e171f71e,8/4/2017 10:55,8,291167.0
949,4a5cf927-5e23-4267-926e-9463e171f71e,8/4/2017 9:55,7,291159.0
950,4a5cf927-5e23-4267-926e-9463e171f71e,8/4/2017 8:55,0,291152.0
951,4a5cf927-5e23-4267-926e-9463e171f71e,8/4/2017 7:55,0,291152.0
952,4a5cf927-5e23-4267-926e-9463e171f71e,8/4/2017 6:55,0,291152.0
953,4a5cf927-5e23-4267-926e-9463e171f71e,8/4/2017 5:55,0,291152.0
954,4a5cf927-5e23-4267-926e-9463e171f71e,8/4/2017 4:55,0,291152.0
955,4a5cf927-5e23-4267-926e-9463e171f71e,8/4/2017 3:55,0,291152.0
956,4a5cf927-5e23-4267-926e-9463e171f71e,8/4/2017 2:55,0,291152.0
957,4a5cf927-5e23-4267-926e-9463e171f71e,8/4/2017 1:55,19,291152.0
958,4a5cf927-5e23-4267-926e-9463e171f71e,8/4/2017 0:55,0,291133.0
959,4a5cf927-5e23-4267-926e-9463e171f71e,7/4/2017 23:55,0,291133.0
960,4a5cf927-5e23-4267-926e-9463e171f71e,7/4/2017 22:55,0,291133.0
961,4a5cf927-5e23-4267-926e-9463e171f71e,7/4/2017 21:55,0,291133.0
962,4a5cf927-5e23-4267-926e-9463e171f71e,7/4/2017 20:55,0,291133.0
963,4a5cf927-5e23-4267-926e-9463e171f71e,7/4/2017 19:55,0,291133.0
964,4a5cf927-5e23-4267-926e-9463e171f71e,7/4/2017 18:55,29,291133.0
965,4a5cf927-5e23-4267-926e-9463e171f71e,7/4/2017 17:55,0,291104.0
966,4a5cf927-5e23-4267-926e-9463e171f71e,7/4/2017 16:55,28,291104.0
967,4a5cf927-5e23-4267-926e-9463e171f71e,7/4/2017 15:55,7,291076.0
968,4a5cf927-5e23-4267-926e-9463e171f71e,7/4/2017 14:55,0,291069.0
969,4a5cf927-5e23-4267-926e-9463e171f71e,7/4/2017 13:55,22,291069.0
970,4a5cf927-5e23-4267-926e-9463e171f71e,7/4/2017 12:55,51,291047.0
971,4a5cf927-5e23-4267-926e-9463e171f71e,7/4/2017 11:55,37,290996.0
972,4a5cf927-5e23-4267-926e-9463e171f71e,7/4/2017 10:55,28,290959.0
973,4a5cf927-5e23-4267-926e-9463e171f71e,7/4/2017 9:55,56,290931.0
974,4a5cf927-5e23-4267-926e-9463e171f71e,7/4/2017 8:55,10,290875.0
975,4a5cf927-5e23-4267-926e-9463e171f71e,7/4/2017 7:55,0,290865.0
976,4a5cf927-5e23-4267-926e-9463e171f71e,7/4/2017 6:55,0,290865.0
977,4a5cf927-5e23-4267-926e-9463e171f71e,7/4/2017 5:55,0,290865.0
978,4a5cf927-5e23-4267-926e-9463e171f71e,7/4/2017 4:55,0,290865.0
979,4a5cf927-5e23-4267-926e-9463e171f71e,7/4/2017 3:55,0,290865.0
980,4a5cf927-5e23-4267-926e-9463e171f71e,7/4/2017 2:55,0,290865.0
981,4a5cf927-5e23-4267-926e-9463e171f71e,7/4/2017 1:55,0,290865.0
982,4a5cf927-5e23-4267-926e-9463e171f71e,7/4/2017 0:55,9,290865.0
983,4a5cf927-5e23-4267-926e-9463e171f71e,6/4/2017 23:55,5,290856.0
984,4a5cf927-5e23-4267-926e-9463e171f71e,6/4/2017 22:55,4,290851.0
985,4a5cf927-5e23-4267-926e-9463e171f71e,6/4/2017 21:55,0,290847.0
986,4a5cf927-5e23-4267-926e-9463e171f71e,6/4/2017 20:55,0,290847.0
987,4a5cf927-5e23-4267-926e-9463e171f71e,6/4/2017 19:55,5,290847.0
988,4a5cf927-5e23-4267-926e-9463e171f71e,6/4/2017 18:55,7,290842.0
989,4a5cf927-5e23-4267-926e-9463e171f71e,6/4/2017 17:55,5,290835.0
990,4a5cf927-5e23-4267-926e-9463e171f71e,6/4/2017 16:55,0,290830.0
991,4a5cf927-5e23-4267-926e-9463e171f71e,6/4/2017 15:55,49,290830.0
992,4a5cf927-5e23-4267-926e-9463e171f71e,6/4/2017 14:56,3,290781.0
993,4a5cf927-5e23-4267-926e-9463e171f71e,6/4/2017 13:56,44,290778.0
994,4a5cf927-5e23-4267-926e-9463e171f71e,6/4/2017 12:56,15,290734.0
995,4a5cf927-5e23-4267-926e-9463e171f71e,6/4/2017 11:56,58,290719.0
996,4a5cf927-5e23-4267-926e-9463e171f71e,6/4/2017 10:56,3,290661.0
997,4a5cf927-5e23-4267-926e-9463e171f71e,6/4/2017 9:56,4,290658.0
998,4a5cf927-5e23-4267-926e-9463e171f71e,6/4/2017 8:56,23,290654.0
999,4a5cf927-5e23-4267-926e-9463e171f71e,6/4/2017 7:56,12,290631.0
1000,4a5cf927-5e23-4267-926e-9463e171f71e,6/4/2017 6:55,0,290619.0
1001,4a5cf927-5e23-4267-926e-9463e171f71e,6/4/2017 5:55,0,290619.0
1002,4a5cf927-5e23-4267-926e-9463e171f71e,6/4/2017 4:55,0,290619.0
1003,4a5cf927-5e23-4267-926e-9463e171f71e,6/4/2017 3:55,0,290619.0
1004,4a5cf927-5e23-4267-926e-9463e171f71e,6/4/2017 2:55,0,290619.0
1005,4a5cf927-5e23-4267-926e-9463e171f71e,6/4/2017 1:55,4,290619.0
1006,4a5cf927-5e23-4267-926e-9463e171f71e,6/4/2017 0:55,2,290615.0
1007,4a5cf927-5e23-4267-926e-9463e171f71e,5/4/2017 23:55,1,290613.0
1008,4a5cf927-5e23-4267-926e-9463e171f71e,5/4/2017 22:55,18,290612.0
1009,4a5cf927-5e23-4267-926e-9463e171f71e,5/4/2017 21:55,0,290594.0
1010,4a5cf927-5e23-4267-926e-9463e171f71e,5/4/2017 20:55,0,290594.0
1011,4a5cf927-5e23-4267-926e-9463e171f71e,5/4/2017 19:55,0,290594.0
1012,4a5cf927-5e23-4267-926e-9463e171f71e,5/4/2017 18:58,0,290594.0
1013,4a5cf927-5e23-4267-926e-9463e171f71e,5/4/2017 17:58,0,290594.0
1014,4a5cf927-5e23-4267-926e-9463e171f71e,5/4/2017 16:58,10,290594.0
1015,4a5cf927-5e23-4267-926e-9463e171f71e,5/4/2017 15:58,0,290584.0
1016,4a5cf927-5e23-4267-926e-9463e171f71e,5/4/2017 14:56,9,290584.0
1017,4a5cf927-5e23-4267-926e-9463e171f71e,5/4/2017 13:56,12,290575.0
1018,4a5cf927-5e23-4267-926e-9463e171f71e,5/4/2017 12:56,17,290563.0
1019,4a5cf927-5e23-4267-926e-9463e171f71e,5/4/2017 11:56,28,290546.0
1020,4a5cf927-5e23-4267-926e-9463e171f71e,5/4/2017 10:55,82,290518.0
1021,4a5cf927-5e23-4267-926e-9463e171f71e,5/4/2017 9:55,20,290436.0
1022,4a5cf927-5e23-4267-926e-9463e171f71e,5/4/2017 8:55,1,290416.0
1023,4a5cf927-5e23-4267-926e-9463e171f71e,5/4/2017 7:55,0,290415.0
1024,4a5cf927-5e23-4267-926e-9463e171f71e,5/4/2017 6:55,0,290415.0
1025,4a5cf927-5e23-4267-926e-9463e171f71e,5/4/2017 5:55,0,290415.0
1026,4a5cf927-5e23-4267-926e-9463e171f71e,5/4/2017 4:55,0,290415.0
1027,4a5cf927-5e23-4267-926e-9463e171f71e,5/4/2017 3:55,4,290415.0
1028,4a5cf927-5e23-4267-926e-9463e171f71e,4/4/2017 22:55,25,290411.0
1029,4a5cf927-5e23-4267-926e-9463e171f71e,4/4/2017 21:55,51,290386.0
1030,4a5cf927-5e23-4267-926e-9463e171f71e,4/4/2017 20:55,0,290335.0
1031,4a5cf927-5e23-4267-926e-9463e171f71e,4/4/2017 19:55,0,290335.0
1032,4a5cf927-5e23-4267-926e-9463e171f71e,4/4/2017 18:55,25,290335.0
1033,4a5cf927-5e23-4267-926e-9463e171f71e,4/4/2017 17:55,0,290310.0
1034,4a5cf927-5e23-4267-926e-9463e171f71e,4/4/2017 16:55,0,290310.0
1035,4a5cf927-5e23-4267-926e-9463e171f71e,4/4/2017 15:55,31,290310.0
1036,4a5cf927-5e23-4267-926e-9463e171f71e,4/4/2017 14:56,0,290279.0
1037,4a5cf927-5e23-4267-926e-9463e171f71e,4/4/2017 13:56,53,290279.0
1038,4a5cf927-5e23-4267-926e-9463e171f71e,4/4/2017 12:56,0,290226.0
1039,4a5cf927-5e23-4267-926e-9463e171f71e,4/4/2017 11:56,24,290226.0
1040,4a5cf927-5e23-4267-926e-9463e171f71e,4/4/2017 10:55,17,290202.0
1041,4a5cf927-5e23-4267-926e-9463e171f71e,4/4/2017 9:55,1,290185.0
1042,4a5cf927-5e23-4267-926e-9463e171f71e,4/4/2017 8:55,60,290184.0
1043,4a5cf927-5e23-4267-926e-9463e171f71e,4/4/2017 7:55,21,290124.0
1044,4a5cf927-5e23-4267-926e-9463e171f71e,4/4/2017 6:56,0,290103.0
1045,4a5cf927-5e23-4267-926e-9463e171f71e,4/4/2017 5:56,0,290103.0
1046,4a5cf927-5e23-4267-926e-9463e171f71e,4/4/2017 4:56,0,290103.0
1047,4a5cf927-5e23-4267-926e-9463e171f71e,4/4/2017 3:56,0,290103.0
1048,4a5cf927-5e23-4267-926e-9463e171f71e,4/4/2017 2:55,0,290103.0
1049,4a5cf927-5e23-4267-926e-9463e171f71e,4/4/2017 1:55,0,290103.0
1050,4a5cf927-5e23-4267-926e-9463e171f71e,4/4/2017 0:55,2,290103.0
1051,4a5cf927-5e23-4267-926e-9463e171f71e,3/4/2017 23:55,0,290101.0
1052,4a5cf927-5e23-4267-926e-9463e171f71e,3/4/2017 22:56,4,290101.0
1053,4a5cf927-5e23-4267-926e-9463e171f71e,3/4/2017 21:56,5,290097.0
1054,4a5cf927-5e23-4267-926e-9463e171f71e,3/4/2017 20:56,0,290092.0
1055,4a5cf927-5e23-4267-926e-9463e171f71e,3/4/2017 19:56,0,290092.0
1056,4a5cf927-5e23-4267-926e-9463e171f71e,3/4/2017 18:55,6,290092.0
1057,4a5cf927-5e23-4267-926e-9463e171f71e,3/4/2017 17:55,16,290086.0
1058,4a5cf927-5e23-4267-926e-9463e171f71e,3/4/2017 16:55,16,290070.0
1059,4a5cf927-5e23-4267-926e-9463e171f71e,3/4/2017 15:55,22,290054.0
1060,4a5cf927-5e23-4267-926e-9463e171f71e,3/4/2017 14:57,6,290032.0
1061,4a5cf927-5e23-4267-926e-9463e171f71e,3/4/2017 13:57,0,290026.0
1062,4a5cf927-5e23-4267-926e-9463e171f71e,3/4/2017 12:57,0,290026.0
1063,4a5cf927-5e23-4267-926e-9463e171f71e,3/4/2017 11:57,11,290026.0
1064,4a5cf927-5e23-4267-926e-9463e171f71e,3/4/2017 10:55,77,290015.0
1065,4a5cf927-5e23-4267-926e-9463e171f71e,3/4/2017 9:55,9,289938.0
1066,4a5cf927-5e23-4267-926e-9463e171f71e,3/4/2017 8:55,15,289929.0
1067,4a5cf927-5e23-4267-926e-9463e171f71e,3/4/2017 7:55,0,289914.0
1068,4a5cf927-5e23-4267-926e-9463e171f71e,3/4/2017 6:56,0,289914.0
1069,4a5cf927-5e23-4267-926e-9463e171f71e,3/4/2017 5:56,0,289914.0
1070,4a5cf927-5e23-4267-926e-9463e171f71e,3/4/2017 4:56,0,289914.0
1071,4a5cf927-5e23-4267-926e-9463e171f71e,3/4/2017 3:56,0,289914.0
1072,4a5cf927-5e23-4267-926e-9463e171f71e,3/4/2017 2:56,0,289914.0
1073,4a5cf927-5e23-4267-926e-9463e171f71e,3/4/2017 1:56,15,289914.0
1074,4a5cf927-5e23-4267-926e-9463e171f71e,3/4/2017 0:56,5,289899.0
1075,4a5cf927-5e23-4267-926e-9463e171f71e,2/4/2017 23:56,2,289894.0
1076,4a5cf927-5e23-4267-926e-9463e171f71e,2/4/2017 22:56,7,289892.0
1077,4a5cf927-5e23-4267-926e-9463e171f71e,2/4/2017 21:56,9,289885.0
1078,4a5cf927-5e23-4267-926e-9463e171f71e,2/4/2017 20:56,11,289876.0
1079,4a5cf927-5e23-4267-926e-9463e171f71e,2/4/2017 19:56,4,289865.0
1080,4a5cf927-5e23-4267-926e-9463e171f71e,2/4/2017 18:56,11,289861.0
1081,4a5cf927-5e23-4267-926e-9463e171f71e,2/4/2017 17:56,14,289850.0
1082,4a5cf927-5e23-4267-926e-9463e171f71e,2/4/2017 16:56,33,289836.0
1083,4a5cf927-5e23-4267-926e-9463e171f71e,2/4/2017 15:56,59,289803.0
1084,4a5cf927-5e23-4267-926e-9463e171f71e,2/4/2017 14:56,14,289744.0
1085,4a5cf927-5e23-4267-926e-9463e171f71e,2/4/2017 13:56,12,289730.0
1086,4a5cf927-5e23-4267-926e-9463e171f71e,2/4/2017 12:56,77,289718.0
1087,4a5cf927-5e23-4267-926e-9463e171f71e,2/4/2017 11:56,42,289641.0
1088,4a5cf927-5e23-4267-926e-9463e171f71e,2/4/2017 10:56,10,289599.0
1089,4a5cf927-5e23-4267-926e-9463e171f71e,2/4/2017 9:56,1,289589.0
1090,4a5cf927-5e23-4267-926e-9463e171f71e,2/4/2017 8:56,0,289588.0
1091,4a5cf927-5e23-4267-926e-9463e171f71e,2/4/2017 7:56,0,289588.0
1092,4a5cf927-5e23-4267-926e-9463e171f71e,2/4/2017 6:56,0,289588.0
1093,4a5cf927-5e23-4267-926e-9463e171f71e,2/4/2017 5:56,0,289588.0
1094,4a5cf927-5e23-4267-926e-9463e171f71e,2/4/2017 4:56,0,289588.0
1095,4a5cf927-5e23-4267-926e-9463e171f71e,2/4/2017 3:56,0,289588.0
1096,4a5cf927-5e23-4267-926e-9463e171f71e,2/4/2017 2:56,19,289588.0
1097,4a5cf927-5e23-4267-926e-9463e171f71e,2/4/2017 1:56,8,289569.0
1098,4a5cf927-5e23-4267-926e-9463e171f71e,2/4/2017 0:56,0,289561.0
1099,4a5cf927-5e23-4267-926e-9463e171f71e,1/4/2017 23:56,4,289561.0
1100,4a5cf927-5e23-4267-926e-9463e171f71e,1/4/2017 22:56,14,289557.0
1101,4a5cf927-5e23-4267-926e-9463e171f71e,1/4/2017 21:56,0,289543.0
1102,4a5cf927-5e23-4267-926e-9463e171f71e,1/4/2017 20:56,0,289543.0
1103,4a5cf927-5e23-4267-926e-9463e171f71e,1/4/2017 19:56,22,289543.0
1104,4a5cf927-5e23-4267-926e-9463e171f71e,1/4/2017 18:56,4,289521.0
1105,4a5cf927-5e23-4267-926e-9463e171f71e,1/4/2017 17:56,0,289517.0
1106,4a5cf927-5e23-4267-926e-9463e171f71e,1/4/2017 16:56,4,289517.0
1107,4a5cf927-5e23-4267-926e-9463e171f71e,1/4/2017 15:56,3,289513.0
1108,4a5cf927-5e23-4267-926e-9463e171f71e,1/4/2017 14:56,2,289510.0
1109,4a5cf927-5e23-4267-926e-9463e171f71e,1/4/2017 13:56,59,289508.0
1110,4a5cf927-5e23-4267-926e-9463e171f71e,1/4/2017 12:56,60,289449.0
1111,4a5cf927-5e23-4267-926e-9463e171f71e,1/4/2017 11:56,17,289389.0
1112,4a5cf927-5e23-4267-926e-9463e171f71e,1/4/2017 10:56,4,289372.0
1113,4a5cf927-5e23-4267-926e-9463e171f71e,1/4/2017 9:56,7,289368.0
1114,4a5cf927-5e23-4267-926e-9463e171f71e,1/4/2017 8:56,0,289361.0
1115,4a5cf927-5e23-4267-926e-9463e171f71e,1/4/2017 7:56,0,289361.0
1116,4a5cf927-5e23-4267-926e-9463e171f71e,1/4/2017 6:56,0,289361.0
1117,4a5cf927-5e23-4267-926e-9463e171f71e,1/4/2017 5:56,0,289361.0
1118,4a5cf927-5e23-4267-926e-9463e171f71e,1/4/2017 4:56,0,289361.0
1119,4a5cf927-5e23-4267-926e-9463e171f71e,1/4/2017 3:56,9,289361.0
1120,4a5cf927-5e23-4267-926e-9463e171f71e,31/03/2017 22:56:03,0,289352.0
1121,4a5cf927-5e23-4267-926e-9463e171f71e,31/03/2017 21:56:03,0,289352.0
1122,4a5cf927-5e23-4267-926e-9463e171f71e,31/03/2017 20:56:03,0,289352.0
1123,4a5cf927-5e23-4267-926e-9463e171f71e,31/03/2017 19:56:03,39,289352.0
1124,4a5cf927-5e23-4267-926e-9463e171f71e,31/03/2017 14:56:05,4,289313.0
1125,4a5cf927-5e23-4267-926e-9463e171f71e,31/03/2017 13:56:05,4,289309.0
1126,4a5cf927-5e23-4267-926e-9463e171f71e,31/03/2017 12:56:05,0,289305.0
1127,4a5cf927-5e23-4267-926e-9463e171f71e,31/03/2017 11:56:05,0,289305.0
1128,4a5cf927-5e23-4267-926e-9463e171f71e,31/03/2017 10:56:05,6,289305.0
1129,4a5cf927-5e23-4267-926e-9463e171f71e,31/03/2017 09:56:05,71,289299.0
1130,4a5cf927-5e23-4267-926e-9463e171f71e,31/03/2017 08:56:05,51,289228.0
1131,4a5cf927-5e23-4267-926e-9463e171f71e,31/03/2017 07:56:05,0,289177.0
1132,4a5cf927-5e23-4267-926e-9463e171f71e,31/03/2017 06:56:18,0,289177.0
1133,4a5cf927-5e23-4267-926e-9463e171f71e,31/03/2017 05:56:18,0,289177.0
1134,4a5cf927-5e23-4267-926e-9463e171f71e,31/03/2017 04:56:18,0,289177.0
1135,4a5cf927-5e23-4267-926e-9463e171f71e,31/03/2017 03:56:18,0,289177.0
1136,4a5cf927-5e23-4267-926e-9463e171f71e,31/03/2017 02:56:08,0,289177.0
1137,4a5cf927-5e23-4267-926e-9463e171f71e,31/03/2017 01:56:08,0,289177.0
1138,4a5cf927-5e23-4267-926e-9463e171f71e,31/03/2017 00:56:08,349,289177.0
1139,4a5cf927-5e23-4267-926e-9463e171f71e,29/03/2017 23:56:08,0,288828.0
1140,4a5cf927-5e23-4267-926e-9463e171f71e,29/03/2017 22:56:08,0,288828.0
1141,4a5cf927-5e23-4267-926e-9463e171f71e,29/03/2017 21:56:08,0,288828.0
1142,4a5cf927-5e23-4267-926e-9463e171f71e,29/03/2017 20:56:08,2,288828.0
1143,4a5cf927-5e23-4267-926e-9463e171f71e,29/03/2017 19:56:08,10,288826.0
1144,4a5cf927-5e23-4267-926e-9463e171f71e,29/03/2017 18:56:22,6,288816.0
1145,4a5cf927-5e23-4267-926e-9463e171f71e,29/03/2017 17:56:22,6,288810.0
1146,4a5cf927-5e23-4267-926e-9463e171f71e,29/03/2017 16:56:22,39,288804.0
1147,4a5cf927-5e23-4267-926e-9463e171f71e,29/03/2017 15:56:22,14,288765.0
1148,4a5cf927-5e23-4267-926e-9463e171f71e,29/03/2017 14:56:08,3,288751.0
1149,4a5cf927-5e23-4267-926e-9463e171f71e,29/03/2017 13:56:08,15,288748.0
1150,4a5cf927-5e23-4267-926e-9463e171f71e,29/03/2017 12:56:08,60,288733.0
1151,4a5cf927-5e23-4267-926e-9463e171f71e,29/03/2017 11:56:08,60,288673.0
1152,4a5cf927-5e23-4267-926e-9463e171f71e,29/03/2017 10:56:11,9,288613.0
1153,4a5cf927-5e23-4267-926e-9463e171f71e,29/03/2017 09:56:11,23,288604.0
1154,4a5cf927-5e23-4267-926e-9463e171f71e,29/03/2017 08:56:11,0,288581.0
1155,4a5cf927-5e23-4267-926e-9463e171f71e,29/03/2017 07:56:11,0,288581.0
1156,4a5cf927-5e23-4267-926e-9463e171f71e,29/03/2017 06:56:35,0,288581.0
1157,4a5cf927-5e23-4267-926e-9463e171f71e,29/03/2017 05:56:35,0,288581.0
1158,4a5cf927-5e23-4267-926e-9463e171f71e,29/03/2017 04:56:35,0,288581.0
1159,4a5cf927-5e23-4267-926e-9463e171f71e,29/03/2017 03:56:35,0,288581.0
1160,4a5cf927-5e23-4267-926e-9463e171f71e,29/03/2017 02:56:10,0,288581.0
1161,4a5cf927-5e23-4267-926e-9463e171f71e,29/03/2017 01:56:10,3,288581.0
1162,4a5cf927-5e23-4267-926e-9463e171f71e,29/03/2017 00:56:10,0,288578.0
1163,4a5cf927-5e23-4267-926e-9463e171f71e,28/03/2017 23:56:10,4,288578.0
1164,4a5cf927-5e23-4267-926e-9463e171f71e,28/03/2017 22:56:11,2,288574.0
1165,4a5cf927-5e23-4267-926e-9463e171f71e,28/03/2017 21:56:11,5,288572.0
1166,4a5cf927-5e23-4267-926e-9463e171f71e,28/03/2017 20:56:11,14,288567.0
1167,4a5cf927-5e23-4267-926e-9463e171f71e,28/03/2017 19:56:11,0,288553.0
1168,4a5cf927-5e23-4267-926e-9463e171f71e,28/03/2017 18:56:12,0,288553.0
1169,4a5cf927-5e23-4267-926e-9463e171f71e,28/03/2017 17:56:12,0,288553.0
1170,4a5cf927-5e23-4267-926e-9463e171f71e,28/03/2017 16:56:12,27,288553.0
1171,4a5cf927-5e23-4267-926e-9463e171f71e,28/03/2017 15:56:12,22,288526.0
1172,4a5cf927-5e23-4267-926e-9463e171f71e,28/03/2017 14:56:13,11,288504.0
1173,4a5cf927-5e23-4267-926e-9463e171f71e,28/03/2017 13:56:13,49,288493.0
1174,4a5cf927-5e23-4267-926e-9463e171f71e,28/03/2017 12:56:13,0,288444.0
1175,4a5cf927-5e23-4267-926e-9463e171f71e,28/03/2017 11:56:13,0,288444.0
1176,4a5cf927-5e23-4267-926e-9463e171f71e,28/03/2017 10:56:14,30,288444.0
1177,4a5cf927-5e23-4267-926e-9463e171f71e,28/03/2017 09:56:14,15,288414.0
1178,4a5cf927-5e23-4267-926e-9463e171f71e,28/03/2017 08:56:14,3,288399.0
1179,4a5cf927-5e23-4267-926e-9463e171f71e,28/03/2017 07:56:14,21,288396.0
1180,4a5cf927-5e23-4267-926e-9463e171f71e,28/03/2017 06:56:12,0,288375.0
1181,4a5cf927-5e23-4267-926e-9463e171f71e,28/03/2017 05:56:12,0,288375.0
1182,4a5cf927-5e23-4267-926e-9463e171f71e,28/03/2017 04:56:12,0,288375.0
1183,4a5cf927-5e23-4267-926e-9463e171f71e,28/03/2017 03:56:12,0,288375.0
1184,4a5cf927-5e23-4267-926e-9463e171f71e,28/03/2017 02:56:14,7,288375.0
1185,4a5cf927-5e23-4267-926e-9463e171f71e,28/03/2017 01:56:14,9,288368.0
1186,4a5cf927-5e23-4267-926e-9463e171f71e,28/03/2017 00:56:14,4,288359.0
1187,4a5cf927-5e23-4267-926e-9463e171f71e,27/03/2017 23:56:14,7,288355.0
1188,4a5cf927-5e23-4267-926e-9463e171f71e,27/03/2017 22:56:13,6,288348.0
1189,4a5cf927-5e23-4267-926e-9463e171f71e,27/03/2017 21:56:13,0,288342.0
1190,4a5cf927-5e23-4267-926e-9463e171f71e,27/03/2017 20:56:13,0,288342.0
1191,4a5cf927-5e23-4267-926e-9463e171f71e,27/03/2017 19:56:13,4,288342.0
1192,4a5cf927-5e23-4267-926e-9463e171f71e,27/03/2017 18:56:14,7,288338.0
1193,4a5cf927-5e23-4267-926e-9463e171f71e,27/03/2017 17:56:14,13,288331.0
1194,4a5cf927-5e23-4267-926e-9463e171f71e,27/03/2017 16:56:14,45,288318.0
1195,4a5cf927-5e23-4267-926e-9463e171f71e,27/03/2017 15:56:14,11,288273.0
1196,4a5cf927-5e23-4267-926e-9463e171f71e,27/03/2017 14:56:13,0,288262.0
1197,4a5cf927-5e23-4267-926e-9463e171f71e,27/03/2017 13:56:13,5,288262.0
1198,4a5cf927-5e23-4267-926e-9463e171f71e,27/03/2017 12:56:13,0,288257.0
1199,4a5cf927-5e23-4267-926e-9463e171f71e,27/03/2017 11:56:13,17,288257.0
1200,4a5cf927-5e23-4267-926e-9463e171f71e,27/03/2017 10:56:15,138,288240.0
1201,4a5cf927-5e23-4267-926e-9463e171f71e,27/03/2017 09:56:15,17,288102.0
1202,4a5cf927-5e23-4267-926e-9463e171f71e,27/03/2017 08:56:15,0,288085.0
1203,4a5cf927-5e23-4267-926e-9463e171f71e,27/03/2017 07:56:15,0,288085.0
1204,4a5cf927-5e23-4267-926e-9463e171f71e,27/03/2017 06:56:25,0,288085.0
1205,4a5cf927-5e23-4267-926e-9463e171f71e,27/03/2017 05:56:25,0,288085.0
1206,4a5cf927-5e23-4267-926e-9463e171f71e,27/03/2017 04:56:25,0,288085.0
1207,4a5cf927-5e23-4267-926e-9463e171f71e,27/03/2017 03:56:25,0,288085.0
1208,4a5cf927-5e23-4267-926e-9463e171f71e,27/03/2017 02:56:17,6,288085.0
1209,4a5cf927-5e23-4267-926e-9463e171f71e,27/03/2017 01:56:17,0,288079.0
1210,4a5cf927-5e23-4267-926e-9463e171f71e,27/03/2017 00:56:17,0,288079.0
1211,4a5cf927-5e23-4267-926e-9463e171f71e,26/03/2017 23:56:17,0,288079.0
1212,4a5cf927-5e23-4267-926e-9463e171f71e,26/03/2017 22:56:17,1,288079.0
1213,4a5cf927-5e23-4267-926e-9463e171f71e,26/03/2017 21:56:17,0,288078.0
1214,4a5cf927-5e23-4267-926e-9463e171f71e,26/03/2017 20:56:17,0,288078.0
1215,4a5cf927-5e23-4267-926e-9463e171f71e,26/03/2017 19:56:17,16,288078.0
1216,4a5cf927-5e23-4267-926e-9463e171f71e,26/03/2017 18:56:26,12,288062.0
1217,4a5cf927-5e23-4267-926e-9463e171f71e,26/03/2017 17:56:26,18,288050.0
1218,4a5cf927-5e23-4267-926e-9463e171f71e,26/03/2017 16:56:26,5,288032.0
1219,4a5cf927-5e23-4267-926e-9463e171f71e,26/03/2017 15:56:26,6,288027.0
1220,4a5cf927-5e23-4267-926e-9463e171f71e,26/03/2017 14:56:17,44,288021.0
1221,4a5cf927-5e23-4267-926e-9463e171f71e,26/03/2017 13:56:17,10,287977.0
1222,4a5cf927-5e23-4267-926e-9463e171f71e,26/03/2017 12:56:17,3,287967.0
1223,4a5cf927-5e23-4267-926e-9463e171f71e,26/03/2017 11:56:17,87,287964.0
1224,4a5cf927-5e23-4267-926e-9463e171f71e,26/03/2017 10:56:18,4,287877.0
1225,4a5cf927-5e23-4267-926e-9463e171f71e,26/03/2017 09:56:18,0,287873.0
1226,4a5cf927-5e23-4267-926e-9463e171f71e,26/03/2017 08:56:18,12,287873.0
1227,4a5cf927-5e23-4267-926e-9463e171f71e,26/03/2017 07:56:18,24,287861.0
1228,4a5cf927-5e23-4267-926e-9463e171f71e,26/03/2017 06:56:23,0,287837.0
1229,4a5cf927-5e23-4267-926e-9463e171f71e,26/03/2017 05:56:23,0,287837.0
1230,4a5cf927-5e23-4267-926e-9463e171f71e,26/03/2017 04:56:23,0,287837.0
1231,4a5cf927-5e23-4267-926e-9463e171f71e,26/03/2017 03:56:23,0,287837.0
1232,4a5cf927-5e23-4267-926e-9463e171f71e,26/03/2017 01:56:18,19,287837.0
1233,4a5cf927-5e23-4267-926e-9463e171f71e,26/03/2017 00:56:18,8,287818.0
1234,4a5cf927-5e23-4267-926e-9463e171f71e,25/03/2017 23:56:18,5,287810.0
1235,4a5cf927-5e23-4267-926e-9463e171f71e,25/03/2017 22:56:18,32,287805.0
1236,4a5cf927-5e23-4267-926e-9463e171f71e,25/03/2017 21:56:17,3,287773.0
1237,4a5cf927-5e23-4267-926e-9463e171f71e,25/03/2017 20:56:17,11,287770.0
1238,4a5cf927-5e23-4267-926e-9463e171f71e,25/03/2017 19:56:17,13,287759.0
1239,4a5cf927-5e23-4267-926e-9463e171f71e,25/03/2017 18:56:17,4,287746.0
1240,4a5cf927-5e23-4267-926e-9463e171f71e,25/03/2017 17:56:29,0,287742.0
1241,4a5cf927-5e23-4267-926e-9463e171f71e,25/03/2017 16:56:29,10,287742.0
1242,4a5cf927-5e23-4267-926e-9463e171f71e,25/03/2017 15:56:29,14,287732.0
1243,4a5cf927-5e23-4267-926e-9463e171f71e,25/03/2017 14:56:29,28,287718.0
1244,4a5cf927-5e23-4267-926e-9463e171f71e,25/03/2017 13:56:18,5,287690.0
1245,4a5cf927-5e23-4267-926e-9463e171f71e,25/03/2017 12:56:18,66,287685.0
1246,4a5cf927-5e23-4267-926e-9463e171f71e,25/03/2017 11:56:18,21,287619.0
1247,4a5cf927-5e23-4267-926e-9463e171f71e,25/03/2017 10:56:18,23,287598.0
1248,4a5cf927-5e23-4267-926e-9463e171f71e,25/03/2017 09:56:20,18,287575.0
1249,4a5cf927-5e23-4267-926e-9463e171f71e,25/03/2017 08:56:20,59,287557.0
1250,4a5cf927-5e23-4267-926e-9463e171f71e,25/03/2017 07:56:20,0,287498.0
1251,4a5cf927-5e23-4267-926e-9463e171f71e,25/03/2017 06:56:20,0,287498.0
1252,4a5cf927-5e23-4267-926e-9463e171f71e,25/03/2017 05:56:45,0,287498.0
1253,4a5cf927-5e23-4267-926e-9463e171f71e,25/03/2017 04:56:45,0,287498.0
1254,4a5cf927-5e23-4267-926e-9463e171f71e,25/03/2017 03:56:45,0,287498.0
1255,4a5cf927-5e23-4267-926e-9463e171f71e,25/03/2017 02:56:45,0,287498.0
1256,4a5cf927-5e23-4267-926e-9463e171f71e,25/03/2017 01:56:21,0,287498.0
1257,4a5cf927-5e23-4267-926e-9463e171f71e,25/03/2017 00:56:21,6,287498.0
1258,4a5cf927-5e23-4267-926e-9463e171f71e,24/03/2017 23:56:21,0,287492.0
1259,4a5cf927-5e23-4267-926e-9463e171f71e,24/03/2017 22:56:21,22,287492.0
1260,4a5cf927-5e23-4267-926e-9463e171f71e,24/03/2017 17:56:26,0,287470.0
1261,4a5cf927-5e23-4267-926e-9463e171f71e,24/03/2017 16:56:26,35,287470.0
1262,4a5cf927-5e23-4267-926e-9463e171f71e,24/03/2017 15:56:26,9,287435.0
1263,4a5cf927-5e23-4267-926e-9463e171f71e,24/03/2017 14:56:26,0,287426.0
1264,4a5cf927-5e23-4267-926e-9463e171f71e,24/03/2017 13:56:21,5,287426.0
1265,4a5cf927-5e23-4267-926e-9463e171f71e,24/03/2017 12:56:21,53,287421.0
1266,4a5cf927-5e23-4267-926e-9463e171f71e,24/03/2017 11:56:21,27,287368.0
1267,4a5cf927-5e23-4267-926e-9463e171f71e,24/03/2017 10:56:21,0,287341.0
1268,4a5cf927-5e23-4267-926e-9463e171f71e,24/03/2017 09:56:31,57,287341.0
1269,4a5cf927-5e23-4267-926e-9463e171f71e,24/03/2017 08:56:31,5,287284.0
1270,4a5cf927-5e23-4267-926e-9463e171f71e,24/03/2017 07:56:31,0,287279.0
1271,4a5cf927-5e23-4267-926e-9463e171f71e,24/03/2017 06:56:31,0,287279.0
1272,4a5cf927-5e23-4267-926e-9463e171f71e,24/03/2017 05:56:20,0,287279.0
1273,4a5cf927-5e23-4267-926e-9463e171f71e,24/03/2017 04:56:20,0,287279.0
1274,4a5cf927-5e23-4267-926e-9463e171f71e,24/03/2017 03:56:20,0,287279.0
1275,4a5cf927-5e23-4267-926e-9463e171f71e,24/03/2017 02:56:20,0,287279.0
1276,4a5cf927-5e23-4267-926e-9463e171f71e,24/03/2017 01:56:24,0,287279.0
1277,4a5cf927-5e23-4267-926e-9463e171f71e,24/03/2017 00:56:24,10,287279.0
1278,4a5cf927-5e23-4267-926e-9463e171f71e,23/03/2017 23:56:24,0,287269.0
1279,4a5cf927-5e23-4267-926e-9463e171f71e,23/03/2017 22:56:24,0,287269.0
1280,4a5cf927-5e23-4267-926e-9463e171f71e,23/03/2017 21:56:25,0,287269.0
1281,4a5cf927-5e23-4267-926e-9463e171f71e,23/03/2017 20:56:25,0,287269.0
1282,4a5cf927-5e23-4267-926e-9463e171f71e,23/03/2017 19:56:25,0,287269.0
1283,4a5cf927-5e23-4267-926e-9463e171f71e,23/03/2017 18:56:25,4,287269.0
1284,4a5cf927-5e23-4267-926e-9463e171f71e,23/03/2017 17:56:29,22,287265.0
1285,4a5cf927-5e23-4267-926e-9463e171f71e,23/03/2017 16:56:29,16,287243.0
1286,4a5cf927-5e23-4267-926e-9463e171f71e,23/03/2017 15:56:29,47,287227.0
1287,4a5cf927-5e23-4267-926e-9463e171f71e,23/03/2017 14:56:29,54,287180.0
1288,4a5cf927-5e23-4267-926e-9463e171f71e,23/03/2017 13:56:23,57,287126.0
1289,4a5cf927-5e23-4267-926e-9463e171f71e,23/03/2017 12:56:23,14,287069.0
1290,4a5cf927-5e23-4267-926e-9463e171f71e,23/03/2017 11:56:23,22,287055.0
1291,4a5cf927-5e23-4267-926e-9463e171f71e,23/03/2017 10:56:23,41,287033.0
1292,4a5cf927-5e23-4267-926e-9463e171f71e,23/03/2017 09:56:26,11,286992.0
1293,4a5cf927-5e23-4267-926e-9463e171f71e,23/03/2017 08:56:26,9,286981.0
1294,4a5cf927-5e23-4267-926e-9463e171f71e,23/03/2017 07:56:26,0,286972.0
1295,4a5cf927-5e23-4267-926e-9463e171f71e,23/03/2017 06:56:26,0,286972.0
1296,4a5cf927-5e23-4267-926e-9463e171f71e,23/03/2017 05:56:29,0,286972.0
1297,4a5cf927-5e23-4267-926e-9463e171f71e,23/03/2017 04:56:29,0,286972.0
1298,4a5cf927-5e23-4267-926e-9463e171f71e,23/03/2017 03:56:29,0,286972.0
1299,4a5cf927-5e23-4267-926e-9463e171f71e,23/03/2017 02:56:29,4,286972.0
1300,4a5cf927-5e23-4267-926e-9463e171f71e,23/03/2017 01:56:26,7,286968.0
1301,4a5cf927-5e23-4267-926e-9463e171f71e,23/03/2017 00:56:26,0,286961.0
1302,4a5cf927-5e23-4267-926e-9463e171f71e,22/03/2017 23:56:26,0,286961.0
1303,4a5cf927-5e23-4267-926e-9463e171f71e,22/03/2017 22:56:26,11,286961.0
1304,4a5cf927-5e23-4267-926e-9463e171f71e,22/03/2017 21:56:25,0,286950.0
1305,4a5cf927-5e23-4267-926e-9463e171f71e,22/03/2017 20:56:25,0,286950.0
1306,4a5cf927-5e23-4267-926e-9463e171f71e,22/03/2017 19:56:25,19,286950.0
1307,4a5cf927-5e23-4267-926e-9463e171f71e,22/03/2017 18:56:25,18,286931.0
1308,4a5cf927-5e23-4267-926e-9463e171f71e,22/03/2017 17:02:21,10,286913.0
1309,4a5cf927-5e23-4267-926e-9463e171f71e,22/03/2017 16:02:21,25,286903.0
1310,4a5cf927-5e23-4267-926e-9463e171f71e,22/03/2017 15:02:21,3,286878.0
1311,4a5cf927-5e23-4267-926e-9463e171f71e,22/03/2017 13:56:25,31,286875.0
1312,4a5cf927-5e23-4267-926e-9463e171f71e,22/03/2017 12:56:25,22,286844.0
1313,4a5cf927-5e23-4267-926e-9463e171f71e,22/03/2017 11:56:25,116,286822.0
1314,4a5cf927-5e23-4267-926e-9463e171f71e,22/03/2017 10:56:25,26,286706.0
1315,4a5cf927-5e23-4267-926e-9463e171f71e,22/03/2017 09:56:27,7,286680.0
1316,4a5cf927-5e23-4267-926e-9463e171f71e,22/03/2017 08:56:27,0,286673.0
1317,4a5cf927-5e23-4267-926e-9463e171f71e,22/03/2017 07:56:27,0,286673.0
1318,4a5cf927-5e23-4267-926e-9463e171f71e,22/03/2017 06:56:27,0,286673.0
1319,4a5cf927-5e23-4267-926e-9463e171f71e,22/03/2017 05:56:26,0,286673.0
1320,4a5cf927-5e23-4267-926e-9463e171f71e,22/03/2017 04:56:26,0,286673.0
1321,4a5cf927-5e23-4267-926e-9463e171f71e,22/03/2017 03:56:26,0,286673.0
1322,4a5cf927-5e23-4267-926e-9463e171f71e,22/03/2017 02:56:26,6,286673.0
1323,4a5cf927-5e23-4267-926e-9463e171f71e,22/03/2017 01:56:30,0,286667.0
1324,4a5cf927-5e23-4267-926e-9463e171f71e,22/03/2017 00:56:30,229,286667.0
1325,4a5cf927-5e23-4267-926e-9463e171f71e,21/03/2017 09:56:43,0,286438.0
1326,4a5cf927-5e23-4267-926e-9463e171f71e,21/03/2017 08:56:43,12,286438.0
1327,4a5cf927-5e23-4267-926e-9463e171f71e,21/03/2017 07:56:43,22,286426.0
1328,4a5cf927-5e23-4267-926e-9463e171f71e,21/03/2017 06:56:43,0,286404.0
1329,4a5cf927-5e23-4267-926e-9463e171f71e,21/03/2017 05:56:28,0,286404.0
1330,4a5cf927-5e23-4267-926e-9463e171f71e,21/03/2017 04:56:28,0,286404.0
1331,4a5cf927-5e23-4267-926e-9463e171f71e,21/03/2017 03:56:28,0,286404.0
1332,4a5cf927-5e23-4267-926e-9463e171f71e,21/03/2017 02:56:28,0,286404.0
1333,4a5cf927-5e23-4267-926e-9463e171f71e,21/03/2017 01:56:33,0,286404.0
1334,4a5cf927-5e23-4267-926e-9463e171f71e,21/03/2017 00:56:33,0,286404.0
1335,4a5cf927-5e23-4267-926e-9463e171f71e,20/03/2017 23:56:33,0,286404.0
1336,4a5cf927-5e23-4267-926e-9463e171f71e,20/03/2017 22:56:33,5,286404.0
1337,4a5cf927-5e23-4267-926e-9463e171f71e,20/03/2017 21:56:31,0,286399.0
1338,4a5cf927-5e23-4267-926e-9463e171f71e,20/03/2017 20:56:31,0,286399.0
1339,4a5cf927-5e23-4267-926e-9463e171f71e,20/03/2017 19:56:31,0,286399.0
1340,4a5cf927-5e23-4267-926e-9463e171f71e,20/03/2017 18:56:31,5,286399.0
1341,4a5cf927-5e23-4267-926e-9463e171f71e,20/03/2017 17:56:31,105,286394.0
1342,4a5cf927-5e23-4267-926e-9463e171f71e,20/03/2017 16:56:31,0,286289.0
1343,4a5cf927-5e23-4267-926e-9463e171f71e,20/03/2017 15:56:31,42,286289.0
1344,4a5cf927-5e23-4267-926e-9463e171f71e,20/03/2017 14:56:31,15,286247.0
1345,4a5cf927-5e23-4267-926e-9463e171f71e,20/03/2017 13:56:31,5,286232.0
1346,4a5cf927-5e23-4267-926e-9463e171f71e,20/03/2017 12:56:31,2,286227.0
1347,4a5cf927-5e23-4267-926e-9463e171f71e,20/03/2017 11:56:31,14,286225.0
1348,4a5cf927-5e23-4267-926e-9463e171f71e,20/03/2017 10:56:31,5,286211.0
1349,4a5cf927-5e23-4267-926e-9463e171f71e,20/03/2017 09:59:56,0,286206.0
1350,4a5cf927-5e23-4267-926e-9463e171f71e,20/03/2017 08:59:56,5,286206.0
1351,4a5cf927-5e23-4267-926e-9463e171f71e,20/03/2017 07:59:56,28,286201.0
1352,4a5cf927-5e23-4267-926e-9463e171f71e,20/03/2017 06:59:56,0,286173.0
1353,4a5cf927-5e23-4267-926e-9463e171f71e,20/03/2017 05:56:30,2,286173.0
1354,4a5cf927-5e23-4267-926e-9463e171f71e,20/03/2017 04:56:30,0,286171.0
1355,4a5cf927-5e23-4267-926e-9463e171f71e,20/03/2017 03:56:30,0,286171.0
1356,4a5cf927-5e23-4267-926e-9463e171f71e,20/03/2017 02:56:30,0,286171.0
1357,4a5cf927-5e23-4267-926e-9463e171f71e,20/03/2017 01:58:13,0,286171.0
1358,4a5cf927-5e23-4267-926e-9463e171f71e,20/03/2017 00:58:13,0,286171.0
1359,4a5cf927-5e23-4267-926e-9463e171f71e,19/03/2017 23:58:13,7,286171.0
1360,4a5cf927-5e23-4267-926e-9463e171f71e,19/03/2017 22:58:13,0,286164.0
1361,4a5cf927-5e23-4267-926e-9463e171f71e,19/03/2017 21:56:33,0,286164.0
1362,4a5cf927-5e23-4267-926e-9463e171f71e,19/03/2017 20:56:33,0,286164.0
1363,4a5cf927-5e23-4267-926e-9463e171f71e,19/03/2017 19:56:33,3,286164.0
1364,4a5cf927-5e23-4267-926e-9463e171f71e,19/03/2017 18:56:33,5,286161.0
1365,4a5cf927-5e23-4267-926e-9463e171f71e,19/03/2017 17:56:41,24,286156.0
1366,4a5cf927-5e23-4267-926e-9463e171f71e,19/03/2017 16:56:41,7,286132.0
1367,4a5cf927-5e23-4267-926e-9463e171f71e,19/03/2017 15:56:41,15,286125.0
1368,4a5cf927-5e23-4267-926e-9463e171f71e,19/03/2017 14:56:41,0,286110.0
1369,4a5cf927-5e23-4267-926e-9463e171f71e,19/03/2017 13:56:33,0,286110.0
1370,4a5cf927-5e23-4267-926e-9463e171f71e,19/03/2017 12:56:33,0,286110.0
1371,4a5cf927-5e23-4267-926e-9463e171f71e,19/03/2017 11:56:33,0,286110.0
1372,4a5cf927-5e23-4267-926e-9463e171f71e,19/03/2017 10:56:33,49,286110.0
1373,4a5cf927-5e23-4267-926e-9463e171f71e,19/03/2017 09:56:39,0,286061.0
1374,4a5cf927-5e23-4267-926e-9463e171f71e,19/03/2017 08:56:39,0,286061.0
1375,4a5cf927-5e23-4267-926e-9463e171f71e,19/03/2017 07:56:39,0,286061.0
1376,4a5cf927-5e23-4267-926e-9463e171f71e,19/03/2017 06:56:39,0,286061.0
1377,4a5cf927-5e23-4267-926e-9463e171f71e,19/03/2017 05:59:28,0,286061.0
1378,4a5cf927-5e23-4267-926e-9463e171f71e,19/03/2017 04:59:28,0,286061.0
1379,4a5cf927-5e23-4267-926e-9463e171f71e,19/03/2017 03:59:28,0,286061.0
1380,4a5cf927-5e23-4267-926e-9463e171f71e,19/03/2017 02:59:28,12,286061.0
1381,4a5cf927-5e23-4267-926e-9463e171f71e,19/03/2017 01:56:35,0,286049.0
1382,4a5cf927-5e23-4267-926e-9463e171f71e,19/03/2017 00:56:35,5,286049.0
1383,4a5cf927-5e23-4267-926e-9463e171f71e,18/03/2017 23:56:35,0,286044.0
1384,4a5cf927-5e23-4267-926e-9463e171f71e,18/03/2017 22:56:35,3,286044.0
1385,4a5cf927-5e23-4267-926e-9463e171f71e,18/03/2017 21:57:19,0,286041.0
1386,4a5cf927-5e23-4267-926e-9463e171f71e,18/03/2017 20:57:19,0,286041.0
1387,4a5cf927-5e23-4267-926e-9463e171f71e,18/03/2017 19:57:19,5,286041.0
1388,4a5cf927-5e23-4267-926e-9463e171f71e,18/03/2017 18:57:19,65,286036.0
1389,4a5cf927-5e23-4267-926e-9463e171f71e,18/03/2017 17:56:42,13,285971.0
1390,4a5cf927-5e23-4267-926e-9463e171f71e,18/03/2017 16:56:42,8,285958.0
1391,4a5cf927-5e23-4267-926e-9463e171f71e,18/03/2017 15:56:42,10,285950.0
1392,4a5cf927-5e23-4267-926e-9463e171f71e,18/03/2017 14:56:42,0,285940.0
1393,4a5cf927-5e23-4267-926e-9463e171f71e,18/03/2017 13:56:36,0,285940.0
1394,4a5cf927-5e23-4267-926e-9463e171f71e,18/03/2017 12:56:36,0,285940.0
1395,4a5cf927-5e23-4267-926e-9463e171f71e,18/03/2017 11:56:36,0,285940.0
1396,4a5cf927-5e23-4267-926e-9463e171f71e,18/03/2017 10:56:36,56,285940.0
1397,4a5cf927-5e23-4267-926e-9463e171f71e,18/03/2017 09:56:37,0,285884.0
1398,4a5cf927-5e23-4267-926e-9463e171f71e,18/03/2017 08:56:37,0,285884.0
1399,4a5cf927-5e23-4267-926e-9463e171f71e,18/03/2017 07:56:37,0,285884.0
1400,4a5cf927-5e23-4267-926e-9463e171f71e,18/03/2017 06:56:37,0,285884.0
1401,4a5cf927-5e23-4267-926e-9463e171f71e,18/03/2017 05:56:35,0,285884.0
1402,4a5cf927-5e23-4267-926e-9463e171f71e,18/03/2017 04:56:35,0,285884.0
1403,4a5cf927-5e23-4267-926e-9463e171f71e,18/03/2017 03:56:35,7,285884.0
1404,4a5cf927-5e23-4267-926e-9463e171f71e,18/03/2017 02:56:35,0,285877.0
1405,4a5cf927-5e23-4267-926e-9463e171f71e,18/03/2017 01:56:38,0,285877.0
1406,4a5cf927-5e23-4267-926e-9463e171f71e,18/03/2017 00:56:38,0,285877.0
1407,4a5cf927-5e23-4267-926e-9463e171f71e,17/03/2017 23:56:38,0,285877.0
1408,4a5cf927-5e23-4267-926e-9463e171f71e,17/03/2017 22:56:38,0,285877.0
1409,4a5cf927-5e23-4267-926e-9463e171f71e,17/03/2017 21:56:39,0,285877.0
1410,4a5cf927-5e23-4267-926e-9463e171f71e,17/03/2017 20:56:39,0,285877.0
1411,4a5cf927-5e23-4267-926e-9463e171f71e,17/03/2017 19:56:39,11,285877.0
1412,4a5cf927-5e23-4267-926e-9463e171f71e,17/03/2017 18:56:39,10,285866.0
1413,4a5cf927-5e23-4267-926e-9463e171f71e,17/03/2017 17:56:42,3,285856.0
1414,4a5cf927-5e23-4267-926e-9463e171f71e,17/03/2017 16:56:42,13,285853.0
1415,4a5cf927-5e23-4267-926e-9463e171f71e,17/03/2017 15:56:42,16,285840.0
1416,4a5cf927-5e23-4267-926e-9463e171f71e,17/03/2017 14:56:42,20,285824.0
1417,4a5cf927-5e23-4267-926e-9463e171f71e,17/03/2017 09:56:39,117,285804.0
1418,4a5cf927-5e23-4267-926e-9463e171f71e,17/03/2017 08:56:39,11,285687.0
1419,4a5cf927-5e23-4267-926e-9463e171f71e,17/03/2017 07:56:39,0,285676.0
1420,4a5cf927-5e23-4267-926e-9463e171f71e,17/03/2017 06:56:39,0,285676.0
1421,4a5cf927-5e23-4267-926e-9463e171f71e,17/03/2017 05:56:38,0,285676.0
1422,4a5cf927-5e23-4267-926e-9463e171f71e,17/03/2017 04:56:38,0,285676.0
1423,4a5cf927-5e23-4267-926e-9463e171f71e,17/03/2017 03:56:38,0,285676.0
1424,4a5cf927-5e23-4267-926e-9463e171f71e,17/03/2017 02:56:38,0,285676.0
1425,4a5cf927-5e23-4267-926e-9463e171f71e,17/03/2017 01:56:39,0,285676.0
1426,4a5cf927-5e23-4267-926e-9463e171f71e,17/03/2017 00:56:39,0,285676.0
1427,4a5cf927-5e23-4267-926e-9463e171f71e,16/03/2017 23:56:39,6,285676.0
1428,4a5cf927-5e23-4267-926e-9463e171f71e,16/03/2017 22:56:39,12,285670.0
1429,4a5cf927-5e23-4267-926e-9463e171f71e,16/03/2017 21:56:38,6,285658.0
1430,4a5cf927-5e23-4267-926e-9463e171f71e,16/03/2017 20:56:38,0,285652.0
1431,4a5cf927-5e23-4267-926e-9463e171f71e,16/03/2017 19:56:38,0,285652.0
1432,4a5cf927-5e23-4267-926e-9463e171f71e,16/03/2017 18:56:38,5,285652.0
1433,4a5cf927-5e23-4267-926e-9463e171f71e,16/03/2017 17:56:41,9,285647.0
1434,4a5cf927-5e23-4267-926e-9463e171f71e,16/03/2017 16:56:41,6,285638.0
1435,4a5cf927-5e23-4267-926e-9463e171f71e,16/03/2017 15:56:41,25,285632.0
1436,4a5cf927-5e23-4267-926e-9463e171f71e,16/03/2017 14:56:41,40,285607.0
1437,4a5cf927-5e23-4267-926e-9463e171f71e,16/03/2017 13:56:41,11,285567.0
1438,4a5cf927-5e23-4267-926e-9463e171f71e,16/03/2017 12:56:41,22,285556.0
1439,4a5cf927-5e23-4267-926e-9463e171f71e,16/03/2017 11:56:41,39,285534.0
1440,4a5cf927-5e23-4267-926e-9463e171f71e,16/03/2017 10:56:41,19,285495.0
1441,4a5cf927-5e23-4267-926e-9463e171f71e,16/03/2017 09:56:41,25,285476.0
1442,4a5cf927-5e23-4267-926e-9463e171f71e,16/03/2017 08:56:41,0,285451.0
1443,4a5cf927-5e23-4267-926e-9463e171f71e,16/03/2017 07:56:41,0,285451.0
1444,4a5cf927-5e23-4267-926e-9463e171f71e,16/03/2017 06:56:41,0,285451.0
1445,4a5cf927-5e23-4267-926e-9463e171f71e,16/03/2017 05:59:08,0,285451.0
1446,4a5cf927-5e23-4267-926e-9463e171f71e,16/03/2017 04:59:08,0,285451.0
1447,4a5cf927-5e23-4267-926e-9463e171f71e,16/03/2017 03:59:08,0,285451.0
1448,4a5cf927-5e23-4267-926e-9463e171f71e,16/03/2017 02:59:08,0,285451.0
1449,4a5cf927-5e23-4267-926e-9463e171f71e,16/03/2017 01:56:43,0,285451.0
1450,4a5cf927-5e23-4267-926e-9463e171f71e,16/03/2017 00:56:43,0,285451.0
1451,4a5cf927-5e23-4267-926e-9463e171f71e,15/03/2017 23:56:43,11,285451.0
1452,4a5cf927-5e23-4267-926e-9463e171f71e,15/03/2017 22:56:43,2,285440.0
1453,4a5cf927-5e23-4267-926e-9463e171f71e,15/03/2017 21:56:45,9,285438.0
1454,4a5cf927-5e23-4267-926e-9463e171f71e,15/03/2017 20:56:45,0,285429.0
1455,4a5cf927-5e23-4267-926e-9463e171f71e,15/03/2017 19:56:45,0,285429.0
1456,4a5cf927-5e23-4267-926e-9463e171f71e,15/03/2017 18:56:45,56,285429.0
1457,4a5cf927-5e23-4267-926e-9463e171f71e,15/03/2017 17:56:43,13,285373.0
1458,4a5cf927-5e23-4267-926e-9463e171f71e,15/03/2017 16:56:43,15,285360.0
1459,4a5cf927-5e23-4267-926e-9463e171f71e,15/03/2017 15:56:43,20,285345.0
1460,4a5cf927-5e23-4267-926e-9463e171f71e,15/03/2017 14:56:43,0,285325.0
1461,4a5cf927-5e23-4267-926e-9463e171f71e,15/03/2017 13:56:42,12,285325.0
1462,4a5cf927-5e23-4267-926e-9463e171f71e,15/03/2017 12:56:42,22,285313.0
1463,4a5cf927-5e23-4267-926e-9463e171f71e,15/03/2017 11:56:42,57,285291.0
1464,4a5cf927-5e23-4267-926e-9463e171f71e,15/03/2017 10:56:42,19,285234.0
1465,4a5cf927-5e23-4267-926e-9463e171f71e,15/03/2017 09:56:45,71,285215.0
1466,4a5cf927-5e23-4267-926e-9463e171f71e,15/03/2017 08:56:45,2,285144.0
1467,4a5cf927-5e23-4267-926e-9463e171f71e,15/03/2017 07:56:45,0,285142.0
1468,4a5cf927-5e23-4267-926e-9463e171f71e,15/03/2017 06:56:45,0,285142.0
1469,4a5cf927-5e23-4267-926e-9463e171f71e,15/03/2017 05:56:44,0,285142.0
1470,4a5cf927-5e23-4267-926e-9463e171f71e,15/03/2017 04:56:44,0,285142.0
1471,4a5cf927-5e23-4267-926e-9463e171f71e,15/03/2017 03:56:44,0,285142.0
1472,4a5cf927-5e23-4267-926e-9463e171f71e,15/03/2017 02:56:44,0,285142.0
1473,4a5cf927-5e23-4267-926e-9463e171f71e,15/03/2017 01:56:50,0,285142.0
1474,4a5cf927-5e23-4267-926e-9463e171f71e,15/03/2017 00:56:50,4,285142.0
1475,4a5cf927-5e23-4267-926e-9463e171f71e,14/03/2017 23:56:50,0,285138.0
1476,4a5cf927-5e23-4267-926e-9463e171f71e,14/03/2017 22:56:50,27,285138.0
1477,4a5cf927-5e23-4267-926e-9463e171f71e,14/03/2017 21:57:52,24,285111.0
1478,4a5cf927-5e23-4267-926e-9463e171f71e,14/03/2017 20:57:52,0,285087.0
1479,4a5cf927-5e23-4267-926e-9463e171f71e,14/03/2017 19:57:52,0,285087.0
1480,4a5cf927-5e23-4267-926e-9463e171f71e,14/03/2017 18:57:52,0,285087.0
1481,4a5cf927-5e23-4267-926e-9463e171f71e,14/03/2017 17:56:45,0,285087.0
1482,4a5cf927-5e23-4267-926e-9463e171f71e,14/03/2017 16:56:45,4,285087.0
1483,4a5cf927-5e23-4267-926e-9463e171f71e,14/03/2017 15:56:45,29,285083.0
1484,4a5cf927-5e23-4267-926e-9463e171f71e,14/03/2017 14:56:45,0,285054.0
1485,4a5cf927-5e23-4267-926e-9463e171f71e,14/03/2017 13:57:21,0,285054.0
1486,4a5cf927-5e23-4267-926e-9463e171f71e,14/03/2017 12:57:21,0,285054.0
1487,4a5cf927-5e23-4267-926e-9463e171f71e,14/03/2017 11:57:21,0,285054.0
1488,4a5cf927-5e23-4267-926e-9463e171f71e,14/03/2017 10:57:21,74,285054.0
1489,4a5cf927-5e23-4267-926e-9463e171f71e,14/03/2017 09:56:48,49,284980.0
1490,4a5cf927-5e23-4267-926e-9463e171f71e,14/03/2017 08:56:48,6,284931.0
1491,4a5cf927-5e23-4267-926e-9463e171f71e,14/03/2017 07:56:48,0,284925.0
1492,4a5cf927-5e23-4267-926e-9463e171f71e,14/03/2017 06:56:48,0,284925.0
1493,4a5cf927-5e23-4267-926e-9463e171f71e,14/03/2017 05:57:32,0,284925.0
1494,4a5cf927-5e23-4267-926e-9463e171f71e,14/03/2017 04:57:32,0,284925.0
1495,4a5cf927-5e23-4267-926e-9463e171f71e,14/03/2017 03:57:32,0,284925.0
1496,4a5cf927-5e23-4267-926e-9463e171f71e,14/03/2017 02:57:32,0,284925.0
1497,4a5cf927-5e23-4267-926e-9463e171f71e,14/03/2017 01:56:46,0,284925.0
1498,4a5cf927-5e23-4267-926e-9463e171f71e,14/03/2017 00:56:46,6,284925.0
1499,4a5cf927-5e23-4267-926e-9463e171f71e,13/03/2017 23:56:46,12,284919.0
1500,4a5cf927-5e23-4267-926e-9463e171f71e,13/03/2017 22:56:46,12,284907.0
1501,4a5cf927-5e23-4267-926e-9463e171f71e,13/03/2017 21:56:46,0,284895.0
1502,4a5cf927-5e23-4267-926e-9463e171f71e,13/03/2017 20:56:46,0,284895.0
1503,4a5cf927-5e23-4267-926e-9463e171f71e,13/03/2017 19:56:46,0,284895.0
1504,4a5cf927-5e23-4267-926e-9463e171f71e,13/03/2017 18:56:46,0,284895.0
1505,4a5cf927-5e23-4267-926e-9463e171f71e,13/03/2017 17:56:47,9,284895.0
1506,4a5cf927-5e23-4267-926e-9463e171f71e,13/03/2017 16:56:47,3,284886.0
1507,4a5cf927-5e23-4267-926e-9463e171f71e,13/03/2017 15:56:47,17,284883.0
1508,4a5cf927-5e23-4267-926e-9463e171f71e,13/03/2017 14:56:47,0,284866.0
1509,4a5cf927-5e23-4267-926e-9463e171f71e,13/03/2017 13:56:47,0,284866.0
1510,4a5cf927-5e23-4267-926e-9463e171f71e,13/03/2017 12:56:47,0,284866.0
1511,4a5cf927-5e23-4267-926e-9463e171f71e,13/03/2017 11:56:47,19,284866.0
1512,4a5cf927-5e23-4267-926e-9463e171f71e,13/03/2017 10:56:47,31,284847.0
1513,4a5cf927-5e23-4267-926e-9463e171f71e,13/03/2017 09:56:50,42,284816.0
1514,4a5cf927-5e23-4267-926e-9463e171f71e,13/03/2017 08:56:50,0,284774.0
1515,4a5cf927-5e23-4267-926e-9463e171f71e,13/03/2017 07:56:50,0,284774.0
1516,4a5cf927-5e23-4267-926e-9463e171f71e,13/03/2017 06:56:50,0,284774.0
1517,4a5cf927-5e23-4267-926e-9463e171f71e,13/03/2017 05:56:48,0,284774.0
1518,4a5cf927-5e23-4267-926e-9463e171f71e,13/03/2017 04:56:48,0,284774.0
1519,4a5cf927-5e23-4267-926e-9463e171f71e,13/03/2017 03:56:48,0,284774.0
1520,4a5cf927-5e23-4267-926e-9463e171f71e,13/03/2017 02:56:48,0,284774.0
1521,4a5cf927-5e23-4267-926e-9463e171f71e,13/03/2017 01:56:50,0,284774.0
1522,4a5cf927-5e23-4267-926e-9463e171f71e,13/03/2017 00:56:50,0,284774.0
1523,4a5cf927-5e23-4267-926e-9463e171f71e,12/3/2017 23:56,1,284774.0
1524,4a5cf927-5e23-4267-926e-9463e171f71e,12/3/2017 22:56,38,284773.0
1525,4a5cf927-5e23-4267-926e-9463e171f71e,12/3/2017 21:56,17,284735.0
1526,4a5cf927-5e23-4267-926e-9463e171f71e,12/3/2017 20:56,4,284718.0
1527,4a5cf927-5e23-4267-926e-9463e171f71e,12/3/2017 19:56,0,284714.0
1528,4a5cf927-5e23-4267-926e-9463e171f71e,12/3/2017 18:56,0,284714.0
1529,4a5cf927-5e23-4267-926e-9463e171f71e,12/3/2017 17:56,51,284714.0
1530,4a5cf927-5e23-4267-926e-9463e171f71e,12/3/2017 16:56,19,284663.0
1531,4a5cf927-5e23-4267-926e-9463e171f71e,12/3/2017 15:56,58,284644.0
1532,4a5cf927-5e23-4267-926e-9463e171f71e,12/3/2017 14:56,11,284586.0
1533,4a5cf927-5e23-4267-926e-9463e171f71e,12/3/2017 13:56,10,284575.0
1534,4a5cf927-5e23-4267-926e-9463e171f71e,12/3/2017 12:56,56,284565.0
1535,4a5cf927-5e23-4267-926e-9463e171f71e,12/3/2017 11:56,13,284509.0
1536,4a5cf927-5e23-4267-926e-9463e171f71e,12/3/2017 10:56,103,284496.0
1537,4a5cf927-5e23-4267-926e-9463e171f71e,12/3/2017 9:56,16,284393.0
1538,4a5cf927-5e23-4267-926e-9463e171f71e,12/3/2017 8:56,9,284377.0
1539,4a5cf927-5e23-4267-926e-9463e171f71e,12/3/2017 7:56,0,284368.0
1540,4a5cf927-5e23-4267-926e-9463e171f71e,12/3/2017 6:56,0,284368.0
1541,4a5cf927-5e23-4267-926e-9463e171f71e,12/3/2017 5:56,0,284368.0
1542,4a5cf927-5e23-4267-926e-9463e171f71e,12/3/2017 4:56,2,284368.0
1543,4a5cf927-5e23-4267-926e-9463e171f71e,12/3/2017 3:56,0,284366.0
1544,4a5cf927-5e23-4267-926e-9463e171f71e,12/3/2017 2:56,0,284366.0
1545,4a5cf927-5e23-4267-926e-9463e171f71e,12/3/2017 1:56,0,284366.0
1546,4a5cf927-5e23-4267-926e-9463e171f71e,12/3/2017 0:56,15,284366.0
1547,4a5cf927-5e23-4267-926e-9463e171f71e,11/3/2017 23:56,39,284351.0
1548,4a5cf927-5e23-4267-926e-9463e171f71e,11/3/2017 22:56,38,284312.0
1549,4a5cf927-5e23-4267-926e-9463e171f71e,11/3/2017 21:56,34,284274.0
1550,4a5cf927-5e23-4267-926e-9463e171f71e,11/3/2017 20:56,18,284240.0
1551,4a5cf927-5e23-4267-926e-9463e171f71e,11/3/2017 19:56,15,284222.0
1552,4a5cf927-5e23-4267-926e-9463e171f71e,11/3/2017 18:56,0,284207.0
1553,4a5cf927-5e23-4267-926e-9463e171f71e,11/3/2017 17:56,29,284207.0
1554,4a5cf927-5e23-4267-926e-9463e171f71e,11/3/2017 16:56,36,284178.0
1555,4a5cf927-5e23-4267-926e-9463e171f71e,11/3/2017 15:56,19,284142.0
1556,4a5cf927-5e23-4267-926e-9463e171f71e,11/3/2017 14:56,0,284123.0
1557,4a5cf927-5e23-4267-926e-9463e171f71e,11/3/2017 13:17,4,284123.0
1558,4a5cf927-5e23-4267-926e-9463e171f71e,11/3/2017 12:17,11,284119.0
1559,4a5cf927-5e23-4267-926e-9463e171f71e,11/3/2017 11:17,106,284108.0
1560,4a5cf927-5e23-4267-926e-9463e171f71e,11/3/2017 9:56,56,284002.0
1561,4a5cf927-5e23-4267-926e-9463e171f71e,11/3/2017 8:56,13,283946.0
1562,4a5cf927-5e23-4267-926e-9463e171f71e,11/3/2017 7:56,0,283933.0
1563,4a5cf927-5e23-4267-926e-9463e171f71e,11/3/2017 6:56,0,283933.0
1564,4a5cf927-5e23-4267-926e-9463e171f71e,11/3/2017 5:56,0,283933.0
1565,4a5cf927-5e23-4267-926e-9463e171f71e,11/3/2017 4:56,2,283933.0
1566,4a5cf927-5e23-4267-926e-9463e171f71e,11/3/2017 3:56,0,283931.0
1567,4a5cf927-5e23-4267-926e-9463e171f71e,11/3/2017 2:56,0,283931.0
1568,4a5cf927-5e23-4267-926e-9463e171f71e,11/3/2017 1:57,0,283931.0
1569,4a5cf927-5e23-4267-926e-9463e171f71e,11/3/2017 0:57,11,283931.0
1570,4a5cf927-5e23-4267-926e-9463e171f71e,10/3/2017 23:57,34,283920.0
1571,4a5cf927-5e23-4267-926e-9463e171f71e,10/3/2017 22:57,32,283886.0
1572,4a5cf927-5e23-4267-926e-9463e171f71e,10/3/2017 21:56,54,283854.0
1573,4a5cf927-5e23-4267-926e-9463e171f71e,10/3/2017 20:56,11,283800.0
1574,4a5cf927-5e23-4267-926e-9463e171f71e,10/3/2017 19:56,23,283789.0
1575,4a5cf927-5e23-4267-926e-9463e171f71e,10/3/2017 18:56,0,283766.0
1576,4a5cf927-5e23-4267-926e-9463e171f71e,10/3/2017 17:56,17,283766.0
1577,4a5cf927-5e23-4267-926e-9463e171f71e,10/3/2017 16:56,86,283749.0
1578,4a5cf927-5e23-4267-926e-9463e171f71e,10/3/2017 15:56,18,283663.0
1579,4a5cf927-5e23-4267-926e-9463e171f71e,10/3/2017 14:56,4,283645.0
1580,4a5cf927-5e23-4267-926e-9463e171f71e,10/3/2017 13:56,0,283641.0
1581,4a5cf927-5e23-4267-926e-9463e171f71e,10/3/2017 12:56,15,283641.0
1582,4a5cf927-5e23-4267-926e-9463e171f71e,10/3/2017 11:56,7,283626.0
1583,4a5cf927-5e23-4267-926e-9463e171f71e,10/3/2017 10:56,70,283619.0
1584,4a5cf927-5e23-4267-926e-9463e171f71e,10/3/2017 9:56,33,283549.0
1585,4a5cf927-5e23-4267-926e-9463e171f71e,10/3/2017 8:56,15,283516.0
1586,4a5cf927-5e23-4267-926e-9463e171f71e,10/3/2017 7:56,3,283501.0
1587,4a5cf927-5e23-4267-926e-9463e171f71e,10/3/2017 6:56,0,283498.0
1588,4a5cf927-5e23-4267-926e-9463e171f71e,10/3/2017 5:56,0,283498.0
1589,4a5cf927-5e23-4267-926e-9463e171f71e,10/3/2017 4:56,1,283498.0
1590,4a5cf927-5e23-4267-926e-9463e171f71e,10/3/2017 3:56,0,283497.0
1591,4a5cf927-5e23-4267-926e-9463e171f71e,10/3/2017 2:56,0,283497.0
1592,4a5cf927-5e23-4267-926e-9463e171f71e,10/3/2017 1:59,0,283497.0
1593,4a5cf927-5e23-4267-926e-9463e171f71e,10/3/2017 0:59,13,283497.0
1594,4a5cf927-5e23-4267-926e-9463e171f71e,9/3/2017 23:59,62,283484.0
1595,4a5cf927-5e23-4267-926e-9463e171f71e,9/3/2017 22:59,5,283422.0
1596,4a5cf927-5e23-4267-926e-9463e171f71e,9/3/2017 21:56,28,283417.0
1597,4a5cf927-5e23-4267-926e-9463e171f71e,9/3/2017 20:56,13,283389.0
1598,4a5cf927-5e23-4267-926e-9463e171f71e,9/3/2017 19:56,0,283376.0
1599,4a5cf927-5e23-4267-926e-9463e171f71e,9/3/2017 18:56,117,283376.0
1600,4a5cf927-5e23-4267-926e-9463e171f71e,9/3/2017 13:56,0,283259.0
1601,4a5cf927-5e23-4267-926e-9463e171f71e,9/3/2017 12:56,60,283259.0
1602,4a5cf927-5e23-4267-926e-9463e171f71e,9/3/2017 11:56,22,283199.0
1603,4a5cf927-5e23-4267-926e-9463e171f71e,9/3/2017 10:56,126,283177.0
1604,4a5cf927-5e23-4267-926e-9463e171f71e,9/3/2017 9:56,13,283051.0
1605,4a5cf927-5e23-4267-926e-9463e171f71e,9/3/2017 8:56,8,283038.0
1606,4a5cf927-5e23-4267-926e-9463e171f71e,9/3/2017 7:56,3,283030.0
1607,4a5cf927-5e23-4267-926e-9463e171f71e,9/3/2017 6:56,0,283027.0
1608,4a5cf927-5e23-4267-926e-9463e171f71e,9/3/2017 5:56,0,283027.0
1609,4a5cf927-5e23-4267-926e-9463e171f71e,9/3/2017 4:56,0,283027.0
1610,4a5cf927-5e23-4267-926e-9463e171f71e,9/3/2017 3:56,0,283027.0
1611,4a5cf927-5e23-4267-926e-9463e171f71e,9/3/2017 2:56,0,283027.0
1612,4a5cf927-5e23-4267-926e-9463e171f71e,9/3/2017 1:56,0,283027.0
1613,4a5cf927-5e23-4267-926e-9463e171f71e,9/3/2017 0:56,5,283027.0
1614,4a5cf927-5e23-4267-926e-9463e171f71e,8/3/2017 23:56,16,283022.0
1615,4a5cf927-5e23-4267-926e-9463e171f71e,8/3/2017 22:56,57,283006.0
1616,4a5cf927-5e23-4267-926e-9463e171f71e,8/3/2017 21:56,34,282949.0
1617,4a5cf927-5e23-4267-926e-9463e171f71e,8/3/2017 20:56,0,282915.0
1618,4a5cf927-5e23-4267-926e-9463e171f71e,8/3/2017 19:56,0,282915.0
1619,4a5cf927-5e23-4267-926e-9463e171f71e,8/3/2017 18:56,16,282915.0
1620,4a5cf927-5e23-4267-926e-9463e171f71e,8/3/2017 17:00,42,282899.0
1621,4a5cf927-5e23-4267-926e-9463e171f71e,8/3/2017 16:00,22,282857.0
1622,4a5cf927-5e23-4267-926e-9463e171f71e,8/3/2017 15:00,29,282835.0
1623,4a5cf927-5e23-4267-926e-9463e171f71e,8/3/2017 13:56,0,282806.0
1624,4a5cf927-5e23-4267-926e-9463e171f71e,8/3/2017 12:56,0,282806.0
1625,4a5cf927-5e23-4267-926e-9463e171f71e,8/3/2017 11:56,25,282806.0
1626,4a5cf927-5e23-4267-926e-9463e171f71e,8/3/2017 10:56,15,282781.0
1627,4a5cf927-5e23-4267-926e-9463e171f71e,8/3/2017 9:57,4,282766.0
1628,4a5cf927-5e23-4267-926e-9463e171f71e,8/3/2017 8:57,20,282762.0
1629,4a5cf927-5e23-4267-926e-9463e171f71e,8/3/2017 7:57,64,282742.0
1630,4a5cf927-5e23-4267-926e-9463e171f71e,8/3/2017 6:57,0,282678.0
1631,4a5cf927-5e23-4267-926e-9463e171f71e,8/3/2017 5:56,0,282678.0
1632,4a5cf927-5e23-4267-926e-9463e171f71e,8/3/2017 4:56,2,282678.0
1633,4a5cf927-5e23-4267-926e-9463e171f71e,8/3/2017 3:56,0,282676.0
1634,4a5cf927-5e23-4267-926e-9463e171f71e,8/3/2017 2:56,0,282676.0
1635,4a5cf927-5e23-4267-926e-9463e171f71e,8/3/2017 1:02,3,282676.0
1636,4a5cf927-5e23-4267-926e-9463e171f71e,8/3/2017 0:02,46,282673.0
1637,4a5cf927-5e23-4267-926e-9463e171f71e,7/3/2017 23:02,2,282627.0
1638,4a5cf927-5e23-4267-926e-9463e171f71e,7/3/2017 21:57,81,282625.0
1639,4a5cf927-5e23-4267-926e-9463e171f71e,7/3/2017 20:57,14,282544.0
1640,4a5cf927-5e23-4267-926e-9463e171f71e,7/3/2017 19:57,17,282530.0
1641,4a5cf927-5e23-4267-926e-9463e171f71e,7/3/2017 18:57,0,282513.0
1642,4a5cf927-5e23-4267-926e-9463e171f71e,7/3/2017 17:57,0,282513.0
1643,4a5cf927-5e23-4267-926e-9463e171f71e,7/3/2017 16:57,22,282513.0
1644,4a5cf927-5e23-4267-926e-9463e171f71e,7/3/2017 15:57,37,282491.0
1645,4a5cf927-5e23-4267-926e-9463e171f71e,7/3/2017 14:57,68,282454.0
1646,4a5cf927-5e23-4267-926e-9463e171f71e,7/3/2017 9:59,101,282386.0
1647,4a5cf927-5e23-4267-926e-9463e171f71e,7/3/2017 8:59,20,282285.0
1648,4a5cf927-5e23-4267-926e-9463e171f71e,7/3/2017 7:59,0,282265.0
1649,4a5cf927-5e23-4267-926e-9463e171f71e,7/3/2017 6:59,0,282265.0
1650,4a5cf927-5e23-4267-926e-9463e171f71e,7/3/2017 5:57,0,282265.0
1651,4a5cf927-5e23-4267-926e-9463e171f71e,7/3/2017 4:57,0,282265.0
1652,4a5cf927-5e23-4267-926e-9463e171f71e,7/3/2017 3:57,0,282265.0
1653,4a5cf927-5e23-4267-926e-9463e171f71e,7/3/2017 2:57,0,282265.0
1654,4a5cf927-5e23-4267-926e-9463e171f71e,7/3/2017 1:57,2,282265.0
1655,4a5cf927-5e23-4267-926e-9463e171f71e,7/3/2017 0:57,14,282263.0
1656,4a5cf927-5e23-4267-926e-9463e171f71e,6/3/2017 23:57,22,282249.0
1657,4a5cf927-5e23-4267-926e-9463e171f71e,6/3/2017 22:57,7,282227.0
1658,4a5cf927-5e23-4267-926e-9463e171f71e,6/3/2017 21:57,67,282220.0
1659,4a5cf927-5e23-4267-926e-9463e171f71e,6/3/2017 20:57,0,282153.0
1660,4a5cf927-5e23-4267-926e-9463e171f71e,6/3/2017 19:57,10,282153.0
1661,4a5cf927-5e23-4267-926e-9463e171f71e,6/3/2017 18:57,5,282143.0
1662,4a5cf927-5e23-4267-926e-9463e171f71e,6/3/2017 17:57,4,282138.0
1663,4a5cf927-5e23-4267-926e-9463e171f71e,6/3/2017 16:57,24,282134.0
1664,4a5cf927-5e23-4267-926e-9463e171f71e,6/3/2017 15:57,23,282110.0
1665,4a5cf927-5e23-4267-926e-9463e171f71e,6/3/2017 14:57,13,282087.0
1666,4a5cf927-5e23-4267-926e-9463e171f71e,6/3/2017 13:57,44,282074.0
1667,4a5cf927-5e23-4267-926e-9463e171f71e,6/3/2017 12:57,14,282030.0
1668,4a5cf927-5e23-4267-926e-9463e171f71e,6/3/2017 11:57,10,282016.0
1669,4a5cf927-5e23-4267-926e-9463e171f71e,6/3/2017 10:57,12,282006.0
1670,4a5cf927-5e23-4267-926e-9463e171f71e,6/3/2017 9:57,61,281994.0
1671,4a5cf927-5e23-4267-926e-9463e171f71e,6/3/2017 8:57,15,281933.0
1672,4a5cf927-5e23-4267-926e-9463e171f71e,6/3/2017 7:57,0,281918.0
1673,4a5cf927-5e23-4267-926e-9463e171f71e,6/3/2017 6:57,0,281918.0
1674,4a5cf927-5e23-4267-926e-9463e171f71e,6/3/2017 5:57,0,281918.0
1675,4a5cf927-5e23-4267-926e-9463e171f71e,6/3/2017 4:57,3,281918.0
1676,4a5cf927-5e23-4267-926e-9463e171f71e,6/3/2017 3:57,0,281915.0
1677,4a5cf927-5e23-4267-926e-9463e171f71e,6/3/2017 2:57,91,281915.0
1678,4a5cf927-5e23-4267-926e-9463e171f71e,5/3/2017 21:57,10,281824.0
1679,4a5cf927-5e23-4267-926e-9463e171f71e,5/3/2017 20:57,0,281814.0
1680,4a5cf927-5e23-4267-926e-9463e171f71e,5/3/2017 19:57,13,281814.0
1681,4a5cf927-5e23-4267-926e-9463e171f71e,5/3/2017 18:57,140,281801.0
1682,4a5cf927-5e23-4267-926e-9463e171f71e,5/3/2017 13:57,16,281661.0
1683,4a5cf927-5e23-4267-926e-9463e171f71e,5/3/2017 12:57,71,281645.0
1684,4a5cf927-5e23-4267-926e-9463e171f71e,5/3/2017 11:57,74,281574.0
1685,4a5cf927-5e23-4267-926e-9463e171f71e,5/3/2017 10:57,13,281500.0
1686,4a5cf927-5e23-4267-926e-9463e171f71e,5/3/2017 9:57,31,281487.0
1687,4a5cf927-5e23-4267-926e-9463e171f71e,5/3/2017 8:57,2,281456.0
1688,4a5cf927-5e23-4267-926e-9463e171f71e,5/3/2017 7:57,0,281454.0
1689,4a5cf927-5e23-4267-926e-9463e171f71e,5/3/2017 6:57,0,281454.0
1690,4a5cf927-5e23-4267-926e-9463e171f71e,5/3/2017 5:57,0,281454.0
1691,4a5cf927-5e23-4267-926e-9463e171f71e,5/3/2017 4:57,3,281454.0
1692,4a5cf927-5e23-4267-926e-9463e171f71e,5/3/2017 3:57,0,281451.0
1693,4a5cf927-5e23-4267-926e-9463e171f71e,5/3/2017 2:57,0,281451.0
1694,4a5cf927-5e23-4267-926e-9463e171f71e,5/3/2017 1:57,0,281451.0
1695,4a5cf927-5e23-4267-926e-9463e171f71e,5/3/2017 0:57,5,281451.0
1696,4a5cf927-5e23-4267-926e-9463e171f71e,4/3/2017 23:57,18,281446.0
1697,4a5cf927-5e23-4267-926e-9463e171f71e,4/3/2017 22:57,12,281428.0
1698,4a5cf927-5e23-4267-926e-9463e171f71e,4/3/2017 21:57,20,281416.0
1699,4a5cf927-5e23-4267-926e-9463e171f71e,4/3/2017 20:57,19,281396.0
1700,4a5cf927-5e23-4267-926e-9463e171f71e,4/3/2017 19:57,4,281377.0
1701,4a5cf927-5e23-4267-926e-9463e171f71e,4/3/2017 18:57,11,281373.0
1702,4a5cf927-5e23-4267-926e-9463e171f71e,4/3/2017 17:57,0,281362.0
1703,4a5cf927-5e23-4267-926e-9463e171f71e,4/3/2017 16:57,6,281362.0
1704,4a5cf927-5e23-4267-926e-9463e171f71e,4/3/2017 15:57,45,281356.0
1705,4a5cf927-5e23-4267-926e-9463e171f71e,4/3/2017 14:57,20,281311.0
1706,4a5cf927-5e23-4267-926e-9463e171f71e,4/3/2017 13:57,4,281291.0
1707,4a5cf927-5e23-4267-926e-9463e171f71e,4/3/2017 12:57,7,281287.0
1708,4a5cf927-5e23-4267-926e-9463e171f71e,4/3/2017 11:57,3,281280.0
1709,4a5cf927-5e23-4267-926e-9463e171f71e,4/3/2017 10:57,1,281277.0
1710,4a5cf927-5e23-4267-926e-9463e171f71e,4/3/2017 9:57,21,281276.0
1711,4a5cf927-5e23-4267-926e-9463e171f71e,4/3/2017 8:57,17,281255.0
1712,4a5cf927-5e23-4267-926e-9463e171f71e,4/3/2017 7:57,55,281238.0
1713,4a5cf927-5e23-4267-926e-9463e171f71e,4/3/2017 6:57,0,281183.0
1714,4a5cf927-5e23-4267-926e-9463e171f71e,4/3/2017 5:57,0,281183.0
1715,4a5cf927-5e23-4267-926e-9463e171f71e,4/3/2017 4:57,0,281183.0
1716,4a5cf927-5e23-4267-926e-9463e171f71e,4/3/2017 3:57,0,281183.0
1717,4a5cf927-5e23-4267-926e-9463e171f71e,4/3/2017 2:57,0,281183.0
1718,4a5cf927-5e23-4267-926e-9463e171f71e,4/3/2017 1:57,0,281183.0
1719,4a5cf927-5e23-4267-926e-9463e171f71e,4/3/2017 0:57,12,281183.0
1720,4a5cf927-5e23-4267-926e-9463e171f71e,3/3/2017 23:57,14,281171.0
1721,4a5cf927-5e23-4267-926e-9463e171f71e,3/3/2017 22:57,44,281157.0
1722,4a5cf927-5e23-4267-926e-9463e171f71e,3/3/2017 21:57,0,281113.0
1723,4a5cf927-5e23-4267-926e-9463e171f71e,3/3/2017 20:57,4,281113.0
1724,4a5cf927-5e23-4267-926e-9463e171f71e,3/3/2017 19:57,31,281109.0
1725,4a5cf927-5e23-4267-926e-9463e171f71e,3/3/2017 18:57,11,281078.0
1726,4a5cf927-5e23-4267-926e-9463e171f71e,3/3/2017 17:57,0,281067.0
1727,4a5cf927-5e23-4267-926e-9463e171f71e,3/3/2017 16:57,9,281067.0
1728,4a5cf927-5e23-4267-926e-9463e171f71e,3/3/2017 15:57,29,281058.0
1729,4a5cf927-5e23-4267-926e-9463e171f71e,3/3/2017 14:57,8,281029.0
1730,4a5cf927-5e23-4267-926e-9463e171f71e,3/3/2017 13:57,7,281021.0
1731,4a5cf927-5e23-4267-926e-9463e171f71e,3/3/2017 12:57,0,281014.0
1732,4a5cf927-5e23-4267-926e-9463e171f71e,3/3/2017 11:57,19,281014.0
1733,4a5cf927-5e23-4267-926e-9463e171f71e,3/3/2017 10:57,95,280995.0
1734,4a5cf927-5e23-4267-926e-9463e171f71e,3/3/2017 5:57,0,280900.0
1735,4a5cf927-5e23-4267-926e-9463e171f71e,3/3/2017 4:57,0,280900.0
1736,4a5cf927-5e23-4267-926e-9463e171f71e,3/3/2017 3:57,0,280900.0
1737,4a5cf927-5e23-4267-926e-9463e171f71e,3/3/2017 2:57,0,280900.0
1738,4a5cf927-5e23-4267-926e-9463e171f71e,3/3/2017 1:57,36,280900.0
1739,4a5cf927-5e23-4267-926e-9463e171f71e,3/3/2017 0:57,7,280864.0
1740,4a5cf927-5e23-4267-926e-9463e171f71e,2/3/2017 23:57,25,280857.0
1741,4a5cf927-5e23-4267-926e-9463e171f71e,2/3/2017 22:57,15,280832.0
1742,4a5cf927-5e23-4267-926e-9463e171f71e,2/3/2017 21:57,9,280817.0
1743,4a5cf927-5e23-4267-926e-9463e171f71e,2/3/2017 20:57,12,280808.0
1744,4a5cf927-5e23-4267-926e-9463e171f71e,2/3/2017 19:57,22,280796.0
1745,4a5cf927-5e23-4267-926e-9463e171f71e,2/3/2017 18:57,57,280774.0
1746,4a5cf927-5e23-4267-926e-9463e171f71e,2/3/2017 17:00,6,280717.0
1747,4a5cf927-5e23-4267-926e-9463e171f71e,2/3/2017 16:00,2,280711.0
1748,4a5cf927-5e23-4267-926e-9463e171f71e,2/3/2017 15:00,5,280709.0
1749,4a5cf927-5e23-4267-926e-9463e171f71e,2/3/2017 13:57,67,280704.0
1750,4a5cf927-5e23-4267-926e-9463e171f71e,2/3/2017 12:57,41,280637.0
1751,4a5cf927-5e23-4267-926e-9463e171f71e,2/3/2017 11:57,33,280596.0
1752,4a5cf927-5e23-4267-926e-9463e171f71e,2/3/2017 10:57,18,280563.0
1753,4a5cf927-5e23-4267-926e-9463e171f71e,2/3/2017 9:57,6,280545.0
1754,4a5cf927-5e23-4267-926e-9463e171f71e,2/3/2017 8:57,0,280539.0
1755,4a5cf927-5e23-4267-926e-9463e171f71e,2/3/2017 7:57,0,280539.0
1756,4a5cf927-5e23-4267-926e-9463e171f71e,2/3/2017 6:57,0,280539.0
1757,4a5cf927-5e23-4267-926e-9463e171f71e,2/3/2017 5:03,0,280539.0
1758,4a5cf927-5e23-4267-926e-9463e171f71e,2/3/2017 4:03,0,280539.0
1759,4a5cf927-5e23-4267-926e-9463e171f71e,2/3/2017 3:03,0,280539.0
1760,4a5cf927-5e23-4267-926e-9463e171f71e,2/3/2017 1:57,0,280539.0
1761,4a5cf927-5e23-4267-926e-9463e171f71e,2/3/2017 0:57,0,280539.0
1762,4a5cf927-5e23-4267-926e-9463e171f71e,1/3/2017 23:57,42,280539.0
1763,4a5cf927-5e23-4267-926e-9463e171f71e,1/3/2017 22:57,31,280497.0
1764,4a5cf927-5e23-4267-926e-9463e171f71e,1/3/2017 21:57,14,280466.0
1765,4a5cf927-5e23-4267-926e-9463e171f71e,1/3/2017 20:57,15,280452.0
1766,4a5cf927-5e23-4267-926e-9463e171f71e,1/3/2017 19:57,22,280437.0
1767,4a5cf927-5e23-4267-926e-9463e171f71e,1/3/2017 18:57,3,280415.0
1768,4a5cf927-5e23-4267-926e-9463e171f71e,1/3/2017 17:58,3,280412.0
1769,4a5cf927-5e23-4267-926e-9463e171f71e,1/3/2017 16:58,29,280409.0
1770,4a5cf927-5e23-4267-926e-9463e171f71e,1/3/2017 15:58,13,280380.0
1771,4a5cf927-5e23-4267-926e-9463e171f71e,1/3/2017 14:58,22,280367.0
1772,4a5cf927-5e23-4267-926e-9463e171f71e,1/3/2017 13:57,29,280345.0
1773,4a5cf927-5e23-4267-926e-9463e171f71e,1/3/2017 12:57,48,280316.0
1774,4a5cf927-5e23-4267-926e-9463e171f71e,1/3/2017 11:57,70,280268.0
1775,4a5cf927-5e23-4267-926e-9463e171f71e,1/3/2017 10:57,7,280198.0
1776,4a5cf927-5e23-4267-926e-9463e171f71e,1/3/2017 9:57,36,280191.0
1777,4a5cf927-5e23-4267-926e-9463e171f71e,1/3/2017 8:57,0,280155.0
1778,4a5cf927-5e23-4267-926e-9463e171f71e,1/3/2017 7:57,0,280155.0
1779,4a5cf927-5e23-4267-926e-9463e171f71e,1/3/2017 6:57,0,280155.0
1780,4a5cf927-5e23-4267-926e-9463e171f71e,1/3/2017 5:57,0,280155.0
1781,4a5cf927-5e23-4267-926e-9463e171f71e,1/3/2017 4:57,0,280155.0
1782,4a5cf927-5e23-4267-926e-9463e171f71e,1/3/2017 3:57,0,280155.0
1783,4a5cf927-5e23-4267-926e-9463e171f71e,1/3/2017 2:57,0,280155.0
1784,4a5cf927-5e23-4267-926e-9463e171f71e,1/3/2017 1:57,0,280155.0
1785,4a5cf927-5e23-4267-926e-9463e171f71e,1/3/2017 0:57,4,280155.0
1786,4a5cf927-5e23-4267-926e-9463e171f71e,28/02/2017 23:57:19,15,280151.0
1787,4a5cf927-5e23-4267-926e-9463e171f71e,28/02/2017 22:57:19,11,280136.0
1788,4a5cf927-5e23-4267-926e-9463e171f71e,28/02/2017 21:57:15,10,280125.0
1789,4a5cf927-5e23-4267-926e-9463e171f71e,28/02/2017 20:57:15,19,280115.0
1790,4a5cf927-5e23-4267-926e-9463e171f71e,28/02/2017 19:57:15,19,280096.0
1791,4a5cf927-5e23-4267-926e-9463e171f71e,28/02/2017 18:57:15,25,280077.0
1792,4a5cf927-5e23-4267-926e-9463e171f71e,28/02/2017 17:00:02,14,280052.0
1793,4a5cf927-5e23-4267-926e-9463e171f71e,28/02/2017 16:00:02,45,280038.0
1794,4a5cf927-5e23-4267-926e-9463e171f71e,28/02/2017 15:00:02,15,279993.0
1795,4a5cf927-5e23-4267-926e-9463e171f71e,28/02/2017 13:57:18,11,279978.0
1796,4a5cf927-5e23-4267-926e-9463e171f71e,28/02/2017 12:57:18,0,279967.0
1797,4a5cf927-5e23-4267-926e-9463e171f71e,28/02/2017 11:57:18,0,279967.0
1798,4a5cf927-5e23-4267-926e-9463e171f71e,28/02/2017 10:57:18,17,279967.0
1799,4a5cf927-5e23-4267-926e-9463e171f71e,28/02/2017 09:57:20,83,279950.0
1800,4a5cf927-5e23-4267-926e-9463e171f71e,28/02/2017 08:57:20,15,279867.0
1801,4a5cf927-5e23-4267-926e-9463e171f71e,28/02/2017 07:57:20,17,279852.0
1802,4a5cf927-5e23-4267-926e-9463e171f71e,28/02/2017 06:57:20,0,279835.0
1803,4a5cf927-5e23-4267-926e-9463e171f71e,28/02/2017 05:57:19,0,279835.0
1804,4a5cf927-5e23-4267-926e-9463e171f71e,28/02/2017 04:57:19,0,279835.0
1805,4a5cf927-5e23-4267-926e-9463e171f71e,28/02/2017 03:57:19,0,279835.0
1806,4a5cf927-5e23-4267-926e-9463e171f71e,28/02/2017 02:57:19,0,279835.0
1807,4a5cf927-5e23-4267-926e-9463e171f71e,28/02/2017 01:57:20,6,279835.0
1808,4a5cf927-5e23-4267-926e-9463e171f71e,28/02/2017 00:57:20,2,279829.0
1809,4a5cf927-5e23-4267-926e-9463e171f71e,27/02/2017 23:57:20,25,279827.0
1810,4a5cf927-5e23-4267-926e-9463e171f71e,27/02/2017 22:57:20,6,279802.0
1811,4a5cf927-5e23-4267-926e-9463e171f71e,27/02/2017 21:57:20,15,279796.0
1812,4a5cf927-5e23-4267-926e-9463e171f71e,27/02/2017 20:57:20,15,279781.0
1813,4a5cf927-5e23-4267-926e-9463e171f71e,27/02/2017 19:57:20,0,279766.0
1814,4a5cf927-5e23-4267-926e-9463e171f71e,27/02/2017 18:57:20,110,279766.0
1815,4a5cf927-5e23-4267-926e-9463e171f71e,27/02/2017 13:57:19,6,279656.0
1816,4a5cf927-5e23-4267-926e-9463e171f71e,27/02/2017 12:57:19,0,279650.0
1817,4a5cf927-5e23-4267-926e-9463e171f71e,27/02/2017 11:57:19,0,279650.0
1818,4a5cf927-5e23-4267-926e-9463e171f71e,27/02/2017 10:57:19,112,279650.0
1819,4a5cf927-5e23-4267-926e-9463e171f71e,27/02/2017 05:57:20,0,279538.0
1820,4a5cf927-5e23-4267-926e-9463e171f71e,27/02/2017 04:57:20,0,279538.0
1821,4a5cf927-5e23-4267-926e-9463e171f71e,27/02/2017 03:57:20,0,279538.0
1822,4a5cf927-5e23-4267-926e-9463e171f71e,27/02/2017 02:57:20,0,279538.0
1823,4a5cf927-5e23-4267-926e-9463e171f71e,27/02/2017 01:58:18,0,279538.0
1824,4a5cf927-5e23-4267-926e-9463e171f71e,27/02/2017 00:58:18,0,279538.0
1825,4a5cf927-5e23-4267-926e-9463e171f71e,26/02/2017 23:58:18,4,279538.0
1826,4a5cf927-5e23-4267-926e-9463e171f71e,26/02/2017 22:58:18,1,279534.0
1827,4a5cf927-5e23-4267-926e-9463e171f71e,26/02/2017 21:57:22,43,279533.0
1828,4a5cf927-5e23-4267-926e-9463e171f71e,26/02/2017 20:57:22,5,279490.0
1829,4a5cf927-5e23-4267-926e-9463e171f71e,26/02/2017 19:57:22,23,279485.0
1830,4a5cf927-5e23-4267-926e-9463e171f71e,26/02/2017 18:57:22,0,279462.0
1831,4a5cf927-5e23-4267-926e-9463e171f71e,26/02/2017 13:57:23,0,279462.0
1832,4a5cf927-5e23-4267-926e-9463e171f71e,26/02/2017 12:57:23,0,279462.0
1833,4a5cf927-5e23-4267-926e-9463e171f71e,26/02/2017 11:57:23,0,279462.0
1834,4a5cf927-5e23-4267-926e-9463e171f71e,26/02/2017 10:57:23,0,279462.0
1835,4a5cf927-5e23-4267-926e-9463e171f71e,26/02/2017 09:57:25,0,279462.0
1836,4a5cf927-5e23-4267-926e-9463e171f71e,26/02/2017 08:57:25,0,279462.0
1837,4a5cf927-5e23-4267-926e-9463e171f71e,26/02/2017 07:57:25,0,279462.0
1838,4a5cf927-5e23-4267-926e-9463e171f71e,26/02/2017 06:57:25,0,279462.0
1839,4a5cf927-5e23-4267-926e-9463e171f71e,26/02/2017 05:57:23,0,279462.0
1840,4a5cf927-5e23-4267-926e-9463e171f71e,26/02/2017 04:57:23,0,279462.0
1841,4a5cf927-5e23-4267-926e-9463e171f71e,26/02/2017 03:57:23,0,279462.0
1842,4a5cf927-5e23-4267-926e-9463e171f71e,26/02/2017 02:57:23,0,279462.0
1843,4a5cf927-5e23-4267-926e-9463e171f71e,26/02/2017 01:57:24,0,279462.0
1844,4a5cf927-5e23-4267-926e-9463e171f71e,26/02/2017 00:57:24,0,279462.0
1845,4a5cf927-5e23-4267-926e-9463e171f71e,25/02/2017 23:57:24,0,279462.0
1846,4a5cf927-5e23-4267-926e-9463e171f71e,25/02/2017 22:57:24,0,279462.0
1847,4a5cf927-5e23-4267-926e-9463e171f71e,25/02/2017 21:57:24,0,279462.0
1848,4a5cf927-5e23-4267-926e-9463e171f71e,25/02/2017 20:57:24,0,279462.0
1849,4a5cf927-5e23-4267-926e-9463e171f71e,25/02/2017 19:57:24,0,279462.0
1850,4a5cf927-5e23-4267-926e-9463e171f71e,25/02/2017 18:57:24,0,279462.0
1851,4a5cf927-5e23-4267-926e-9463e171f71e,25/02/2017 17:57:27,0,279462.0
1852,4a5cf927-5e23-4267-926e-9463e171f71e,25/02/2017 16:57:27,0,279462.0
1853,4a5cf927-5e23-4267-926e-9463e171f71e,25/02/2017 15:57:27,0,279462.0
1854,4a5cf927-5e23-4267-926e-9463e171f71e,25/02/2017 14:57:27,0,279462.0
1855,4a5cf927-5e23-4267-926e-9463e171f71e,25/02/2017 13:57:25,0,279462.0
1856,4a5cf927-5e23-4267-926e-9463e171f71e,25/02/2017 12:57:25,0,279462.0
1857,4a5cf927-5e23-4267-926e-9463e171f71e,25/02/2017 11:57:25,0,279462.0
1858,4a5cf927-5e23-4267-926e-9463e171f71e,25/02/2017 10:57:25,0,279462.0
1859,4a5cf927-5e23-4267-926e-9463e171f71e,25/02/2017 09:57:27,0,279462.0
1860,4a5cf927-5e23-4267-926e-9463e171f71e,25/02/2017 08:57:27,0,279462.0
1861,4a5cf927-5e23-4267-926e-9463e171f71e,25/02/2017 07:57:27,0,279462.0
1862,4a5cf927-5e23-4267-926e-9463e171f71e,25/02/2017 06:57:27,0,279462.0
1863,4a5cf927-5e23-4267-926e-9463e171f71e,25/02/2017 05:57:26,0,279462.0
1864,4a5cf927-5e23-4267-926e-9463e171f71e,25/02/2017 04:57:26,0,279462.0
1865,4a5cf927-5e23-4267-926e-9463e171f71e,25/02/2017 03:57:26,0,279462.0
1866,4a5cf927-5e23-4267-926e-9463e171f71e,25/02/2017 02:57:26,0,279462.0
1867,4a5cf927-5e23-4267-926e-9463e171f71e,25/02/2017 01:57:52,0,279462.0
1868,4a5cf927-5e23-4267-926e-9463e171f71e,25/02/2017 00:57:52,0,279462.0
1869,4a5cf927-5e23-4267-926e-9463e171f71e,24/02/2017 23:57:52,0,279462.0
1870,4a5cf927-5e23-4267-926e-9463e171f71e,24/02/2017 22:57:52,0,279462.0
1871,4a5cf927-5e23-4267-926e-9463e171f71e,24/02/2017 21:57:27,0,279462.0
1872,4a5cf927-5e23-4267-926e-9463e171f71e,24/02/2017 20:57:27,0,279462.0
1873,4a5cf927-5e23-4267-926e-9463e171f71e,24/02/2017 19:57:27,0,279462.0
1874,4a5cf927-5e23-4267-926e-9463e171f71e,24/02/2017 18:57:27,0,279462.0
1875,4a5cf927-5e23-4267-926e-9463e171f71e,24/02/2017 17:57:28,0,279462.0
1876,4a5cf927-5e23-4267-926e-9463e171f71e,24/02/2017 16:57:28,0,279462.0
1877,4a5cf927-5e23-4267-926e-9463e171f71e,24/02/2017 15:57:28,0,279462.0
1878,4a5cf927-5e23-4267-926e-9463e171f71e,24/02/2017 14:57:28,0,279462.0
1879,4a5cf927-5e23-4267-926e-9463e171f71e,24/02/2017 13:58:43,0,279462.0
1880,4a5cf927-5e23-4267-926e-9463e171f71e,24/02/2017 12:58:43,0,279462.0
1881,4a5cf927-5e23-4267-926e-9463e171f71e,24/02/2017 11:58:43,0,279462.0
1882,4a5cf927-5e23-4267-926e-9463e171f71e,24/02/2017 10:58:43,0,279462.0
1883,4a5cf927-5e23-4267-926e-9463e171f71e,24/02/2017 09:57:30,0,279462.0
1884,4a5cf927-5e23-4267-926e-9463e171f71e,24/02/2017 08:57:30,0,279462.0
1885,4a5cf927-5e23-4267-926e-9463e171f71e,24/02/2017 07:57:30,0,279462.0
1886,4a5cf927-5e23-4267-926e-9463e171f71e,24/02/2017 06:57:30,0,279462.0
1887,4a5cf927-5e23-4267-926e-9463e171f71e,24/02/2017 05:57:29,0,279462.0
1888,4a5cf927-5e23-4267-926e-9463e171f71e,24/02/2017 04:57:29,0,279462.0
1889,4a5cf927-5e23-4267-926e-9463e171f71e,24/02/2017 03:57:29,0,279462.0
1890,4a5cf927-5e23-4267-926e-9463e171f71e,24/02/2017 02:57:29,0,279462.0
1891,4a5cf927-5e23-4267-926e-9463e171f71e,24/02/2017 01:57:28,0,279462.0
1892,4a5cf927-5e23-4267-926e-9463e171f71e,24/02/2017 00:57:28,0,279462.0
1893,4a5cf927-5e23-4267-926e-9463e171f71e,23/02/2017 23:57:28,0,279462.0
1894,4a5cf927-5e23-4267-926e-9463e171f71e,23/02/2017 22:57:28,0,279462.0
1895,4a5cf927-5e23-4267-926e-9463e171f71e,23/02/2017 21:57:29,0,279462.0
1896,4a5cf927-5e23-4267-926e-9463e171f71e,23/02/2017 20:57:29,0,279462.0
1897,4a5cf927-5e23-4267-926e-9463e171f71e,23/02/2017 19:57:29,0,279462.0
1898,4a5cf927-5e23-4267-926e-9463e171f71e,23/02/2017 18:57:29,0,279462.0
1899,4a5cf927-5e23-4267-926e-9463e171f71e,23/02/2017 17:57:30,0,279462.0
1900,4a5cf927-5e23-4267-926e-9463e171f71e,23/02/2017 16:57:30,11,279462.0
1901,4a5cf927-5e23-4267-926e-9463e171f71e,23/02/2017 15:57:30,0,279451.0
1902,4a5cf927-5e23-4267-926e-9463e171f71e,23/02/2017 14:57:30,0,279451.0
1903,4a5cf927-5e23-4267-926e-9463e171f71e,23/02/2017 13:57:45,0,279451.0
1904,4a5cf927-5e23-4267-926e-9463e171f71e,23/02/2017 12:57:45,0,279451.0
1905,4a5cf927-5e23-4267-926e-9463e171f71e,23/02/2017 11:57:45,0,279451.0
1906,4a5cf927-5e23-4267-926e-9463e171f71e,23/02/2017 10:57:45,0,279451.0
1907,4a5cf927-5e23-4267-926e-9463e171f71e,23/02/2017 09:57:31,0,279451.0
1908,4a5cf927-5e23-4267-926e-9463e171f71e,23/02/2017 08:57:31,0,279451.0
1909,4a5cf927-5e23-4267-926e-9463e171f71e,23/02/2017 07:57:31,0,279451.0
1910,4a5cf927-5e23-4267-926e-9463e171f71e,23/02/2017 06:57:31,0,279451.0
1911,4a5cf927-5e23-4267-926e-9463e171f71e,23/02/2017 05:03:02,0,279451.0
1912,4a5cf927-5e23-4267-926e-9463e171f71e,23/02/2017 04:03:02,0,279451.0
1913,4a5cf927-5e23-4267-926e-9463e171f71e,23/02/2017 03:03:02,0,279451.0
1914,4a5cf927-5e23-4267-926e-9463e171f71e,23/02/2017 01:57:32,0,279451.0
1915,4a5cf927-5e23-4267-926e-9463e171f71e,23/02/2017 00:57:32,0,279451.0
1916,4a5cf927-5e23-4267-926e-9463e171f71e,22/02/2017 23:57:32,0,279451.0
1917,4a5cf927-5e23-4267-926e-9463e171f71e,22/02/2017 22:57:32,0,279451.0
1918,4a5cf927-5e23-4267-926e-9463e171f71e,22/02/2017 21:57:31,0,279451.0
1919,4a5cf927-5e23-4267-926e-9463e171f71e,22/02/2017 20:57:31,0,279451.0
1920,4a5cf927-5e23-4267-926e-9463e171f71e,22/02/2017 19:57:31,0,279451.0
1921,4a5cf927-5e23-4267-926e-9463e171f71e,22/02/2017 18:57:31,0,279451.0
1922,4a5cf927-5e23-4267-926e-9463e171f71e,22/02/2017 17:57:34,0,279451.0
1923,4a5cf927-5e23-4267-926e-9463e171f71e,22/02/2017 16:57:34,0,279451.0
1924,4a5cf927-5e23-4267-926e-9463e171f71e,22/02/2017 15:57:34,0,279451.0
1925,4a5cf927-5e23-4267-926e-9463e171f71e,22/02/2017 14:57:34,0,279451.0
1926,4a5cf927-5e23-4267-926e-9463e171f71e,22/02/2017 13:57:32,0,279451.0
1927,4a5cf927-5e23-4267-926e-9463e171f71e,22/02/2017 12:57:32,1,279451.0
1928,4a5cf927-5e23-4267-926e-9463e171f71e,22/02/2017 11:57:32,70,279450.0
1929,4a5cf927-5e23-4267-926e-9463e171f71e,22/02/2017 10:57:32,4,279380.0
1930,4a5cf927-5e23-4267-926e-9463e171f71e,22/02/2017 09:57:34,63,279376.0
1931,4a5cf927-5e23-4267-926e-9463e171f71e,22/02/2017 08:57:34,10,279313.0
1932,4a5cf927-5e23-4267-926e-9463e171f71e,22/02/2017 07:57:34,0,279303.0
1933,4a5cf927-5e23-4267-926e-9463e171f71e,22/02/2017 06:57:34,0,279303.0
1934,4a5cf927-5e23-4267-926e-9463e171f71e,22/02/2017 05:57:35,0,279303.0
1935,4a5cf927-5e23-4267-926e-9463e171f71e,22/02/2017 04:57:35,0,279303.0
1936,4a5cf927-5e23-4267-926e-9463e171f71e,22/02/2017 03:57:35,0,279303.0
1937,4a5cf927-5e23-4267-926e-9463e171f71e,22/02/2017 02:57:35,0,279303.0
1938,4a5cf927-5e23-4267-926e-9463e171f71e,22/02/2017 01:57:36,0,279303.0
1939,4a5cf927-5e23-4267-926e-9463e171f71e,22/02/2017 00:57:36,9,279303.0
1940,4a5cf927-5e23-4267-926e-9463e171f71e,21/02/2017 23:57:36,13,279294.0
1941,4a5cf927-5e23-4267-926e-9463e171f71e,21/02/2017 22:57:36,17,279281.0
1942,4a5cf927-5e23-4267-926e-9463e171f71e,21/02/2017 21:57:34,0,279264.0
1943,4a5cf927-5e23-4267-926e-9463e171f71e,21/02/2017 20:57:34,0,279264.0
1944,4a5cf927-5e23-4267-926e-9463e171f71e,21/02/2017 19:57:34,0,279264.0
1945,4a5cf927-5e23-4267-926e-9463e171f71e,21/02/2017 18:57:34,0,279264.0
1946,4a5cf927-5e23-4267-926e-9463e171f71e,21/02/2017 17:57:35,0,279264.0
1947,4a5cf927-5e23-4267-926e-9463e171f71e,21/02/2017 16:57:35,16,279264.0
1948,4a5cf927-5e23-4267-926e-9463e171f71e,21/02/2017 15:57:35,26,279248.0
1949,4a5cf927-5e23-4267-926e-9463e171f71e,21/02/2017 14:57:35,0,279222.0
1950,4a5cf927-5e23-4267-926e-9463e171f71e,21/02/2017 13:57:34,0,279222.0
1951,4a5cf927-5e23-4267-926e-9463e171f71e,21/02/2017 12:57:34,21,279222.0
1952,4a5cf927-5e23-4267-926e-9463e171f71e,21/02/2017 11:57:34,6,279201.0
1953,4a5cf927-5e23-4267-926e-9463e171f71e,21/02/2017 10:57:34,68,279195.0
1954,4a5cf927-5e23-4267-926e-9463e171f71e,21/02/2017 09:57:36,12,279127.0
1955,4a5cf927-5e23-4267-926e-9463e171f71e,21/02/2017 08:57:36,25,279115.0
1956,4a5cf927-5e23-4267-926e-9463e171f71e,21/02/2017 07:57:36,0,279090.0
1957,4a5cf927-5e23-4267-926e-9463e171f71e,21/02/2017 06:57:36,0,279090.0
1958,4a5cf927-5e23-4267-926e-9463e171f71e,21/02/2017 05:57:36,0,279090.0
1959,4a5cf927-5e23-4267-926e-9463e171f71e,21/02/2017 04:57:36,0,279090.0
1960,4a5cf927-5e23-4267-926e-9463e171f71e,21/02/2017 03:57:36,0,279090.0
1961,4a5cf927-5e23-4267-926e-9463e171f71e,21/02/2017 02:57:36,0,279090.0
1962,4a5cf927-5e23-4267-926e-9463e171f71e,21/02/2017 01:57:37,0,279090.0
1963,4a5cf927-5e23-4267-926e-9463e171f71e,21/02/2017 00:57:37,0,279090.0
1964,4a5cf927-5e23-4267-926e-9463e171f71e,20/02/2017 23:57:37,9,279090.0
1965,4a5cf927-5e23-4267-926e-9463e171f71e,20/02/2017 22:57:37,32,279081.0
1966,4a5cf927-5e23-4267-926e-9463e171f71e,20/02/2017 21:57:36,7,279049.0
1967,4a5cf927-5e23-4267-926e-9463e171f71e,20/02/2017 20:57:36,3,279042.0
1968,4a5cf927-5e23-4267-926e-9463e171f71e,20/02/2017 19:57:36,0,279039.0
1969,4a5cf927-5e23-4267-926e-9463e171f71e,20/02/2017 18:57:36,5,279039.0
1970,4a5cf927-5e23-4267-926e-9463e171f71e,20/02/2017 17:01:17,10,279034.0
1971,4a5cf927-5e23-4267-926e-9463e171f71e,20/02/2017 16:01:17,29,279024.0
1972,4a5cf927-5e23-4267-926e-9463e171f71e,20/02/2017 15:01:17,13,278995.0
1973,4a5cf927-5e23-4267-926e-9463e171f71e,20/02/2017 13:57:37,4,278982.0
1974,4a5cf927-5e23-4267-926e-9463e171f71e,20/02/2017 12:57:37,0,278978.0
1975,4a5cf927-5e23-4267-926e-9463e171f71e,20/02/2017 11:57:37,0,278978.0
1976,4a5cf927-5e23-4267-926e-9463e171f71e,20/02/2017 10:57:37,13,278978.0
1977,4a5cf927-5e23-4267-926e-9463e171f71e,20/02/2017 09:57:38,44,278965.0
1978,4a5cf927-5e23-4267-926e-9463e171f71e,20/02/2017 08:57:38,0,278921.0
1979,4a5cf927-5e23-4267-926e-9463e171f71e,20/02/2017 07:57:38,0,278921.0
1980,4a5cf927-5e23-4267-926e-9463e171f71e,20/02/2017 06:57:38,0,278921.0
1981,4a5cf927-5e23-4267-926e-9463e171f71e,20/02/2017 05:57:37,0,278921.0
1982,4a5cf927-5e23-4267-926e-9463e171f71e,20/02/2017 04:57:37,0,278921.0
1983,4a5cf927-5e23-4267-926e-9463e171f71e,20/02/2017 03:57:37,0,278921.0
1984,4a5cf927-5e23-4267-926e-9463e171f71e,20/02/2017 02:57:37,13,278921.0
1985,4a5cf927-5e23-4267-926e-9463e171f71e,20/02/2017 01:57:40,0,278908.0
1986,4a5cf927-5e23-4267-926e-9463e171f71e,20/02/2017 00:57:40,0,278908.0
1987,4a5cf927-5e23-4267-926e-9463e171f71e,19/02/2017 23:57:40,0,278908.0
1988,4a5cf927-5e23-4267-926e-9463e171f71e,19/02/2017 22:57:40,0,278908.0
1989,4a5cf927-5e23-4267-926e-9463e171f71e,19/02/2017 21:57:39,0,278908.0
1990,4a5cf927-5e23-4267-926e-9463e171f71e,19/02/2017 20:57:39,21,278908.0
1991,4a5cf927-5e23-4267-926e-9463e171f71e,19/02/2017 19:57:39,24,278887.0
1992,4a5cf927-5e23-4267-926e-9463e171f71e,19/02/2017 18:57:39,4,278863.0
1993,4a5cf927-5e23-4267-926e-9463e171f71e,19/02/2017 17:57:39,9,278859.0
1994,4a5cf927-5e23-4267-926e-9463e171f71e,19/02/2017 16:57:39,28,278850.0
1995,4a5cf927-5e23-4267-926e-9463e171f71e,19/02/2017 15:57:39,22,278822.0
1996,4a5cf927-5e23-4267-926e-9463e171f71e,19/02/2017 14:57:39,6,278800.0
1997,4a5cf927-5e23-4267-926e-9463e171f71e,19/02/2017 13:57:38,52,278794.0
1998,4a5cf927-5e23-4267-926e-9463e171f71e,19/02/2017 12:57:38,60,278742.0
1999,4a5cf927-5e23-4267-926e-9463e171f71e,19/02/2017 11:57:38,57,278682.0
2000,4a5cf927-5e23-4267-926e-9463e171f71e,19/02/2017 10:57:38,54,278625.0
2001,4a5cf927-5e23-4267-926e-9463e171f71e,19/02/2017 09:57:41,59,278571.0
2002,4a5cf927-5e23-4267-926e-9463e171f71e,19/02/2017 08:57:41,0,278512.0
2003,4a5cf927-5e23-4267-926e-9463e171f71e,19/02/2017 07:57:41,0,278512.0
2004,4a5cf927-5e23-4267-926e-9463e171f71e,19/02/2017 06:57:41,0,278512.0
2005,4a5cf927-5e23-4267-926e-9463e171f71e,19/02/2017 05:57:39,0,278512.0
2006,4a5cf927-5e23-4267-926e-9463e171f71e,19/02/2017 04:57:39,2,278512.0
2007,4a5cf927-5e23-4267-926e-9463e171f71e,19/02/2017 03:57:39,0,278510.0
2008,4a5cf927-5e23-4267-926e-9463e171f71e,19/02/2017 02:57:39,0,278510.0
2009,4a5cf927-5e23-4267-926e-9463e171f71e,19/02/2017 01:58:49,0,278510.0
2010,4a5cf927-5e23-4267-926e-9463e171f71e,19/02/2017 00:58:49,14,278510.0
2011,4a5cf927-5e23-4267-926e-9463e171f71e,18/02/2017 23:58:49,42,278496.0
2012,4a5cf927-5e23-4267-926e-9463e171f71e,18/02/2017 22:58:49,38,278454.0
2013,4a5cf927-5e23-4267-926e-9463e171f71e,18/02/2017 21:57:40,22,278416.0
2014,4a5cf927-5e23-4267-926e-9463e171f71e,18/02/2017 20:57:40,4,278394.0
2015,4a5cf927-5e23-4267-926e-9463e171f71e,18/02/2017 19:57:40,0,278390.0
2016,4a5cf927-5e23-4267-926e-9463e171f71e,18/02/2017 18:57:40,7,278390.0
2017,4a5cf927-5e23-4267-926e-9463e171f71e,18/02/2017 17:57:42,14,278383.0
2018,4a5cf927-5e23-4267-926e-9463e171f71e,18/02/2017 16:57:42,49,278369.0
2019,4a5cf927-5e23-4267-926e-9463e171f71e,18/02/2017 15:57:42,16,278320.0
2020,4a5cf927-5e23-4267-926e-9463e171f71e,18/02/2017 14:57:42,13,278304.0
2021,4a5cf927-5e23-4267-926e-9463e171f71e,18/02/2017 13:57:42,0,278291.0
2022,4a5cf927-5e23-4267-926e-9463e171f71e,18/02/2017 12:57:42,18,278291.0
2023,4a5cf927-5e23-4267-926e-9463e171f71e,18/02/2017 11:57:42,125,278273.0
2024,4a5cf927-5e23-4267-926e-9463e171f71e,18/02/2017 10:57:42,101,278148.0
2025,4a5cf927-5e23-4267-926e-9463e171f71e,18/02/2017 09:18:41,0,278047.0
2026,4a5cf927-5e23-4267-926e-9463e171f71e,18/02/2017 08:18:41,0,278047.0
2027,4a5cf927-5e23-4267-926e-9463e171f71e,18/02/2017 07:18:41,0,278047.0
2028,4a5cf927-5e23-4267-926e-9463e171f71e,18/02/2017 05:57:43,0,278047.0
2029,4a5cf927-5e23-4267-926e-9463e171f71e,18/02/2017 04:57:43,0,278047.0
2030,4a5cf927-5e23-4267-926e-9463e171f71e,18/02/2017 03:57:43,0,278047.0
2031,4a5cf927-5e23-4267-926e-9463e171f71e,18/02/2017 02:57:43,0,278047.0
2032,4a5cf927-5e23-4267-926e-9463e171f71e,18/02/2017 01:57:45,7,278047.0
2033,4a5cf927-5e23-4267-926e-9463e171f71e,18/02/2017 00:57:45,2,278040.0
2034,4a5cf927-5e23-4267-926e-9463e171f71e,17/02/2017 23:57:45,43,278038.0
2035,4a5cf927-5e23-4267-926e-9463e171f71e,17/02/2017 22:57:45,99,277995.0
2036,4a5cf927-5e23-4267-926e-9463e171f71e,17/02/2017 17:57:45,0,277896.0
2037,4a5cf927-5e23-4267-926e-9463e171f71e,17/02/2017 16:57:45,0,277896.0
2038,4a5cf927-5e23-4267-926e-9463e171f71e,17/02/2017 15:57:45,0,277896.0
2039,4a5cf927-5e23-4267-926e-9463e171f71e,17/02/2017 14:57:45,0,277896.0
2040,4a5cf927-5e23-4267-926e-9463e171f71e,17/02/2017 13:57:44,9,277896.0
2041,4a5cf927-5e23-4267-926e-9463e171f71e,17/02/2017 12:57:44,6,277887.0
2042,4a5cf927-5e23-4267-926e-9463e171f71e,17/02/2017 11:57:44,73,277881.0
2043,4a5cf927-5e23-4267-926e-9463e171f71e,17/02/2017 10:57:44,36,277808.0
2044,4a5cf927-5e23-4267-926e-9463e171f71e,17/02/2017 09:57:45,70,277772.0
2045,4a5cf927-5e23-4267-926e-9463e171f71e,17/02/2017 08:57:45,29,277702.0
2046,4a5cf927-5e23-4267-926e-9463e171f71e,17/02/2017 07:57:45,0,277673.0
2047,4a5cf927-5e23-4267-926e-9463e171f71e,17/02/2017 06:57:45,5,277673.0
2048,4a5cf927-5e23-4267-926e-9463e171f71e,17/02/2017 05:57:46,0,277668.0
2049,4a5cf927-5e23-4267-926e-9463e171f71e,17/02/2017 04:57:46,0,277668.0
2050,4a5cf927-5e23-4267-926e-9463e171f71e,17/02/2017 03:57:46,0,277668.0
2051,4a5cf927-5e23-4267-926e-9463e171f71e,17/02/2017 02:57:46,44,277668.0
2052,4a5cf927-5e23-4267-926e-9463e171f71e,16/02/2017 22:00:20,9,277624.0
2053,4a5cf927-5e23-4267-926e-9463e171f71e,16/02/2017 21:00:20,10,277615.0
2054,4a5cf927-5e23-4267-926e-9463e171f71e,16/02/2017 20:00:20,0,277605.0
2055,4a5cf927-5e23-4267-926e-9463e171f71e,16/02/2017 19:00:20,4,277605.0
2056,4a5cf927-5e23-4267-926e-9463e171f71e,16/02/2017 17:57:48,12,277601.0
2057,4a5cf927-5e23-4267-926e-9463e171f71e,16/02/2017 16:57:48,46,277589.0
2058,4a5cf927-5e23-4267-926e-9463e171f71e,16/02/2017 15:57:48,21,277543.0
2059,4a5cf927-5e23-4267-926e-9463e171f71e,16/02/2017 14:57:48,0,277522.0
2060,4a5cf927-5e23-4267-926e-9463e171f71e,16/02/2017 13:57:47,53,277522.0
2061,4a5cf927-5e23-4267-926e-9463e171f71e,16/02/2017 12:57:47,0,277469.0
2062,4a5cf927-5e23-4267-926e-9463e171f71e,16/02/2017 11:57:47,0,277469.0
2063,4a5cf927-5e23-4267-926e-9463e171f71e,16/02/2017 10:57:47,25,277469.0
2064,4a5cf927-5e23-4267-926e-9463e171f71e,16/02/2017 09:57:49,62,277444.0
2065,4a5cf927-5e23-4267-926e-9463e171f71e,16/02/2017 08:57:49,74,277382.0
2066,4a5cf927-5e23-4267-926e-9463e171f71e,16/02/2017 07:57:49,0,277308.0
2067,4a5cf927-5e23-4267-926e-9463e171f71e,16/02/2017 06:57:49,0,277308.0
2068,4a5cf927-5e23-4267-926e-9463e171f71e,16/02/2017 05:57:48,0,277308.0
2069,4a5cf927-5e23-4267-926e-9463e171f71e,16/02/2017 04:57:48,0,277308.0
2070,4a5cf927-5e23-4267-926e-9463e171f71e,16/02/2017 03:57:48,0,277308.0
2071,4a5cf927-5e23-4267-926e-9463e171f71e,16/02/2017 02:57:48,0,277308.0
2072,4a5cf927-5e23-4267-926e-9463e171f71e,16/02/2017 01:57:49,2,277308.0
2073,4a5cf927-5e23-4267-926e-9463e171f71e,16/02/2017 00:57:49,9,277306.0
2074,4a5cf927-5e23-4267-926e-9463e171f71e,15/02/2017 23:57:49,17,277297.0
2075,4a5cf927-5e23-4267-926e-9463e171f71e,15/02/2017 22:57:49,6,277280.0
2076,4a5cf927-5e23-4267-926e-9463e171f71e,15/02/2017 21:57:49,4,277274.0
2077,4a5cf927-5e23-4267-926e-9463e171f71e,15/02/2017 20:57:49,0,277270.0
2078,4a5cf927-5e23-4267-926e-9463e171f71e,15/02/2017 19:57:49,0,277270.0
2079,4a5cf927-5e23-4267-926e-9463e171f71e,15/02/2017 18:57:49,0,277270.0
2080,4a5cf927-5e23-4267-926e-9463e171f71e,15/02/2017 17:57:50,24,277270.0
2081,4a5cf927-5e23-4267-926e-9463e171f71e,15/02/2017 16:57:50,3,277246.0
2082,4a5cf927-5e23-4267-926e-9463e171f71e,15/02/2017 15:57:50,14,277243.0
2083,4a5cf927-5e23-4267-926e-9463e171f71e,15/02/2017 14:57:50,0,277229.0
2084,4a5cf927-5e23-4267-926e-9463e171f71e,15/02/2017 13:57:48,11,277229.0
2085,4a5cf927-5e23-4267-926e-9463e171f71e,15/02/2017 12:57:48,24,277218.0
2086,4a5cf927-5e23-4267-926e-9463e171f71e,15/02/2017 11:57:48,0,277194.0
2087,4a5cf927-5e23-4267-926e-9463e171f71e,15/02/2017 10:57:48,23,277194.0
2088,4a5cf927-5e23-4267-926e-9463e171f71e,15/02/2017 09:57:50,111,277171.0
2089,4a5cf927-5e23-4267-926e-9463e171f71e,15/02/2017 08:57:50,90,277060.0
2090,4a5cf927-5e23-4267-926e-9463e171f71e,15/02/2017 07:57:50,0,276970.0
2091,4a5cf927-5e23-4267-926e-9463e171f71e,15/02/2017 06:57:50,6,276970.0
2092,4a5cf927-5e23-4267-926e-9463e171f71e,15/02/2017 05:57:49,0,276964.0
2093,4a5cf927-5e23-4267-926e-9463e171f71e,15/02/2017 04:57:49,0,276964.0
2094,4a5cf927-5e23-4267-926e-9463e171f71e,15/02/2017 03:57:49,0,276964.0
2095,4a5cf927-5e23-4267-926e-9463e171f71e,15/02/2017 02:57:49,4,276964.0
2096,4a5cf927-5e23-4267-926e-9463e171f71e,15/02/2017 01:57:50,1,276960.0
2097,4a5cf927-5e23-4267-926e-9463e171f71e,15/02/2017 00:57:50,27,276959.0
2098,4a5cf927-5e23-4267-926e-9463e171f71e,14/02/2017 23:57:50,48,276932.0
2099,4a5cf927-5e23-4267-926e-9463e171f71e,14/02/2017 22:57:50,9,276884.0
2100,4a5cf927-5e23-4267-926e-9463e171f71e,14/02/2017 21:57:50,14,276875.0
2101,4a5cf927-5e23-4267-926e-9463e171f71e,14/02/2017 20:57:50,5,276861.0
2102,4a5cf927-5e23-4267-926e-9463e171f71e,14/02/2017 19:57:50,14,276856.0
2103,4a5cf927-5e23-4267-926e-9463e171f71e,14/02/2017 18:57:50,0,276842.0
2104,4a5cf927-5e23-4267-926e-9463e171f71e,14/02/2017 17:58:19,8,276842.0
2105,4a5cf927-5e23-4267-926e-9463e171f71e,14/02/2017 16:58:19,30,276834.0
2106,4a5cf927-5e23-4267-926e-9463e171f71e,14/02/2017 15:58:19,8,276804.0
2107,4a5cf927-5e23-4267-926e-9463e171f71e,14/02/2017 14:58:19,0,276796.0
2108,4a5cf927-5e23-4267-926e-9463e171f71e,14/02/2017 13:57:51,0,276796.0
2109,4a5cf927-5e23-4267-926e-9463e171f71e,14/02/2017 12:57:51,0,276796.0
2110,4a5cf927-5e23-4267-926e-9463e171f71e,14/02/2017 11:57:51,0,276796.0
2111,4a5cf927-5e23-4267-926e-9463e171f71e,14/02/2017 10:57:51,47,276796.0
2112,4a5cf927-5e23-4267-926e-9463e171f71e,14/02/2017 09:57:53,40,276749.0
2113,4a5cf927-5e23-4267-926e-9463e171f71e,14/02/2017 08:57:53,73,276709.0
2114,4a5cf927-5e23-4267-926e-9463e171f71e,14/02/2017 07:57:53,0,276636.0
2115,4a5cf927-5e23-4267-926e-9463e171f71e,14/02/2017 06:57:53,5,276636.0
2116,4a5cf927-5e23-4267-926e-9463e171f71e,14/02/2017 05:57:51,0,276631.0
2117,4a5cf927-5e23-4267-926e-9463e171f71e,14/02/2017 04:57:51,0,276631.0
2118,4a5cf927-5e23-4267-926e-9463e171f71e,14/02/2017 03:57:51,0,276631.0
2119,4a5cf927-5e23-4267-926e-9463e171f71e,14/02/2017 02:57:51,0,276631.0
2120,4a5cf927-5e23-4267-926e-9463e171f71e,14/02/2017 01:57:53,8,276631.0
2121,4a5cf927-5e23-4267-926e-9463e171f71e,14/02/2017 00:57:53,1,276623.0
2122,4a5cf927-5e23-4267-926e-9463e171f71e,13/02/2017 23:57:53,3,276622.0
2123,4a5cf927-5e23-4267-926e-9463e171f71e,13/02/2017 22:57:53,16,276619.0
2124,4a5cf927-5e23-4267-926e-9463e171f71e,13/02/2017 21:57:53,0,276603.0
2125,4a5cf927-5e23-4267-926e-9463e171f71e,13/02/2017 20:57:53,0,276603.0
2126,4a5cf927-5e23-4267-926e-9463e171f71e,13/02/2017 19:57:53,0,276603.0
2127,4a5cf927-5e23-4267-926e-9463e171f71e,13/02/2017 18:57:53,7,276603.0
2128,4a5cf927-5e23-4267-926e-9463e171f71e,13/02/2017 17:00:16,35,276596.0
2129,4a5cf927-5e23-4267-926e-9463e171f71e,13/02/2017 16:00:16,8,276561.0
2130,4a5cf927-5e23-4267-926e-9463e171f71e,13/02/2017 15:00:16,0,276553.0
2131,4a5cf927-5e23-4267-926e-9463e171f71e,13/02/2017 13:58:39,0,276553.0
2132,4a5cf927-5e23-4267-926e-9463e171f71e,13/02/2017 12:58:39,0,276553.0
2133,4a5cf927-5e23-4267-926e-9463e171f71e,13/02/2017 11:58:39,0,276553.0
2134,4a5cf927-5e23-4267-926e-9463e171f71e,13/02/2017 10:58:39,53,276553.0
2135,4a5cf927-5e23-4267-926e-9463e171f71e,13/02/2017 09:57:56,67,276500.0
2136,4a5cf927-5e23-4267-926e-9463e171f71e,13/02/2017 08:57:56,35,276433.0
2137,4a5cf927-5e23-4267-926e-9463e171f71e,13/02/2017 07:57:56,0,276398.0
2138,4a5cf927-5e23-4267-926e-9463e171f71e,13/02/2017 06:57:56,0,276398.0
2139,4a5cf927-5e23-4267-926e-9463e171f71e,13/02/2017 05:57:53,0,276398.0
2140,4a5cf927-5e23-4267-926e-9463e171f71e,13/02/2017 04:57:53,21,276398.0
2141,4a5cf927-5e23-4267-926e-9463e171f71e,13/02/2017 03:57:53,0,276377.0
2142,4a5cf927-5e23-4267-926e-9463e171f71e,13/02/2017 02:57:53,1,276377.0
2143,4a5cf927-5e23-4267-926e-9463e171f71e,13/02/2017 01:57:57,6,276376.0
2144,4a5cf927-5e23-4267-926e-9463e171f71e,13/02/2017 00:57:57,7,276370.0
2145,4a5cf927-5e23-4267-926e-9463e171f71e,12/2/2017 23:57,22,276363.0
2146,4a5cf927-5e23-4267-926e-9463e171f71e,12/2/2017 22:57,50,276341.0
2147,4a5cf927-5e23-4267-926e-9463e171f71e,12/2/2017 21:57,81,276291.0
2148,4a5cf927-5e23-4267-926e-9463e171f71e,12/2/2017 20:57,27,276210.0
2149,4a5cf927-5e23-4267-926e-9463e171f71e,12/2/2017 19:57,0,276183.0
2150,4a5cf927-5e23-4267-926e-9463e171f71e,12/2/2017 18:57,39,276183.0
2151,4a5cf927-5e23-4267-926e-9463e171f71e,12/2/2017 17:57,18,276144.0
2152,4a5cf927-5e23-4267-926e-9463e171f71e,12/2/2017 16:57,28,276126.0
2153,4a5cf927-5e23-4267-926e-9463e171f71e,12/2/2017 15:57,6,276098.0
2154,4a5cf927-5e23-4267-926e-9463e171f71e,12/2/2017 14:57,32,276092.0
2155,4a5cf927-5e23-4267-926e-9463e171f71e,12/2/2017 13:57,6,276060.0
2156,4a5cf927-5e23-4267-926e-9463e171f71e,12/2/2017 12:57,6,276054.0
2157,4a5cf927-5e23-4267-926e-9463e171f71e,12/2/2017 11:57,17,276048.0
2158,4a5cf927-5e23-4267-926e-9463e171f71e,12/2/2017 10:57,15,276031.0
2159,4a5cf927-5e23-4267-926e-9463e171f71e,12/2/2017 9:57,6,276016.0
2160,4a5cf927-5e23-4267-926e-9463e171f71e,12/2/2017 8:57,0,276010.0
2161,4a5cf927-5e23-4267-926e-9463e171f71e,12/2/2017 7:57,0,276010.0
2162,4a5cf927-5e23-4267-926e-9463e171f71e,12/2/2017 6:57,0,276010.0
2163,4a5cf927-5e23-4267-926e-9463e171f71e,12/2/2017 5:57,0,276010.0
2164,4a5cf927-5e23-4267-926e-9463e171f71e,12/2/2017 4:57,0,276010.0
2165,4a5cf927-5e23-4267-926e-9463e171f71e,12/2/2017 3:57,0,276010.0
2166,4a5cf927-5e23-4267-926e-9463e171f71e,12/2/2017 2:57,13,276010.0
2167,4a5cf927-5e23-4267-926e-9463e171f71e,12/2/2017 1:57,0,275997.0
2168,4a5cf927-5e23-4267-926e-9463e171f71e,12/2/2017 0:57,0,275997.0
2169,4a5cf927-5e23-4267-926e-9463e171f71e,11/2/2017 23:57,0,275997.0
2170,4a5cf927-5e23-4267-926e-9463e171f71e,11/2/2017 22:57,0,275997.0
2171,4a5cf927-5e23-4267-926e-9463e171f71e,11/2/2017 21:59,1,275997.0
2172,4a5cf927-5e23-4267-926e-9463e171f71e,11/2/2017 20:59,10,275996.0
2173,4a5cf927-5e23-4267-926e-9463e171f71e,11/2/2017 19:59,0,275986.0
2174,4a5cf927-5e23-4267-926e-9463e171f71e,11/2/2017 18:59,67,275986.0
2175,4a5cf927-5e23-4267-926e-9463e171f71e,11/2/2017 17:58,0,275919.0
2176,4a5cf927-5e23-4267-926e-9463e171f71e,11/2/2017 16:58,17,275919.0
2177,4a5cf927-5e23-4267-926e-9463e171f71e,11/2/2017 15:58,14,275902.0
2178,4a5cf927-5e23-4267-926e-9463e171f71e,11/2/2017 14:58,78,275888.0
2179,4a5cf927-5e23-4267-926e-9463e171f71e,11/2/2017 13:00,48,275810.0
2180,4a5cf927-5e23-4267-926e-9463e171f71e,11/2/2017 12:00,27,275762.0
2181,4a5cf927-5e23-4267-926e-9463e171f71e,11/2/2017 11:00,9,275735.0
2182,4a5cf927-5e23-4267-926e-9463e171f71e,11/2/2017 9:58,0,275726.0
2183,4a5cf927-5e23-4267-926e-9463e171f71e,11/2/2017 8:58,0,275726.0
2184,4a5cf927-5e23-4267-926e-9463e171f71e,11/2/2017 7:58,0,275726.0
2185,4a5cf927-5e23-4267-926e-9463e171f71e,11/2/2017 6:58,18,275726.0
2186,4a5cf927-5e23-4267-926e-9463e171f71e,11/2/2017 1:57,8,275708.0
2187,4a5cf927-5e23-4267-926e-9463e171f71e,11/2/2017 0:57,5,275700.0
2188,4a5cf927-5e23-4267-926e-9463e171f71e,10/2/2017 23:57,0,275695.0
2189,4a5cf927-5e23-4267-926e-9463e171f71e,10/2/2017 22:57,5,275695.0
2190,4a5cf927-5e23-4267-926e-9463e171f71e,10/2/2017 21:58,0,275690.0
2191,4a5cf927-5e23-4267-926e-9463e171f71e,10/2/2017 20:58,0,275690.0
2192,4a5cf927-5e23-4267-926e-9463e171f71e,10/2/2017 19:58,8,275690.0
2193,4a5cf927-5e23-4267-926e-9463e171f71e,10/2/2017 18:58,3,275682.0
2194,4a5cf927-5e23-4267-926e-9463e171f71e,10/2/2017 17:58,6,275679.0
2195,4a5cf927-5e23-4267-926e-9463e171f71e,10/2/2017 16:58,17,275673.0
2196,4a5cf927-5e23-4267-926e-9463e171f71e,10/2/2017 15:58,31,275656.0
2197,4a5cf927-5e23-4267-926e-9463e171f71e,10/2/2017 14:58,0,275625.0
2198,4a5cf927-5e23-4267-926e-9463e171f71e,10/2/2017 13:58,0,275625.0
2199,4a5cf927-5e23-4267-926e-9463e171f71e,10/2/2017 12:58,7,275625.0
2200,4a5cf927-5e23-4267-926e-9463e171f71e,10/2/2017 11:58,40,275618.0
2201,4a5cf927-5e23-4267-926e-9463e171f71e,10/2/2017 10:58,21,275578.0
2202,4a5cf927-5e23-4267-926e-9463e171f71e,10/2/2017 9:58,67,275557.0
2203,4a5cf927-5e23-4267-926e-9463e171f71e,10/2/2017 8:58,0,275490.0
2204,4a5cf927-5e23-4267-926e-9463e171f71e,10/2/2017 7:58,0,275490.0
2205,4a5cf927-5e23-4267-926e-9463e171f71e,10/2/2017 6:58,0,275490.0
2206,4a5cf927-5e23-4267-926e-9463e171f71e,10/2/2017 5:58,0,275490.0
2207,4a5cf927-5e23-4267-926e-9463e171f71e,10/2/2017 4:58,0,275490.0
2208,4a5cf927-5e23-4267-926e-9463e171f71e,10/2/2017 3:58,1,275490.0
2209,4a5cf927-5e23-4267-926e-9463e171f71e,10/2/2017 2:58,0,275489.0
2210,4a5cf927-5e23-4267-926e-9463e171f71e,10/2/2017 1:59,7,275489.0
2211,4a5cf927-5e23-4267-926e-9463e171f71e,10/2/2017 0:59,0,275482.0
2212,4a5cf927-5e23-4267-926e-9463e171f71e,9/2/2017 23:59,0,275482.0
2213,4a5cf927-5e23-4267-926e-9463e171f71e,9/2/2017 22:59,0,275482.0
2214,4a5cf927-5e23-4267-926e-9463e171f71e,9/2/2017 21:58,0,275482.0
2215,4a5cf927-5e23-4267-926e-9463e171f71e,9/2/2017 20:58,0,275482.0
2216,4a5cf927-5e23-4267-926e-9463e171f71e,9/2/2017 19:58,0,275482.0
2217,4a5cf927-5e23-4267-926e-9463e171f71e,9/2/2017 18:58,22,275482.0
2218,4a5cf927-5e23-4267-926e-9463e171f71e,9/2/2017 17:58,5,275460.0
2219,4a5cf927-5e23-4267-926e-9463e171f71e,9/2/2017 16:58,22,275455.0
2220,4a5cf927-5e23-4267-926e-9463e171f71e,9/2/2017 15:58,11,275433.0
2221,4a5cf927-5e23-4267-926e-9463e171f71e,9/2/2017 14:58,12,275422.0
2222,4a5cf927-5e23-4267-926e-9463e171f71e,9/2/2017 13:58,0,275410.0
2223,4a5cf927-5e23-4267-926e-9463e171f71e,9/2/2017 12:58,11,275410.0
2224,4a5cf927-5e23-4267-926e-9463e171f71e,9/2/2017 11:58,8,275399.0
2225,4a5cf927-5e23-4267-926e-9463e171f71e,9/2/2017 10:58,54,275391.0
2226,4a5cf927-5e23-4267-926e-9463e171f71e,9/2/2017 9:02,64,275337.0
2227,4a5cf927-5e23-4267-926e-9463e171f71e,9/2/2017 8:02,0,275273.0
2228,4a5cf927-5e23-4267-926e-9463e171f71e,9/2/2017 7:02,0,275273.0
2229,4a5cf927-5e23-4267-926e-9463e171f71e,9/2/2017 5:58,0,275273.0
2230,4a5cf927-5e23-4267-926e-9463e171f71e,9/2/2017 4:58,0,275273.0
2231,4a5cf927-5e23-4267-926e-9463e171f71e,9/2/2017 3:58,0,275273.0
2232,4a5cf927-5e23-4267-926e-9463e171f71e,9/2/2017 2:58,0,275273.0
2233,4a5cf927-5e23-4267-926e-9463e171f71e,9/2/2017 1:58,0,275273.0
2234,4a5cf927-5e23-4267-926e-9463e171f71e,9/2/2017 0:58,5,275273.0
2235,4a5cf927-5e23-4267-926e-9463e171f71e,8/2/2017 23:58,33,275268.0
2236,4a5cf927-5e23-4267-926e-9463e171f71e,8/2/2017 22:58,12,275235.0
2237,4a5cf927-5e23-4267-926e-9463e171f71e,8/2/2017 21:58,11,275223.0
2238,4a5cf927-5e23-4267-926e-9463e171f71e,8/2/2017 20:58,27,275212.0
2239,4a5cf927-5e23-4267-926e-9463e171f71e,8/2/2017 19:58,13,275185.0
2240,4a5cf927-5e23-4267-926e-9463e171f71e,8/2/2017 18:58,3,275172.0
2241,4a5cf927-5e23-4267-926e-9463e171f71e,8/2/2017 17:58,4,275169.0
2242,4a5cf927-5e23-4267-926e-9463e171f71e,8/2/2017 16:58,20,275165.0
2243,4a5cf927-5e23-4267-926e-9463e171f71e,8/2/2017 15:58,46,275145.0
2244,4a5cf927-5e23-4267-926e-9463e171f71e,8/2/2017 14:58,21,275099.0
2245,4a5cf927-5e23-4267-926e-9463e171f71e,8/2/2017 13:58,37,275078.0
2246,4a5cf927-5e23-4267-926e-9463e171f71e,8/2/2017 12:58,21,275041.0
2247,4a5cf927-5e23-4267-926e-9463e171f71e,8/2/2017 11:58,10,275020.0
2248,4a5cf927-5e23-4267-926e-9463e171f71e,8/2/2017 10:58,58,275010.0
2249,4a5cf927-5e23-4267-926e-9463e171f71e,8/2/2017 9:58,7,274952.0
2250,4a5cf927-5e23-4267-926e-9463e171f71e,8/2/2017 8:58,58,274945.0
2251,4a5cf927-5e23-4267-926e-9463e171f71e,8/2/2017 7:58,0,274887.0
2252,4a5cf927-5e23-4267-926e-9463e171f71e,8/2/2017 6:58,0,274887.0
2253,4a5cf927-5e23-4267-926e-9463e171f71e,8/2/2017 5:58,0,274887.0
2254,4a5cf927-5e23-4267-926e-9463e171f71e,8/2/2017 4:58,0,274887.0
2255,4a5cf927-5e23-4267-926e-9463e171f71e,8/2/2017 3:58,0,274887.0
2256,4a5cf927-5e23-4267-926e-9463e171f71e,8/2/2017 2:58,40,274887.0
2257,4a5cf927-5e23-4267-926e-9463e171f71e,7/2/2017 21:58,0,274847.0
2258,4a5cf927-5e23-4267-926e-9463e171f71e,7/2/2017 20:58,0,274847.0
2259,4a5cf927-5e23-4267-926e-9463e171f71e,7/2/2017 19:58,0,274847.0
2260,4a5cf927-5e23-4267-926e-9463e171f71e,7/2/2017 18:58,0,274847.0
2261,4a5cf927-5e23-4267-926e-9463e171f71e,7/2/2017 17:59,14,274847.0
2262,4a5cf927-5e23-4267-926e-9463e171f71e,7/2/2017 16:59,4,274833.0
2263,4a5cf927-5e23-4267-926e-9463e171f71e,7/2/2017 15:59,35,274829.0
2264,4a5cf927-5e23-4267-926e-9463e171f71e,7/2/2017 14:59,11,274794.0
2265,4a5cf927-5e23-4267-926e-9463e171f71e,7/2/2017 13:58,0,274783.0
2266,4a5cf927-5e23-4267-926e-9463e171f71e,7/2/2017 12:58,0,274783.0
2267,4a5cf927-5e23-4267-926e-9463e171f71e,7/2/2017 11:58,29,274783.0
2268,4a5cf927-5e23-4267-926e-9463e171f71e,7/2/2017 10:58,124,274754.0
2269,4a5cf927-5e23-4267-926e-9463e171f71e,7/2/2017 9:00,0,274630.0
2270,4a5cf927-5e23-4267-926e-9463e171f71e,7/2/2017 8:00,0,274630.0
2271,4a5cf927-5e23-4267-926e-9463e171f71e,7/2/2017 7:00,0,274630.0
2272,4a5cf927-5e23-4267-926e-9463e171f71e,7/2/2017 6:02,0,274630.0
2273,4a5cf927-5e23-4267-926e-9463e171f71e,7/2/2017 5:02,0,274630.0
2274,4a5cf927-5e23-4267-926e-9463e171f71e,7/2/2017 4:02,0,274630.0
2275,4a5cf927-5e23-4267-926e-9463e171f71e,7/2/2017 3:02,0,274630.0
2276,4a5cf927-5e23-4267-926e-9463e171f71e,7/2/2017 1:58,0,274630.0
2277,4a5cf927-5e23-4267-926e-9463e171f71e,7/2/2017 0:58,0,274630.0
2278,4a5cf927-5e23-4267-926e-9463e171f71e,6/2/2017 23:58,4,274630.0
2279,4a5cf927-5e23-4267-926e-9463e171f71e,6/2/2017 22:58,10,274626.0
2280,4a5cf927-5e23-4267-926e-9463e171f71e,6/2/2017 21:58,14,274616.0
2281,4a5cf927-5e23-4267-926e-9463e171f71e,6/2/2017 20:58,6,274602.0
2282,4a5cf927-5e23-4267-926e-9463e171f71e,6/2/2017 19:58,0,274596.0
2283,4a5cf927-5e23-4267-926e-9463e171f71e,6/2/2017 18:58,0,274596.0
2284,4a5cf927-5e23-4267-926e-9463e171f71e,6/2/2017 17:58,16,274596.0
2285,4a5cf927-5e23-4267-926e-9463e171f71e,6/2/2017 16:58,0,274580.0
2286,4a5cf927-5e23-4267-926e-9463e171f71e,6/2/2017 15:58,17,274580.0
2287,4a5cf927-5e23-4267-926e-9463e171f71e,6/2/2017 14:58,15,274563.0
2288,4a5cf927-5e23-4267-926e-9463e171f71e,6/2/2017 13:58,0,274548.0
2289,4a5cf927-5e23-4267-926e-9463e171f71e,6/2/2017 12:58,0,274548.0
2290,4a5cf927-5e23-4267-926e-9463e171f71e,6/2/2017 11:58,16,274548.0
2291,4a5cf927-5e23-4267-926e-9463e171f71e,6/2/2017 10:58,62,274532.0
2292,4a5cf927-5e23-4267-926e-9463e171f71e,6/2/2017 9:58,49,274470.0
2293,4a5cf927-5e23-4267-926e-9463e171f71e,6/2/2017 8:58,0,274421.0
2294,4a5cf927-5e23-4267-926e-9463e171f71e,6/2/2017 7:58,0,274421.0
2295,4a5cf927-5e23-4267-926e-9463e171f71e,6/2/2017 6:58,0,274421.0
2296,4a5cf927-5e23-4267-926e-9463e171f71e,6/2/2017 5:58,0,274421.0
2297,4a5cf927-5e23-4267-926e-9463e171f71e,6/2/2017 4:58,0,274421.0
2298,4a5cf927-5e23-4267-926e-9463e171f71e,6/2/2017 3:58,0,274421.0
2299,4a5cf927-5e23-4267-926e-9463e171f71e,6/2/2017 2:58,0,274421.0
2300,4a5cf927-5e23-4267-926e-9463e171f71e,6/2/2017 1:58,0,274421.0
2301,4a5cf927-5e23-4267-926e-9463e171f71e,6/2/2017 0:58,4,274421.0
2302,4a5cf927-5e23-4267-926e-9463e171f71e,5/2/2017 23:58,4,274417.0
2303,4a5cf927-5e23-4267-926e-9463e171f71e,5/2/2017 22:58,4,274413.0
2304,4a5cf927-5e23-4267-926e-9463e171f71e,5/2/2017 21:58,9,274409.0
2305,4a5cf927-5e23-4267-926e-9463e171f71e,5/2/2017 20:58,0,274400.0
2306,4a5cf927-5e23-4267-926e-9463e171f71e,5/2/2017 19:58,3,274400.0
2307,4a5cf927-5e23-4267-926e-9463e171f71e,5/2/2017 18:58,0,274397.0
2308,4a5cf927-5e23-4267-926e-9463e171f71e,5/2/2017 17:58,13,274397.0
2309,4a5cf927-5e23-4267-926e-9463e171f71e,5/2/2017 16:58,35,274384.0
2310,4a5cf927-5e23-4267-926e-9463e171f71e,5/2/2017 15:58,30,274349.0
2311,4a5cf927-5e23-4267-926e-9463e171f71e,5/2/2017 14:58,4,274319.0
2312,4a5cf927-5e23-4267-926e-9463e171f71e,5/2/2017 13:58,0,274315.0
2313,4a5cf927-5e23-4267-926e-9463e171f71e,5/2/2017 12:58,52,274315.0
2314,4a5cf927-5e23-4267-926e-9463e171f71e,5/2/2017 11:58,99,274263.0
2315,4a5cf927-5e23-4267-926e-9463e171f71e,5/2/2017 10:58,64,274164.0
2316,4a5cf927-5e23-4267-926e-9463e171f71e,5/2/2017 9:58,8,274100.0
2317,4a5cf927-5e23-4267-926e-9463e171f71e,5/2/2017 8:58,10,274092.0
2318,4a5cf927-5e23-4267-926e-9463e171f71e,5/2/2017 7:58,0,274082.0
2319,4a5cf927-5e23-4267-926e-9463e171f71e,5/2/2017 6:58,0,274082.0
2320,4a5cf927-5e23-4267-926e-9463e171f71e,5/2/2017 5:00,0,274082.0
2321,4a5cf927-5e23-4267-926e-9463e171f71e,5/2/2017 4:00,0,274082.0
2322,4a5cf927-5e23-4267-926e-9463e171f71e,5/2/2017 3:00,0,274082.0
2323,4a5cf927-5e23-4267-926e-9463e171f71e,5/2/2017 1:58,0,274082.0
2324,4a5cf927-5e23-4267-926e-9463e171f71e,5/2/2017 0:58,4,274082.0
2325,4a5cf927-5e23-4267-926e-9463e171f71e,4/2/2017 23:58,18,274078.0
2326,4a5cf927-5e23-4267-926e-9463e171f71e,4/2/2017 22:58,53,274060.0
2327,4a5cf927-5e23-4267-926e-9463e171f71e,4/2/2017 21:17,29,274007.0
2328,4a5cf927-5e23-4267-926e-9463e171f71e,4/2/2017 20:17,2,273978.0
2329,4a5cf927-5e23-4267-926e-9463e171f71e,4/2/2017 19:17,4,273976.0
2330,4a5cf927-5e23-4267-926e-9463e171f71e,4/2/2017 17:58,16,273972.0
2331,4a5cf927-5e23-4267-926e-9463e171f71e,4/2/2017 16:58,52,273956.0
2332,4a5cf927-5e23-4267-926e-9463e171f71e,4/2/2017 15:58,21,273904.0
2333,4a5cf927-5e23-4267-926e-9463e171f71e,4/2/2017 14:58,17,273883.0
2334,4a5cf927-5e23-4267-926e-9463e171f71e,4/2/2017 13:58,0,273866.0
2335,4a5cf927-5e23-4267-926e-9463e171f71e,4/2/2017 12:58,56,273866.0
2336,4a5cf927-5e23-4267-926e-9463e171f71e,4/2/2017 11:58,16,273810.0
2337,4a5cf927-5e23-4267-926e-9463e171f71e,4/2/2017 10:58,71,273794.0
2338,4a5cf927-5e23-4267-926e-9463e171f71e,4/2/2017 9:58,15,273723.0
2339,4a5cf927-5e23-4267-926e-9463e171f71e,4/2/2017 8:58,6,273708.0
2340,4a5cf927-5e23-4267-926e-9463e171f71e,4/2/2017 7:58,0,273702.0
2341,4a5cf927-5e23-4267-926e-9463e171f71e,4/2/2017 6:58,0,273702.0
2342,4a5cf927-5e23-4267-926e-9463e171f71e,4/2/2017 5:01,0,273702.0
2343,4a5cf927-5e23-4267-926e-9463e171f71e,4/2/2017 4:01,7,273702.0
2344,4a5cf927-5e23-4267-926e-9463e171f71e,4/2/2017 1:58,0,273695.0
2345,4a5cf927-5e23-4267-926e-9463e171f71e,4/2/2017 0:58,0,273695.0
2346,4a5cf927-5e23-4267-926e-9463e171f71e,3/2/2017 23:58,0,273695.0
2347,4a5cf927-5e23-4267-926e-9463e171f71e,3/2/2017 22:58,0,273695.0
2348,4a5cf927-5e23-4267-926e-9463e171f71e,3/2/2017 21:58,0,273695.0
2349,4a5cf927-5e23-4267-926e-9463e171f71e,3/2/2017 20:58,0,273695.0
2350,4a5cf927-5e23-4267-926e-9463e171f71e,3/2/2017 19:58,56,273695.0
2351,4a5cf927-5e23-4267-926e-9463e171f71e,3/2/2017 13:58,0,273639.0
2352,4a5cf927-5e23-4267-926e-9463e171f71e,3/2/2017 12:58,97,273639.0
2353,4a5cf927-5e23-4267-926e-9463e171f71e,3/2/2017 11:58,20,273542.0
2354,4a5cf927-5e23-4267-926e-9463e171f71e,3/2/2017 10:58,10,273522.0
2355,4a5cf927-5e23-4267-926e-9463e171f71e,3/2/2017 9:58,0,273512.0
2356,4a5cf927-5e23-4267-926e-9463e171f71e,3/2/2017 8:58,0,273512.0
2357,4a5cf927-5e23-4267-926e-9463e171f71e,3/2/2017 7:58,0,273512.0
2358,4a5cf927-5e23-4267-926e-9463e171f71e,3/2/2017 6:58,0,273512.0
2359,4a5cf927-5e23-4267-926e-9463e171f71e,3/2/2017 5:58,0,273512.0
2360,4a5cf927-5e23-4267-926e-9463e171f71e,3/2/2017 4:58,0,273512.0
2361,4a5cf927-5e23-4267-926e-9463e171f71e,3/2/2017 3:58,0,273512.0
2362,4a5cf927-5e23-4267-926e-9463e171f71e,3/2/2017 2:58,0,273512.0
2363,4a5cf927-5e23-4267-926e-9463e171f71e,3/2/2017 1:58,0,273512.0
2364,4a5cf927-5e23-4267-926e-9463e171f71e,3/2/2017 0:58,0,273512.0
2365,4a5cf927-5e23-4267-926e-9463e171f71e,2/2/2017 23:58,12,273512.0
2366,4a5cf927-5e23-4267-926e-9463e171f71e,2/2/2017 22:58,10,273500.0
2367,4a5cf927-5e23-4267-926e-9463e171f71e,2/2/2017 21:58,9,273490.0
2368,4a5cf927-5e23-4267-926e-9463e171f71e,2/2/2017 20:58,6,273481.0
2369,4a5cf927-5e23-4267-926e-9463e171f71e,2/2/2017 19:58,0,273475.0
2370,4a5cf927-5e23-4267-926e-9463e171f71e,2/2/2017 18:58,4,273475.0
2371,4a5cf927-5e23-4267-926e-9463e171f71e,2/2/2017 17:00,0,273471.0
2372,4a5cf927-5e23-4267-926e-9463e171f71e,2/2/2017 16:00,32,273471.0
2373,4a5cf927-5e23-4267-926e-9463e171f71e,2/2/2017 15:00,64,273439.0
2374,4a5cf927-5e23-4267-926e-9463e171f71e,2/2/2017 13:58,0,273375.0
2375,4a5cf927-5e23-4267-926e-9463e171f71e,2/2/2017 12:58,0,273375.0
2376,4a5cf927-5e23-4267-926e-9463e171f71e,2/2/2017 11:58,0,273375.0
2377,4a5cf927-5e23-4267-926e-9463e171f71e,2/2/2017 10:58,0,273375.0
2378,4a5cf927-5e23-4267-926e-9463e171f71e,2/2/2017 9:59,0,273375.0
2379,4a5cf927-5e23-4267-926e-9463e171f71e,2/2/2017 8:59,29,273375.0
2380,4a5cf927-5e23-4267-926e-9463e171f71e,2/2/2017 7:59,64,273346.0
2381,4a5cf927-5e23-4267-926e-9463e171f71e,2/2/2017 6:59,0,273282.0
2382,4a5cf927-5e23-4267-926e-9463e171f71e,2/2/2017 5:58,0,273282.0
2383,4a5cf927-5e23-4267-926e-9463e171f71e,2/2/2017 4:58,0,273282.0
2384,4a5cf927-5e23-4267-926e-9463e171f71e,2/2/2017 3:58,0,273282.0
2385,4a5cf927-5e23-4267-926e-9463e171f71e,2/2/2017 2:58,0,273282.0
2386,4a5cf927-5e23-4267-926e-9463e171f71e,2/2/2017 1:58,0,273282.0
2387,4a5cf927-5e23-4267-926e-9463e171f71e,2/2/2017 0:58,0,273282.0
2388,4a5cf927-5e23-4267-926e-9463e171f71e,1/2/2017 23:58,4,273282.0
2389,4a5cf927-5e23-4267-926e-9463e171f71e,1/2/2017 22:58,13,273278.0
2390,4a5cf927-5e23-4267-926e-9463e171f71e,1/2/2017 21:58,0,273265.0
2391,4a5cf927-5e23-4267-926e-9463e171f71e,1/2/2017 20:58,0,273265.0
2392,4a5cf927-5e23-4267-926e-9463e171f71e,1/2/2017 19:58,17,273265.0
2393,4a5cf927-5e23-4267-926e-9463e171f71e,1/2/2017 18:58,0,273248.0
2394,4a5cf927-5e23-4267-926e-9463e171f71e,1/2/2017 17:58,4,273248.0
2395,4a5cf927-5e23-4267-926e-9463e171f71e,1/2/2017 16:58,25,273244.0
2396,4a5cf927-5e23-4267-926e-9463e171f71e,1/2/2017 15:58,59,273219.0
2397,4a5cf927-5e23-4267-926e-9463e171f71e,1/2/2017 14:58,9,273160.0
2398,4a5cf927-5e23-4267-926e-9463e171f71e,1/2/2017 13:58,19,273151.0
2399,4a5cf927-5e23-4267-926e-9463e171f71e,1/2/2017 12:58,18,273132.0
2400,4a5cf927-5e23-4267-926e-9463e171f71e,1/2/2017 11:58,6,273114.0
2401,4a5cf927-5e23-4267-926e-9463e171f71e,1/2/2017 10:58,96,273108.0
2402,4a5cf927-5e23-4267-926e-9463e171f71e,1/2/2017 9:59,14,273012.0
2403,4a5cf927-5e23-4267-926e-9463e171f71e,1/2/2017 8:59,0,272998.0
2404,4a5cf927-5e23-4267-926e-9463e171f71e,1/2/2017 7:59,0,272998.0
2405,4a5cf927-5e23-4267-926e-9463e171f71e,1/2/2017 6:59,0,272998.0
2406,4a5cf927-5e23-4267-926e-9463e171f71e,1/2/2017 5:00,0,272998.0
2407,4a5cf927-5e23-4267-926e-9463e171f71e,1/2/2017 4:00,0,272998.0
2408,4a5cf927-5e23-4267-926e-9463e171f71e,1/2/2017 3:00,0,272998.0
2409,4a5cf927-5e23-4267-926e-9463e171f71e,1/2/2017 1:58,16,272998.0
2410,4a5cf927-5e23-4267-926e-9463e171f71e,1/2/2017 0:58,0,272982.0
2411,4a5cf927-5e23-4267-926e-9463e171f71e,31/01/2017 23:58:25,4,272982.0
2412,4a5cf927-5e23-4267-926e-9463e171f71e,31/01/2017 22:58:25,6,272978.0
2413,4a5cf927-5e23-4267-926e-9463e171f71e,31/01/2017 21:59:02,0,272972.0
2414,4a5cf927-5e23-4267-926e-9463e171f71e,31/01/2017 20:59:02,0,272972.0
2415,4a5cf927-5e23-4267-926e-9463e171f71e,31/01/2017 19:59:02,0,272972.0
2416,4a5cf927-5e23-4267-926e-9463e171f71e,31/01/2017 18:59:02,12,272972.0
2417,4a5cf927-5e23-4267-926e-9463e171f71e,31/01/2017 17:58:58,8,272960.0
2418,4a5cf927-5e23-4267-926e-9463e171f71e,31/01/2017 16:58:58,13,272952.0
2419,4a5cf927-5e23-4267-926e-9463e171f71e,31/01/2017 15:58:58,23,272939.0
2420,4a5cf927-5e23-4267-926e-9463e171f71e,31/01/2017 14:58:58,6,272916.0
2421,4a5cf927-5e23-4267-926e-9463e171f71e,31/01/2017 13:58:30,57,272910.0
2422,4a5cf927-5e23-4267-926e-9463e171f71e,31/01/2017 12:58:30,8,272853.0
2423,4a5cf927-5e23-4267-926e-9463e171f71e,31/01/2017 11:58:30,33,272845.0
2424,4a5cf927-5e23-4267-926e-9463e171f71e,31/01/2017 10:58:30,59,272812.0
2425,4a5cf927-5e23-4267-926e-9463e171f71e,31/01/2017 09:59:51,18,272753.0
2426,4a5cf927-5e23-4267-926e-9463e171f71e,31/01/2017 08:59:51,7,272735.0
2427,4a5cf927-5e23-4267-926e-9463e171f71e,31/01/2017 07:59:51,22,272728.0
2428,4a5cf927-5e23-4267-926e-9463e171f71e,31/01/2017 06:59:51,0,272706.0
2429,4a5cf927-5e23-4267-926e-9463e171f71e,31/01/2017 05:58:23,0,272706.0
2430,4a5cf927-5e23-4267-926e-9463e171f71e,31/01/2017 04:58:23,0,272706.0
2431,4a5cf927-5e23-4267-926e-9463e171f71e,31/01/2017 03:58:23,0,272706.0
2432,4a5cf927-5e23-4267-926e-9463e171f71e,31/01/2017 02:58:23,0,272706.0
2433,4a5cf927-5e23-4267-926e-9463e171f71e,31/01/2017 01:58:26,0,272706.0
2434,4a5cf927-5e23-4267-926e-9463e171f71e,31/01/2017 00:58:26,0,272706.0
2435,4a5cf927-5e23-4267-926e-9463e171f71e,30/01/2017 23:58:26,1,272706.0
2436,4a5cf927-5e23-4267-926e-9463e171f71e,30/01/2017 22:58:26,23,272705.0
2437,4a5cf927-5e23-4267-926e-9463e171f71e,30/01/2017 21:58:25,22,272682.0
2438,4a5cf927-5e23-4267-926e-9463e171f71e,30/01/2017 20:58:25,22,272660.0
2439,4a5cf927-5e23-4267-926e-9463e171f71e,30/01/2017 19:58:25,0,272638.0
2440,4a5cf927-5e23-4267-926e-9463e171f71e,30/01/2017 18:58:25,16,272638.0
2441,4a5cf927-5e23-4267-926e-9463e171f71e,30/01/2017 17:03:08,10,272622.0
2442,4a5cf927-5e23-4267-926e-9463e171f71e,30/01/2017 16:03:08,46,272612.0
2443,4a5cf927-5e23-4267-926e-9463e171f71e,30/01/2017 15:03:08,19,272566.0
2444,4a5cf927-5e23-4267-926e-9463e171f71e,30/01/2017 13:58:31,0,272547.0
2445,4a5cf927-5e23-4267-926e-9463e171f71e,30/01/2017 12:58:31,3,272547.0
2446,4a5cf927-5e23-4267-926e-9463e171f71e,30/01/2017 11:58:31,10,272544.0
2447,4a5cf927-5e23-4267-926e-9463e171f71e,30/01/2017 10:58:31,89,272534.0
2448,4a5cf927-5e23-4267-926e-9463e171f71e,30/01/2017 09:00:12,0,272445.0
2449,4a5cf927-5e23-4267-926e-9463e171f71e,30/01/2017 08:00:12,0,272445.0
2450,4a5cf927-5e23-4267-926e-9463e171f71e,30/01/2017 07:00:12,0,272445.0
2451,4a5cf927-5e23-4267-926e-9463e171f71e,30/01/2017 05:58:27,0,272445.0
2452,4a5cf927-5e23-4267-926e-9463e171f71e,30/01/2017 04:58:27,0,272445.0
2453,4a5cf927-5e23-4267-926e-9463e171f71e,30/01/2017 03:58:27,0,272445.0
2454,4a5cf927-5e23-4267-926e-9463e171f71e,30/01/2017 02:58:27,0,272445.0
2455,4a5cf927-5e23-4267-926e-9463e171f71e,30/01/2017 01:59:09,0,272445.0
2456,4a5cf927-5e23-4267-926e-9463e171f71e,30/01/2017 00:59:09,0,272445.0
2457,4a5cf927-5e23-4267-926e-9463e171f71e,29/01/2017 23:59:09,4,272445.0
2458,4a5cf927-5e23-4267-926e-9463e171f71e,29/01/2017 22:59:09,35,272441.0
2459,4a5cf927-5e23-4267-926e-9463e171f71e,29/01/2017 18:02:43,0,272406.0
2460,4a5cf927-5e23-4267-926e-9463e171f71e,29/01/2017 17:02:43,0,272406.0
2461,4a5cf927-5e23-4267-926e-9463e171f71e,29/01/2017 16:02:43,0,272406.0
2462,4a5cf927-5e23-4267-926e-9463e171f71e,29/01/2017 15:02:43,0,272406.0
2463,4a5cf927-5e23-4267-926e-9463e171f71e,29/01/2017 14:00:07,2,272406.0
2464,4a5cf927-5e23-4267-926e-9463e171f71e,29/01/2017 13:00:07,13,272404.0
2465,4a5cf927-5e23-4267-926e-9463e171f71e,29/01/2017 12:00:07,32,272391.0
2466,4a5cf927-5e23-4267-926e-9463e171f71e,29/01/2017 11:00:07,57,272359.0
2467,4a5cf927-5e23-4267-926e-9463e171f71e,29/01/2017 10:03:28,5,272302.0
2468,4a5cf927-5e23-4267-926e-9463e171f71e,29/01/2017 09:03:28,0,272297.0
2469,4a5cf927-5e23-4267-926e-9463e171f71e,29/01/2017 08:03:28,0,272297.0
2470,4a5cf927-5e23-4267-926e-9463e171f71e,29/01/2017 07:03:28,0,272297.0
2471,4a5cf927-5e23-4267-926e-9463e171f71e,29/01/2017 06:03:39,0,272297.0
2472,4a5cf927-5e23-4267-926e-9463e171f71e,29/01/2017 05:03:39,0,272297.0
2473,4a5cf927-5e23-4267-926e-9463e171f71e,29/01/2017 04:03:39,0,272297.0
2474,4a5cf927-5e23-4267-926e-9463e171f71e,29/01/2017 03:03:39,7,272297.0
2475,4a5cf927-5e23-4267-926e-9463e171f71e,29/01/2017 01:58:33,0,272290.0
2476,4a5cf927-5e23-4267-926e-9463e171f71e,29/01/2017 00:58:33,0,272290.0
2477,4a5cf927-5e23-4267-926e-9463e171f71e,28/01/2017 23:58:33,0,272290.0
2478,4a5cf927-5e23-4267-926e-9463e171f71e,28/01/2017 22:58:33,0,272290.0
2479,4a5cf927-5e23-4267-926e-9463e171f71e,28/01/2017 21:58:54,0,272290.0
2480,4a5cf927-5e23-4267-926e-9463e171f71e,28/01/2017 20:58:54,0,272290.0
2481,4a5cf927-5e23-4267-926e-9463e171f71e,28/01/2017 19:58:54,0,272290.0
2482,4a5cf927-5e23-4267-926e-9463e171f71e,28/01/2017 18:58:54,20,272290.0
2483,4a5cf927-5e23-4267-926e-9463e171f71e,28/01/2017 17:01:59,14,272270.0
2484,4a5cf927-5e23-4267-926e-9463e171f71e,28/01/2017 16:01:59,36,272256.0
2485,4a5cf927-5e23-4267-926e-9463e171f71e,28/01/2017 15:01:59,85,272220.0
2486,4a5cf927-5e23-4267-926e-9463e171f71e,28/01/2017 13:59:04,0,272135.0
2487,4a5cf927-5e23-4267-926e-9463e171f71e,28/01/2017 12:59:04,7,272135.0
2488,4a5cf927-5e23-4267-926e-9463e171f71e,28/01/2017 11:59:04,51,272128.0
2489,4a5cf927-5e23-4267-926e-9463e171f71e,28/01/2017 10:59:04,12,272077.0
2490,4a5cf927-5e23-4267-926e-9463e171f71e,28/01/2017 09:01:31,3,272065.0
2491,4a5cf927-5e23-4267-926e-9463e171f71e,28/01/2017 08:01:31,12,272062.0
2492,4a5cf927-5e23-4267-926e-9463e171f71e,28/01/2017 07:01:31,0,272050.0
2493,4a5cf927-5e23-4267-926e-9463e171f71e,28/01/2017 05:58:33,0,272050.0
2494,4a5cf927-5e23-4267-926e-9463e171f71e,28/01/2017 04:58:33,0,272050.0
2495,4a5cf927-5e23-4267-926e-9463e171f71e,28/01/2017 03:58:33,0,272050.0
2496,4a5cf927-5e23-4267-926e-9463e171f71e,28/01/2017 02:58:33,13,272050.0
2497,4a5cf927-5e23-4267-926e-9463e171f71e,28/01/2017 01:03:38,0,272037.0
2498,4a5cf927-5e23-4267-926e-9463e171f71e,28/01/2017 00:03:38,4,272037.0
2499,4a5cf927-5e23-4267-926e-9463e171f71e,27/01/2017 23:03:38,0,272033.0
2500,4a5cf927-5e23-4267-926e-9463e171f71e,27/01/2017 21:59:37,0,272033.0
2501,4a5cf927-5e23-4267-926e-9463e171f71e,27/01/2017 20:59:37,0,272033.0
2502,4a5cf927-5e23-4267-926e-9463e171f71e,27/01/2017 19:59:37,0,272033.0
2503,4a5cf927-5e23-4267-926e-9463e171f71e,27/01/2017 18:59:37,83,272033.0
2504,4a5cf927-5e23-4267-926e-9463e171f71e,27/01/2017 17:01:45,7,271950.0
2505,4a5cf927-5e23-4267-926e-9463e171f71e,27/01/2017 16:01:45,30,271943.0
2506,4a5cf927-5e23-4267-926e-9463e171f71e,27/01/2017 15:01:45,14,271913.0
2507,4a5cf927-5e23-4267-926e-9463e171f71e,27/01/2017 13:58:32,0,271899.0
2508,4a5cf927-5e23-4267-926e-9463e171f71e,27/01/2017 12:58:32,23,271899.0
2509,4a5cf927-5e23-4267-926e-9463e171f71e,27/01/2017 11:58:32,16,271876.0
2510,4a5cf927-5e23-4267-926e-9463e171f71e,27/01/2017 10:58:32,13,271860.0
2511,4a5cf927-5e23-4267-926e-9463e171f71e,27/01/2017 09:58:34,29,271847.0
2512,4a5cf927-5e23-4267-926e-9463e171f71e,27/01/2017 08:58:34,5,271818.0
2513,4a5cf927-5e23-4267-926e-9463e171f71e,27/01/2017 07:58:34,0,271813.0
2514,4a5cf927-5e23-4267-926e-9463e171f71e,27/01/2017 06:58:34,0,271813.0
2515,4a5cf927-5e23-4267-926e-9463e171f71e,27/01/2017 05:02:20,0,271813.0
2516,4a5cf927-5e23-4267-926e-9463e171f71e,27/01/2017 04:02:20,0,271813.0
2517,4a5cf927-5e23-4267-926e-9463e171f71e,27/01/2017 03:02:20,0,271813.0
2518,4a5cf927-5e23-4267-926e-9463e171f71e,27/01/2017 02:00:08,0,271813.0
2519,4a5cf927-5e23-4267-926e-9463e171f71e,27/01/2017 01:00:08,0,271813.0
2520,4a5cf927-5e23-4267-926e-9463e171f71e,27/01/2017 00:00:08,18,271813.0
2521,4a5cf927-5e23-4267-926e-9463e171f71e,26/01/2017 23:00:08,7,271795.0
2522,4a5cf927-5e23-4267-926e-9463e171f71e,26/01/2017 18:01:18,0,271788.0
2523,4a5cf927-5e23-4267-926e-9463e171f71e,26/01/2017 17:01:18,39,271788.0
2524,4a5cf927-5e23-4267-926e-9463e171f71e,26/01/2017 16:01:18,14,271749.0
2525,4a5cf927-5e23-4267-926e-9463e171f71e,26/01/2017 15:01:18,21,271735.0
2526,4a5cf927-5e23-4267-926e-9463e171f71e,26/01/2017 13:58:35,0,271714.0
2527,4a5cf927-5e23-4267-926e-9463e171f71e,26/01/2017 12:58:35,0,271714.0
2528,4a5cf927-5e23-4267-926e-9463e171f71e,26/01/2017 11:58:35,0,271714.0
2529,4a5cf927-5e23-4267-926e-9463e171f71e,26/01/2017 10:58:35,160,271714.0
2530,4a5cf927-5e23-4267-926e-9463e171f71e,26/01/2017 05:58:36,0,271554.0
2531,4a5cf927-5e23-4267-926e-9463e171f71e,26/01/2017 04:58:36,0,271554.0
2532,4a5cf927-5e23-4267-926e-9463e171f71e,26/01/2017 03:58:36,0,271554.0
2533,4a5cf927-5e23-4267-926e-9463e171f71e,26/01/2017 02:58:36,0,271554.0
2534,4a5cf927-5e23-4267-926e-9463e171f71e,26/01/2017 01:58:41,0,271554.0
2535,4a5cf927-5e23-4267-926e-9463e171f71e,26/01/2017 00:58:41,0,271554.0
2536,4a5cf927-5e23-4267-926e-9463e171f71e,25/01/2017 23:58:41,3,271554.0
2537,4a5cf927-5e23-4267-926e-9463e171f71e,25/01/2017 22:58:41,30,271551.0
2538,4a5cf927-5e23-4267-926e-9463e171f71e,25/01/2017 21:01:53,3,271521.0
2539,4a5cf927-5e23-4267-926e-9463e171f71e,25/01/2017 20:01:53,3,271518.0
2540,4a5cf927-5e23-4267-926e-9463e171f71e,25/01/2017 19:01:53,4,271515.0
2541,4a5cf927-5e23-4267-926e-9463e171f71e,25/01/2017 17:58:39,9,271511.0
2542,4a5cf927-5e23-4267-926e-9463e171f71e,25/01/2017 16:58:39,11,271502.0
2543,4a5cf927-5e23-4267-926e-9463e171f71e,25/01/2017 15:58:39,20,271491.0
2544,4a5cf927-5e23-4267-926e-9463e171f71e,25/01/2017 14:58:39,16,271471.0
2545,4a5cf927-5e23-4267-926e-9463e171f71e,25/01/2017 13:58:37,21,271455.0
2546,4a5cf927-5e23-4267-926e-9463e171f71e,25/01/2017 12:58:37,8,271434.0
2547,4a5cf927-5e23-4267-926e-9463e171f71e,25/01/2017 11:58:37,0,271426.0
2548,4a5cf927-5e23-4267-926e-9463e171f71e,25/01/2017 10:58:37,29,271426.0
2549,4a5cf927-5e23-4267-926e-9463e171f71e,25/01/2017 09:58:40,13,271397.0
2550,4a5cf927-5e23-4267-926e-9463e171f71e,25/01/2017 08:58:40,63,271384.0
2551,4a5cf927-5e23-4267-926e-9463e171f71e,25/01/2017 07:58:40,0,271321.0
2552,4a5cf927-5e23-4267-926e-9463e171f71e,25/01/2017 06:58:40,0,271321.0
2553,4a5cf927-5e23-4267-926e-9463e171f71e,25/01/2017 05:06:45,0,271321.0
2554,4a5cf927-5e23-4267-926e-9463e171f71e,25/01/2017 04:06:45,0,271321.0
2555,4a5cf927-5e23-4267-926e-9463e171f71e,25/01/2017 03:06:45,26,271321.0
2556,4a5cf927-5e23-4267-926e-9463e171f71e,24/01/2017 21:58:39,11,271295.0
2557,4a5cf927-5e23-4267-926e-9463e171f71e,24/01/2017 20:58:39,0,271284.0
2558,4a5cf927-5e23-4267-926e-9463e171f71e,24/01/2017 19:58:39,0,271284.0
2559,4a5cf927-5e23-4267-926e-9463e171f71e,24/01/2017 18:58:39,0,271284.0
2560,4a5cf927-5e23-4267-926e-9463e171f71e,24/01/2017 17:58:43,0,271284.0
2561,4a5cf927-5e23-4267-926e-9463e171f71e,24/01/2017 16:58:43,6,271284.0
2562,4a5cf927-5e23-4267-926e-9463e171f71e,24/01/2017 15:58:43,14,271278.0
2563,4a5cf927-5e23-4267-926e-9463e171f71e,24/01/2017 14:58:43,30,271264.0
2564,4a5cf927-5e23-4267-926e-9463e171f71e,24/01/2017 13:58:41,66,271234.0
2565,4a5cf927-5e23-4267-926e-9463e171f71e,24/01/2017 12:58:41,0,271168.0
2566,4a5cf927-5e23-4267-926e-9463e171f71e,24/01/2017 11:58:41,12,271168.0
2567,4a5cf927-5e23-4267-926e-9463e171f71e,24/01/2017 10:58:41,51,271156.0
2568,4a5cf927-5e23-4267-926e-9463e171f71e,24/01/2017 09:58:43,18,271105.0
2569,4a5cf927-5e23-4267-926e-9463e171f71e,24/01/2017 08:58:43,4,271087.0
2570,4a5cf927-5e23-4267-926e-9463e171f71e,24/01/2017 07:58:43,27,271083.0
2571,4a5cf927-5e23-4267-926e-9463e171f71e,24/01/2017 06:58:43,0,271056.0
2572,4a5cf927-5e23-4267-926e-9463e171f71e,24/01/2017 05:58:41,0,271056.0
2573,4a5cf927-5e23-4267-926e-9463e171f71e,24/01/2017 04:58:41,0,271056.0
2574,4a5cf927-5e23-4267-926e-9463e171f71e,24/01/2017 03:58:41,0,271056.0
2575,4a5cf927-5e23-4267-926e-9463e171f71e,24/01/2017 02:58:41,0,271056.0
2576,4a5cf927-5e23-4267-926e-9463e171f71e,24/01/2017 01:58:44,0,271056.0
2577,4a5cf927-5e23-4267-926e-9463e171f71e,24/01/2017 00:58:44,0,271056.0
2578,4a5cf927-5e23-4267-926e-9463e171f71e,23/01/2017 23:58:44,8,271056.0
2579,4a5cf927-5e23-4267-926e-9463e171f71e,23/01/2017 22:58:44,5,271048.0
2580,4a5cf927-5e23-4267-926e-9463e171f71e,23/01/2017 21:58:44,13,271043.0
2581,4a5cf927-5e23-4267-926e-9463e171f71e,23/01/2017 20:58:44,5,271030.0
2582,4a5cf927-5e23-4267-926e-9463e171f71e,23/01/2017 19:58:44,0,271025.0
2583,4a5cf927-5e23-4267-926e-9463e171f71e,23/01/2017 18:58:44,0,271025.0
2584,4a5cf927-5e23-4267-926e-9463e171f71e,23/01/2017 17:58:46,4,271025.0
2585,4a5cf927-5e23-4267-926e-9463e171f71e,23/01/2017 16:58:46,8,271021.0
2586,4a5cf927-5e23-4267-926e-9463e171f71e,23/01/2017 15:58:46,25,271013.0
2587,4a5cf927-5e23-4267-926e-9463e171f71e,23/01/2017 14:58:46,57,270988.0
2588,4a5cf927-5e23-4267-926e-9463e171f71e,23/01/2017 13:58:43,0,270931.0
2589,4a5cf927-5e23-4267-926e-9463e171f71e,23/01/2017 12:58:43,60,270931.0
2590,4a5cf927-5e23-4267-926e-9463e171f71e,23/01/2017 11:58:43,37,270871.0
2591,4a5cf927-5e23-4267-926e-9463e171f71e,23/01/2017 10:58:43,13,270834.0
2592,4a5cf927-5e23-4267-926e-9463e171f71e,23/01/2017 09:58:46,5,270821.0
2593,4a5cf927-5e23-4267-926e-9463e171f71e,23/01/2017 08:58:46,0,270816.0
2594,4a5cf927-5e23-4267-926e-9463e171f71e,23/01/2017 07:58:46,0,270816.0
2595,4a5cf927-5e23-4267-926e-9463e171f71e,23/01/2017 06:58:46,0,270816.0
2596,4a5cf927-5e23-4267-926e-9463e171f71e,23/01/2017 05:04:47,0,270816.0
2597,4a5cf927-5e23-4267-926e-9463e171f71e,23/01/2017 04:04:47,0,270816.0
2598,4a5cf927-5e23-4267-926e-9463e171f71e,23/01/2017 03:04:47,0,270816.0
2599,4a5cf927-5e23-4267-926e-9463e171f71e,23/01/2017 01:58:47,6,270816.0
2600,4a5cf927-5e23-4267-926e-9463e171f71e,23/01/2017 00:58:47,0,270810.0
2601,4a5cf927-5e23-4267-926e-9463e171f71e,22/01/2017 23:58:47,0,270810.0
2602,4a5cf927-5e23-4267-926e-9463e171f71e,22/01/2017 22:58:47,0,270810.0
2603,4a5cf927-5e23-4267-926e-9463e171f71e,22/01/2017 21:58:44,0,270810.0
2604,4a5cf927-5e23-4267-926e-9463e171f71e,22/01/2017 20:58:44,0,270810.0
2605,4a5cf927-5e23-4267-926e-9463e171f71e,22/01/2017 19:58:44,0,270810.0
2606,4a5cf927-5e23-4267-926e-9463e171f71e,22/01/2017 18:58:44,126,270810.0
2607,4a5cf927-5e23-4267-926e-9463e171f71e,22/01/2017 13:58:59,11,270684.0
2608,4a5cf927-5e23-4267-926e-9463e171f71e,22/01/2017 12:58:59,18,270673.0
2609,4a5cf927-5e23-4267-926e-9463e171f71e,22/01/2017 11:58:59,85,270655.0
2610,4a5cf927-5e23-4267-926e-9463e171f71e,22/01/2017 10:58:59,7,270570.0
2611,4a5cf927-5e23-4267-926e-9463e171f71e,22/01/2017 09:58:59,5,270563.0
2612,4a5cf927-5e23-4267-926e-9463e171f71e,22/01/2017 08:58:59,0,270558.0
2613,4a5cf927-5e23-4267-926e-9463e171f71e,22/01/2017 07:58:59,0,270558.0
2614,4a5cf927-5e23-4267-926e-9463e171f71e,22/01/2017 06:58:59,0,270558.0
2615,4a5cf927-5e23-4267-926e-9463e171f71e,22/01/2017 05:58:45,0,270558.0
2616,4a5cf927-5e23-4267-926e-9463e171f71e,22/01/2017 04:58:45,0,270558.0
2617,4a5cf927-5e23-4267-926e-9463e171f71e,22/01/2017 03:58:45,0,270558.0
2618,4a5cf927-5e23-4267-926e-9463e171f71e,22/01/2017 02:58:45,20,270558.0
2619,4a5cf927-5e23-4267-926e-9463e171f71e,22/01/2017 01:00:13,0,270538.0
2620,4a5cf927-5e23-4267-926e-9463e171f71e,22/01/2017 00:00:13,12,270538.0
2621,4a5cf927-5e23-4267-926e-9463e171f71e,21/01/2017 23:00:13,9,270526.0
2622,4a5cf927-5e23-4267-926e-9463e171f71e,21/01/2017 17:58:48,92,270517.0
2623,4a5cf927-5e23-4267-926e-9463e171f71e,21/01/2017 16:58:48,17,270425.0
2624,4a5cf927-5e23-4267-926e-9463e171f71e,21/01/2017 15:58:48,11,270408.0
2625,4a5cf927-5e23-4267-926e-9463e171f71e,21/01/2017 14:58:48,11,270397.0
2626,4a5cf927-5e23-4267-926e-9463e171f71e,21/01/2017 13:58:49,0,270386.0
2627,4a5cf927-5e23-4267-926e-9463e171f71e,21/01/2017 12:58:49,15,270386.0
2628,4a5cf927-5e23-4267-926e-9463e171f71e,21/01/2017 11:58:49,18,270371.0
2629,4a5cf927-5e23-4267-926e-9463e171f71e,21/01/2017 10:58:49,17,270353.0
2630,4a5cf927-5e23-4267-926e-9463e171f71e,21/01/2017 09:58:50,0,270336.0
2631,4a5cf927-5e23-4267-926e-9463e171f71e,21/01/2017 08:58:50,0,270336.0
2632,4a5cf927-5e23-4267-926e-9463e171f71e,21/01/2017 07:58:50,0,270336.0
2633,4a5cf927-5e23-4267-926e-9463e171f71e,21/01/2017 06:58:50,0,270336.0
2634,4a5cf927-5e23-4267-926e-9463e171f71e,21/01/2017 05:59:06,0,270336.0
2635,4a5cf927-5e23-4267-926e-9463e171f71e,21/01/2017 04:59:06,0,270336.0
2636,4a5cf927-5e23-4267-926e-9463e171f71e,21/01/2017 03:59:06,0,270336.0
2637,4a5cf927-5e23-4267-926e-9463e171f71e,21/01/2017 02:59:06,9,270336.0
2638,4a5cf927-5e23-4267-926e-9463e171f71e,20/01/2017 22:00:25,0,270327.0
2639,4a5cf927-5e23-4267-926e-9463e171f71e,20/01/2017 21:00:25,0,270327.0
2640,4a5cf927-5e23-4267-926e-9463e171f71e,20/01/2017 20:00:25,1,270327.0
2641,4a5cf927-5e23-4267-926e-9463e171f71e,20/01/2017 19:00:25,6,270326.0
2642,4a5cf927-5e23-4267-926e-9463e171f71e,20/01/2017 17:58:51,13,270320.0
2643,4a5cf927-5e23-4267-926e-9463e171f71e,20/01/2017 16:58:51,5,270307.0
2644,4a5cf927-5e23-4267-926e-9463e171f71e,20/01/2017 15:58:51,59,270302.0
2645,4a5cf927-5e23-4267-926e-9463e171f71e,20/01/2017 14:58:51,0,270243.0
2646,4a5cf927-5e23-4267-926e-9463e171f71e,20/01/2017 13:58:50,4,270243.0
2647,4a5cf927-5e23-4267-926e-9463e171f71e,20/01/2017 12:58:50,62,270239.0
2648,4a5cf927-5e23-4267-926e-9463e171f71e,20/01/2017 11:58:50,58,270177.0
2649,4a5cf927-5e23-4267-926e-9463e171f71e,20/01/2017 10:58:50,22,270119.0
2650,4a5cf927-5e23-4267-926e-9463e171f71e,20/01/2017 09:58:53,7,270097.0
2651,4a5cf927-5e23-4267-926e-9463e171f71e,20/01/2017 08:58:53,0,270090.0
2652,4a5cf927-5e23-4267-926e-9463e171f71e,20/01/2017 07:58:53,0,270090.0
2653,4a5cf927-5e23-4267-926e-9463e171f71e,20/01/2017 06:58:53,0,270090.0
2654,4a5cf927-5e23-4267-926e-9463e171f71e,20/01/2017 05:59:23,0,270090.0
2655,4a5cf927-5e23-4267-926e-9463e171f71e,20/01/2017 04:59:23,0,270090.0
2656,4a5cf927-5e23-4267-926e-9463e171f71e,20/01/2017 03:59:23,0,270090.0
2657,4a5cf927-5e23-4267-926e-9463e171f71e,20/01/2017 02:59:23,2,270090.0
2658,4a5cf927-5e23-4267-926e-9463e171f71e,20/01/2017 02:00:49,3,270088.0
2659,4a5cf927-5e23-4267-926e-9463e171f71e,20/01/2017 01:00:49,0,270085.0
2660,4a5cf927-5e23-4267-926e-9463e171f71e,20/01/2017 00:00:49,10,270085.0
2661,4a5cf927-5e23-4267-926e-9463e171f71e,19/01/2017 23:00:49,21,270075.0
2662,4a5cf927-5e23-4267-926e-9463e171f71e,19/01/2017 21:58:51,6,270054.0
2663,4a5cf927-5e23-4267-926e-9463e171f71e,19/01/2017 20:58:51,4,270048.0
2664,4a5cf927-5e23-4267-926e-9463e171f71e,19/01/2017 19:58:51,0,270044.0
2665,4a5cf927-5e23-4267-926e-9463e171f71e,19/01/2017 18:58:51,11,270044.0
2666,4a5cf927-5e23-4267-926e-9463e171f71e,19/01/2017 18:03:16,0,270033.0
2667,4a5cf927-5e23-4267-926e-9463e171f71e,19/01/2017 17:03:16,16,270033.0
2668,4a5cf927-5e23-4267-926e-9463e171f71e,19/01/2017 16:03:16,7,270017.0
2669,4a5cf927-5e23-4267-926e-9463e171f71e,19/01/2017 15:03:16,0,270010.0
2670,4a5cf927-5e23-4267-926e-9463e171f71e,19/01/2017 13:58:51,0,270010.0
2671,4a5cf927-5e23-4267-926e-9463e171f71e,19/01/2017 12:58:51,0,270010.0
2672,4a5cf927-5e23-4267-926e-9463e171f71e,19/01/2017 11:58:51,7,270010.0
2673,4a5cf927-5e23-4267-926e-9463e171f71e,19/01/2017 10:58:51,91,270003.0
2674,4a5cf927-5e23-4267-926e-9463e171f71e,19/01/2017 05:58:52,0,269912.0
2675,4a5cf927-5e23-4267-926e-9463e171f71e,19/01/2017 04:58:52,0,269912.0
2676,4a5cf927-5e23-4267-926e-9463e171f71e,19/01/2017 03:58:52,0,269912.0
2677,4a5cf927-5e23-4267-926e-9463e171f71e,19/01/2017 02:58:52,26,269912.0
2678,4a5cf927-5e23-4267-926e-9463e171f71e,18/01/2017 21:58:54,0,269886.0
2679,4a5cf927-5e23-4267-926e-9463e171f71e,18/01/2017 20:58:54,0,269886.0
2680,4a5cf927-5e23-4267-926e-9463e171f71e,18/01/2017 19:58:54,0,269886.0
2681,4a5cf927-5e23-4267-926e-9463e171f71e,18/01/2017 18:58:54,2,269886.0
2682,4a5cf927-5e23-4267-926e-9463e171f71e,18/01/2017 17:58:55,20,269884.0
2683,4a5cf927-5e23-4267-926e-9463e171f71e,18/01/2017 16:58:55,8,269864.0
2684,4a5cf927-5e23-4267-926e-9463e171f71e,18/01/2017 15:58:55,12,269856.0
2685,4a5cf927-5e23-4267-926e-9463e171f71e,18/01/2017 14:58:55,4,269844.0
2686,4a5cf927-5e23-4267-926e-9463e171f71e,18/01/2017 13:59:05,35,269840.0
2687,4a5cf927-5e23-4267-926e-9463e171f71e,18/01/2017 12:59:05,72,269805.0
2688,4a5cf927-5e23-4267-926e-9463e171f71e,18/01/2017 11:59:05,51,269733.0
2689,4a5cf927-5e23-4267-926e-9463e171f71e,18/01/2017 10:59:05,59,269682.0
2690,4a5cf927-5e23-4267-926e-9463e171f71e,18/01/2017 01:59:02,0,269623.0
2691,4a5cf927-5e23-4267-926e-9463e171f71e,18/01/2017 00:59:02,0,269623.0
2692,4a5cf927-5e23-4267-926e-9463e171f71e,17/01/2017 23:59:02,10,269623.0
2693,4a5cf927-5e23-4267-926e-9463e171f71e,17/01/2017 22:59:02,10,269613.0
2694,4a5cf927-5e23-4267-926e-9463e171f71e,17/01/2017 21:59:01,22,269603.0
2695,4a5cf927-5e23-4267-926e-9463e171f71e,17/01/2017 20:59:01,39,269581.0
2696,4a5cf927-5e23-4267-926e-9463e171f71e,17/01/2017 19:59:01,4,269542.0
2697,4a5cf927-5e23-4267-926e-9463e171f71e,17/01/2017 18:59:01,7,269538.0
2698,4a5cf927-5e23-4267-926e-9463e171f71e,17/01/2017 18:05:46,12,269531.0
2699,4a5cf927-5e23-4267-926e-9463e171f71e,17/01/2017 17:05:46,0,269519.0
2700,4a5cf927-5e23-4267-926e-9463e171f71e,17/01/2017 16:05:46,55,269519.0
2701,4a5cf927-5e23-4267-926e-9463e171f71e,17/01/2017 15:05:46,16,269464.0
2702,4a5cf927-5e23-4267-926e-9463e171f71e,17/01/2017 13:58:56,55,269448.0
2703,4a5cf927-5e23-4267-926e-9463e171f71e,17/01/2017 12:58:56,13,269393.0
2704,4a5cf927-5e23-4267-926e-9463e171f71e,17/01/2017 11:58:56,6,269380.0
2705,4a5cf927-5e23-4267-926e-9463e171f71e,17/01/2017 10:58:56,133,269374.0
2706,4a5cf927-5e23-4267-926e-9463e171f71e,17/01/2017 05:59:00,0,269241.0
2707,4a5cf927-5e23-4267-926e-9463e171f71e,17/01/2017 04:59:00,0,269241.0
2708,4a5cf927-5e23-4267-926e-9463e171f71e,17/01/2017 03:59:00,0,269241.0
2709,4a5cf927-5e23-4267-926e-9463e171f71e,17/01/2017 02:59:00,0,269241.0
2710,4a5cf927-5e23-4267-926e-9463e171f71e,17/01/2017 01:59:00,4,269241.0
2711,4a5cf927-5e23-4267-926e-9463e171f71e,17/01/2017 00:59:00,5,269237.0
2712,4a5cf927-5e23-4267-926e-9463e171f71e,16/01/2017 23:59:00,3,269232.0
2713,4a5cf927-5e23-4267-926e-9463e171f71e,16/01/2017 22:59:00,17,269229.0
2714,4a5cf927-5e23-4267-926e-9463e171f71e,16/01/2017 21:58:58,14,269212.0
2715,4a5cf927-5e23-4267-926e-9463e171f71e,16/01/2017 20:58:58,0,269198.0
2716,4a5cf927-5e23-4267-926e-9463e171f71e,16/01/2017 19:58:58,8,269198.0
2717,4a5cf927-5e23-4267-926e-9463e171f71e,16/01/2017 18:58:58,79,269190.0
2718,4a5cf927-5e23-4267-926e-9463e171f71e,16/01/2017 13:59:01,0,269111.0
2719,4a5cf927-5e23-4267-926e-9463e171f71e,16/01/2017 13:59:00,0,269111.0
2720,4a5cf927-5e23-4267-926e-9463e171f71e,16/01/2017 12:59:01,0,269111.0
2721,4a5cf927-5e23-4267-926e-9463e171f71e,16/01/2017 12:59:00,61,269111.0
2722,4a5cf927-5e23-4267-926e-9463e171f71e,16/01/2017 11:59:01,0,269050.0
2723,4a5cf927-5e23-4267-926e-9463e171f71e,16/01/2017 11:59:00,14,269050.0
2724,4a5cf927-5e23-4267-926e-9463e171f71e,16/01/2017 10:59:01,0,269036.0
2725,4a5cf927-5e23-4267-926e-9463e171f71e,16/01/2017 10:59:00,48,269036.0
2726,4a5cf927-5e23-4267-926e-9463e171f71e,16/01/2017 10:00:41,82,268988.0
2727,4a5cf927-5e23-4267-926e-9463e171f71e,16/01/2017 09:00:41,0,268906.0
2728,4a5cf927-5e23-4267-926e-9463e171f71e,16/01/2017 08:00:41,0,268906.0
2729,4a5cf927-5e23-4267-926e-9463e171f71e,16/01/2017 07:00:41,0,268906.0
2730,4a5cf927-5e23-4267-926e-9463e171f71e,16/01/2017 05:59:00,0,268906.0
2731,4a5cf927-5e23-4267-926e-9463e171f71e,16/01/2017 04:59:00,0,268906.0
2732,4a5cf927-5e23-4267-926e-9463e171f71e,16/01/2017 03:59:00,0,268906.0
2733,4a5cf927-5e23-4267-926e-9463e171f71e,16/01/2017 02:59:00,0,268906.0
2734,4a5cf927-5e23-4267-926e-9463e171f71e,16/01/2017 01:59:05,7,268906.0
2735,4a5cf927-5e23-4267-926e-9463e171f71e,16/01/2017 00:59:05,0,268899.0
2736,4a5cf927-5e23-4267-926e-9463e171f71e,15/01/2017 23:59:05,0,268899.0
2737,4a5cf927-5e23-4267-926e-9463e171f71e,15/01/2017 22:59:05,61,268899.0
2738,4a5cf927-5e23-4267-926e-9463e171f71e,15/01/2017 21:59:07,23,268838.0
2739,4a5cf927-5e23-4267-926e-9463e171f71e,15/01/2017 20:59:07,1,268815.0
2740,4a5cf927-5e23-4267-926e-9463e171f71e,15/01/2017 19:59:07,21,268814.0
2741,4a5cf927-5e23-4267-926e-9463e171f71e,15/01/2017 18:59:07,5,268793.0
2742,4a5cf927-5e23-4267-926e-9463e171f71e,15/01/2017 17:59:04,8,268788.0
2743,4a5cf927-5e23-4267-926e-9463e171f71e,15/01/2017 16:59:04,30,268780.0
2744,4a5cf927-5e23-4267-926e-9463e171f71e,15/01/2017 15:59:04,17,268750.0
2745,4a5cf927-5e23-4267-926e-9463e171f71e,15/01/2017 14:59:04,29,268733.0
2746,4a5cf927-5e23-4267-926e-9463e171f71e,15/01/2017 13:59:01,66,268704.0
2747,4a5cf927-5e23-4267-926e-9463e171f71e,15/01/2017 12:59:01,42,268638.0
2748,4a5cf927-5e23-4267-926e-9463e171f71e,15/01/2017 11:59:01,50,268596.0
2749,4a5cf927-5e23-4267-926e-9463e171f71e,15/01/2017 10:59:01,9,268546.0
2750,4a5cf927-5e23-4267-926e-9463e171f71e,15/01/2017 09:59:03,0,268537.0
2751,4a5cf927-5e23-4267-926e-9463e171f71e,15/01/2017 08:59:03,0,268537.0
2752,4a5cf927-5e23-4267-926e-9463e171f71e,15/01/2017 07:59:03,0,268537.0
2753,4a5cf927-5e23-4267-926e-9463e171f71e,15/01/2017 06:59:03,0,268537.0
2754,4a5cf927-5e23-4267-926e-9463e171f71e,15/01/2017 05:59:02,0,268537.0
2755,4a5cf927-5e23-4267-926e-9463e171f71e,15/01/2017 04:59:02,0,268537.0
2756,4a5cf927-5e23-4267-926e-9463e171f71e,15/01/2017 03:59:02,0,268537.0
2757,4a5cf927-5e23-4267-926e-9463e171f71e,15/01/2017 02:59:02,0,268537.0
2758,4a5cf927-5e23-4267-926e-9463e171f71e,15/01/2017 01:59:04,25,268537.0
2759,4a5cf927-5e23-4267-926e-9463e171f71e,15/01/2017 00:59:04,1,268512.0
2760,4a5cf927-5e23-4267-926e-9463e171f71e,14/01/2017 23:59:04,0,268511.0
2761,4a5cf927-5e23-4267-926e-9463e171f71e,14/01/2017 22:59:04,8,268511.0
2762,4a5cf927-5e23-4267-926e-9463e171f71e,14/01/2017 21:59:04,0,268503.0
2763,4a5cf927-5e23-4267-926e-9463e171f71e,14/01/2017 20:59:04,0,268503.0
2764,4a5cf927-5e23-4267-926e-9463e171f71e,14/01/2017 19:59:04,0,268503.0
2765,4a5cf927-5e23-4267-926e-9463e171f71e,14/01/2017 18:59:04,17,268503.0
2766,4a5cf927-5e23-4267-926e-9463e171f71e,14/01/2017 17:59:04,7,268486.0
2767,4a5cf927-5e23-4267-926e-9463e171f71e,14/01/2017 16:59:04,0,268479.0
2768,4a5cf927-5e23-4267-926e-9463e171f71e,14/01/2017 15:59:04,0,268479.0
2769,4a5cf927-5e23-4267-926e-9463e171f71e,14/01/2017 14:59:04,0,268479.0
2770,4a5cf927-5e23-4267-926e-9463e171f71e,14/01/2017 13:59:04,0,268479.0
2771,4a5cf927-5e23-4267-926e-9463e171f71e,14/01/2017 12:59:04,11,268479.0
2772,4a5cf927-5e23-4267-926e-9463e171f71e,14/01/2017 11:59:04,59,268468.0
2773,4a5cf927-5e23-4267-926e-9463e171f71e,14/01/2017 10:59:04,64,268409.0
2774,4a5cf927-5e23-4267-926e-9463e171f71e,14/01/2017 10:10:57,0,268345.0
2775,4a5cf927-5e23-4267-926e-9463e171f71e,14/01/2017 09:10:57,0,268345.0
2776,4a5cf927-5e23-4267-926e-9463e171f71e,14/01/2017 08:10:57,0,268345.0
2777,4a5cf927-5e23-4267-926e-9463e171f71e,14/01/2017 07:10:57,0,268345.0
2778,4a5cf927-5e23-4267-926e-9463e171f71e,14/01/2017 05:59:04,0,268345.0
2779,4a5cf927-5e23-4267-926e-9463e171f71e,14/01/2017 04:59:04,0,268345.0
2780,4a5cf927-5e23-4267-926e-9463e171f71e,14/01/2017 03:59:04,18,268345.0
2781,4a5cf927-5e23-4267-926e-9463e171f71e,14/01/2017 02:59:04,0,268327.0
2782,4a5cf927-5e23-4267-926e-9463e171f71e,14/01/2017 01:59:06,0,268327.0
2783,4a5cf927-5e23-4267-926e-9463e171f71e,14/01/2017 00:59:06,0,268327.0
2784,4a5cf927-5e23-4267-926e-9463e171f71e,13/01/2017 23:59:06,0,268327.0
2785,4a5cf927-5e23-4267-926e-9463e171f71e,13/01/2017 22:59:06,0,268327.0
2786,4a5cf927-5e23-4267-926e-9463e171f71e,13/01/2017 21:59:08,0,268327.0
2787,4a5cf927-5e23-4267-926e-9463e171f71e,13/01/2017 20:59:08,0,268327.0
2788,4a5cf927-5e23-4267-926e-9463e171f71e,13/01/2017 19:59:08,10,268327.0
2789,4a5cf927-5e23-4267-926e-9463e171f71e,13/01/2017 18:59:08,15,268317.0
2790,4a5cf927-5e23-4267-926e-9463e171f71e,13/01/2017 17:59:06,15,268302.0
2791,4a5cf927-5e23-4267-926e-9463e171f71e,13/01/2017 16:59:06,18,268287.0
2792,4a5cf927-5e23-4267-926e-9463e171f71e,13/01/2017 15:59:06,42,268269.0
2793,4a5cf927-5e23-4267-926e-9463e171f71e,13/01/2017 14:59:06,83,268227.0
2794,4a5cf927-5e23-4267-926e-9463e171f71e,13/01/2017 13:59:07,62,268144.0
2795,4a5cf927-5e23-4267-926e-9463e171f71e,13/01/2017 12:59:07,0,268082.0
2796,4a5cf927-5e23-4267-926e-9463e171f71e,13/01/2017 11:59:07,5,268082.0
2797,4a5cf927-5e23-4267-926e-9463e171f71e,13/01/2017 10:59:07,6,268077.0
2798,4a5cf927-5e23-4267-926e-9463e171f71e,13/01/2017 10:00:08,17,268071.0
2799,4a5cf927-5e23-4267-926e-9463e171f71e,13/01/2017 09:00:08,10,268054.0
2800,4a5cf927-5e23-4267-926e-9463e171f71e,13/01/2017 08:00:08,0,268044.0
2801,4a5cf927-5e23-4267-926e-9463e171f71e,13/01/2017 07:00:08,0,268044.0
2802,4a5cf927-5e23-4267-926e-9463e171f71e,13/01/2017 05:59:09,0,268044.0
2803,4a5cf927-5e23-4267-926e-9463e171f71e,13/01/2017 04:59:09,0,268044.0
2804,4a5cf927-5e23-4267-926e-9463e171f71e,13/01/2017 03:59:09,0,268044.0
2805,4a5cf927-5e23-4267-926e-9463e171f71e,13/01/2017 02:59:09,0,268044.0
2806,4a5cf927-5e23-4267-926e-9463e171f71e,13/01/2017 01:59:12,0,268044.0
2807,4a5cf927-5e23-4267-926e-9463e171f71e,13/01/2017 00:59:12,0,268044.0
2808,4a5cf927-5e23-4267-926e-9463e171f71e,12/1/2017 23:59,6,268044.0
2809,4a5cf927-5e23-4267-926e-9463e171f71e,12/1/2017 22:59,1,268038.0
2810,4a5cf927-5e23-4267-926e-9463e171f71e,12/1/2017 21:59,11,268037.0
2811,4a5cf927-5e23-4267-926e-9463e171f71e,12/1/2017 20:59,4,268026.0
2812,4a5cf927-5e23-4267-926e-9463e171f71e,12/1/2017 19:59,0,268022.0
2813,4a5cf927-5e23-4267-926e-9463e171f71e,12/1/2017 18:59,6,268022.0
2814,4a5cf927-5e23-4267-926e-9463e171f71e,12/1/2017 17:59,19,268016.0
2815,4a5cf927-5e23-4267-926e-9463e171f71e,12/1/2017 16:59,0,267997.0
2816,4a5cf927-5e23-4267-926e-9463e171f71e,12/1/2017 15:59,20,267997.0
2817,4a5cf927-5e23-4267-926e-9463e171f71e,12/1/2017 14:59,80,267977.0
2818,4a5cf927-5e23-4267-926e-9463e171f71e,12/1/2017 14:00,0,267897.0
2819,4a5cf927-5e23-4267-926e-9463e171f71e,12/1/2017 13:00,3,267897.0
2820,4a5cf927-5e23-4267-926e-9463e171f71e,12/1/2017 12:00,63,267894.0
2821,4a5cf927-5e23-4267-926e-9463e171f71e,12/1/2017 11:00,4,267831.0
2822,4a5cf927-5e23-4267-926e-9463e171f71e,12/1/2017 9:59,0,267827.0
2823,4a5cf927-5e23-4267-926e-9463e171f71e,12/1/2017 8:59,10,267827.0
2824,4a5cf927-5e23-4267-926e-9463e171f71e,12/1/2017 7:59,19,267817.0
2825,4a5cf927-5e23-4267-926e-9463e171f71e,12/1/2017 6:59,0,267798.0
2826,4a5cf927-5e23-4267-926e-9463e171f71e,12/1/2017 5:59,0,267798.0
2827,4a5cf927-5e23-4267-926e-9463e171f71e,12/1/2017 4:59,0,267798.0
2828,4a5cf927-5e23-4267-926e-9463e171f71e,12/1/2017 3:59,0,267798.0
2829,4a5cf927-5e23-4267-926e-9463e171f71e,12/1/2017 2:59,0,267798.0
2830,4a5cf927-5e23-4267-926e-9463e171f71e,12/1/2017 1:59,0,267798.0
2831,4a5cf927-5e23-4267-926e-9463e171f71e,12/1/2017 0:59,4,267798.0
2832,4a5cf927-5e23-4267-926e-9463e171f71e,11/1/2017 23:59,4,267794.0
2833,4a5cf927-5e23-4267-926e-9463e171f71e,11/1/2017 22:59,20,267790.0
2834,4a5cf927-5e23-4267-926e-9463e171f71e,11/1/2017 21:59,0,267770.0
2835,4a5cf927-5e23-4267-926e-9463e171f71e,11/1/2017 20:59,14,267770.0
2836,4a5cf927-5e23-4267-926e-9463e171f71e,11/1/2017 19:59,0,267756.0
2837,4a5cf927-5e23-4267-926e-9463e171f71e,11/1/2017 18:59,33,267756.0
2838,4a5cf927-5e23-4267-926e-9463e171f71e,11/1/2017 13:59,21,267723.0
2839,4a5cf927-5e23-4267-926e-9463e171f71e,11/1/2017 12:59,22,267702.0
2840,4a5cf927-5e23-4267-926e-9463e171f71e,11/1/2017 11:59,48,267680.0
2841,4a5cf927-5e23-4267-926e-9463e171f71e,11/1/2017 10:59,84,267632.0
2842,4a5cf927-5e23-4267-926e-9463e171f71e,11/1/2017 9:59,4,267548.0
2843,4a5cf927-5e23-4267-926e-9463e171f71e,11/1/2017 8:59,8,267544.0
2844,4a5cf927-5e23-4267-926e-9463e171f71e,11/1/2017 7:59,0,267536.0
2845,4a5cf927-5e23-4267-926e-9463e171f71e,11/1/2017 6:59,0,267536.0
2846,4a5cf927-5e23-4267-926e-9463e171f71e,11/1/2017 5:59,0,267536.0
2847,4a5cf927-5e23-4267-926e-9463e171f71e,11/1/2017 4:59,0,267536.0
2848,4a5cf927-5e23-4267-926e-9463e171f71e,11/1/2017 3:59,0,267536.0
2849,4a5cf927-5e23-4267-926e-9463e171f71e,11/1/2017 2:59,0,267536.0
2850,4a5cf927-5e23-4267-926e-9463e171f71e,11/1/2017 2:00,0,267536.0
2851,4a5cf927-5e23-4267-926e-9463e171f71e,11/1/2017 1:00,12,267536.0
2852,4a5cf927-5e23-4267-926e-9463e171f71e,11/1/2017 0:00,6,267524.0
2853,4a5cf927-5e23-4267-926e-9463e171f71e,10/1/2017 23:00,3,267518.0
2854,4a5cf927-5e23-4267-926e-9463e171f71e,10/1/2017 21:59,0,267515.0
2855,4a5cf927-5e23-4267-926e-9463e171f71e,10/1/2017 20:59,1,267515.0
2856,4a5cf927-5e23-4267-926e-9463e171f71e,10/1/2017 19:59,4,267514.0
2857,4a5cf927-5e23-4267-926e-9463e171f71e,10/1/2017 18:59,12,267510.0
2858,4a5cf927-5e23-4267-926e-9463e171f71e,10/1/2017 18:00,0,267498.0
2859,4a5cf927-5e23-4267-926e-9463e171f71e,10/1/2017 17:00,0,267498.0
2860,4a5cf927-5e23-4267-926e-9463e171f71e,10/1/2017 16:00,12,267498.0
2861,4a5cf927-5e23-4267-926e-9463e171f71e,10/1/2017 15:00,69,267486.0
2862,4a5cf927-5e23-4267-926e-9463e171f71e,10/1/2017 13:59,0,267417.0
2863,4a5cf927-5e23-4267-926e-9463e171f71e,10/1/2017 12:59,0,267417.0
2864,4a5cf927-5e23-4267-926e-9463e171f71e,10/1/2017 11:59,11,267417.0
2865,4a5cf927-5e23-4267-926e-9463e171f71e,10/1/2017 10:59,18,267406.0
2866,4a5cf927-5e23-4267-926e-9463e171f71e,10/1/2017 9:59,0,267388.0
2867,4a5cf927-5e23-4267-926e-9463e171f71e,10/1/2017 8:59,7,267388.0
2868,4a5cf927-5e23-4267-926e-9463e171f71e,10/1/2017 7:59,18,267381.0
2869,4a5cf927-5e23-4267-926e-9463e171f71e,10/1/2017 6:59,0,267363.0
2870,4a5cf927-5e23-4267-926e-9463e171f71e,10/1/2017 5:59,0,267363.0
2871,4a5cf927-5e23-4267-926e-9463e171f71e,10/1/2017 4:59,0,267363.0
2872,4a5cf927-5e23-4267-926e-9463e171f71e,10/1/2017 3:59,0,267363.0
2873,4a5cf927-5e23-4267-926e-9463e171f71e,10/1/2017 2:59,0,267363.0
2874,4a5cf927-5e23-4267-926e-9463e171f71e,10/1/2017 1:59,0,267363.0
2875,4a5cf927-5e23-4267-926e-9463e171f71e,10/1/2017 0:59,4,267363.0
2876,4a5cf927-5e23-4267-926e-9463e171f71e,9/1/2017 23:59,6,267359.0
2877,4a5cf927-5e23-4267-926e-9463e171f71e,9/1/2017 22:59,11,267353.0
2878,4a5cf927-5e23-4267-926e-9463e171f71e,9/1/2017 21:59,76,267342.0
2879,4a5cf927-5e23-4267-926e-9463e171f71e,9/1/2017 20:59,18,267266.0
2880,4a5cf927-5e23-4267-926e-9463e171f71e,9/1/2017 19:59,0,267248.0
2881,4a5cf927-5e23-4267-926e-9463e171f71e,9/1/2017 18:59,9,267248.0
2882,4a5cf927-5e23-4267-926e-9463e171f71e,9/1/2017 18:02,12,267239.0
2883,4a5cf927-5e23-4267-926e-9463e171f71e,9/1/2017 17:02,8,267227.0
2884,4a5cf927-5e23-4267-926e-9463e171f71e,9/1/2017 16:02,36,267219.0
2885,4a5cf927-5e23-4267-926e-9463e171f71e,9/1/2017 15:02,54,267183.0
2886,4a5cf927-5e23-4267-926e-9463e171f71e,9/1/2017 14:00,71,267129.0
2887,4a5cf927-5e23-4267-926e-9463e171f71e,9/1/2017 13:00,19,267058.0
2888,4a5cf927-5e23-4267-926e-9463e171f71e,9/1/2017 12:00,68,267039.0
2889,4a5cf927-5e23-4267-926e-9463e171f71e,9/1/2017 11:00,7,266971.0
2890,4a5cf927-5e23-4267-926e-9463e171f71e,9/1/2017 9:59,8,266964.0
2891,4a5cf927-5e23-4267-926e-9463e171f71e,9/1/2017 8:59,0,266956.0
2892,4a5cf927-5e23-4267-926e-9463e171f71e,9/1/2017 7:59,0,266956.0
2893,4a5cf927-5e23-4267-926e-9463e171f71e,9/1/2017 6:59,0,266956.0
2894,4a5cf927-5e23-4267-926e-9463e171f71e,9/1/2017 6:00,0,266956.0
2895,4a5cf927-5e23-4267-926e-9463e171f71e,9/1/2017 5:00,0,266956.0
2896,4a5cf927-5e23-4267-926e-9463e171f71e,9/1/2017 4:00,7,266956.0
2897,4a5cf927-5e23-4267-926e-9463e171f71e,9/1/2017 3:00,16,266949.0
2898,4a5cf927-5e23-4267-926e-9463e171f71e,9/1/2017 1:59,5,266933.0
2899,4a5cf927-5e23-4267-926e-9463e171f71e,9/1/2017 0:59,0,266928.0
2900,4a5cf927-5e23-4267-926e-9463e171f71e,8/1/2017 23:59,2,266928.0
2901,4a5cf927-5e23-4267-926e-9463e171f71e,8/1/2017 22:59,1,266926.0
2902,4a5cf927-5e23-4267-926e-9463e171f71e,8/1/2017 17:59,18,266925.0
2903,4a5cf927-5e23-4267-926e-9463e171f71e,8/1/2017 16:59,46,266907.0
2904,4a5cf927-5e23-4267-926e-9463e171f71e,8/1/2017 15:59,28,266861.0
2905,4a5cf927-5e23-4267-926e-9463e171f71e,8/1/2017 14:59,131,266833.0
2906,4a5cf927-5e23-4267-926e-9463e171f71e,8/1/2017 9:59,0,266702.0
2907,4a5cf927-5e23-4267-926e-9463e171f71e,8/1/2017 8:59,0,266702.0
2908,4a5cf927-5e23-4267-926e-9463e171f71e,8/1/2017 7:59,0,266702.0
2909,4a5cf927-5e23-4267-926e-9463e171f71e,8/1/2017 6:59,0,266702.0
2910,4a5cf927-5e23-4267-926e-9463e171f71e,8/1/2017 5:59,0,266702.0
2911,4a5cf927-5e23-4267-926e-9463e171f71e,8/1/2017 4:59,0,266702.0
2912,4a5cf927-5e23-4267-926e-9463e171f71e,8/1/2017 3:59,1,266702.0
2913,4a5cf927-5e23-4267-926e-9463e171f71e,8/1/2017 2:59,10,266701.0
2914,4a5cf927-5e23-4267-926e-9463e171f71e,8/1/2017 2:02,0,266691.0
2915,4a5cf927-5e23-4267-926e-9463e171f71e,8/1/2017 1:02,0,266691.0
2916,4a5cf927-5e23-4267-926e-9463e171f71e,8/1/2017 0:02,0,266691.0
2917,4a5cf927-5e23-4267-926e-9463e171f71e,7/1/2017 23:02,1,266691.0
2918,4a5cf927-5e23-4267-926e-9463e171f71e,7/1/2017 21:59,0,266690.0
2919,4a5cf927-5e23-4267-926e-9463e171f71e,7/1/2017 20:59,12,266690.0
2920,4a5cf927-5e23-4267-926e-9463e171f71e,7/1/2017 19:59,0,266678.0
2921,4a5cf927-5e23-4267-926e-9463e171f71e,7/1/2017 18:59,3,266678.0
2922,4a5cf927-5e23-4267-926e-9463e171f71e,7/1/2017 17:59,38,266675.0
2923,4a5cf927-5e23-4267-926e-9463e171f71e,7/1/2017 16:59,6,266637.0
2924,4a5cf927-5e23-4267-926e-9463e171f71e,7/1/2017 15:59,30,266631.0
2925,4a5cf927-5e23-4267-926e-9463e171f71e,7/1/2017 14:59,50,266601.0
2926,4a5cf927-5e23-4267-926e-9463e171f71e,7/1/2017 14:00,6,266551.0
2927,4a5cf927-5e23-4267-926e-9463e171f71e,7/1/2017 13:00,74,266545.0
2928,4a5cf927-5e23-4267-926e-9463e171f71e,7/1/2017 12:00,0,266471.0
2929,4a5cf927-5e23-4267-926e-9463e171f71e,7/1/2017 11:00,17,266471.0
2930,4a5cf927-5e23-4267-926e-9463e171f71e,7/1/2017 9:59,31,266454.0
2931,4a5cf927-5e23-4267-926e-9463e171f71e,7/1/2017 8:59,0,266423.0
2932,4a5cf927-5e23-4267-926e-9463e171f71e,7/1/2017 7:59,0,266423.0
2933,4a5cf927-5e23-4267-926e-9463e171f71e,7/1/2017 6:59,34,266423.0
2934,4a5cf927-5e23-4267-926e-9463e171f71e,7/1/2017 1:59,5,266389.0
2935,4a5cf927-5e23-4267-926e-9463e171f71e,7/1/2017 0:59,0,266384.0
2936,4a5cf927-5e23-4267-926e-9463e171f71e,6/1/2017 23:59,0,266384.0
2937,4a5cf927-5e23-4267-926e-9463e171f71e,6/1/2017 22:59,17,266384.0
2938,4a5cf927-5e23-4267-926e-9463e171f71e,6/1/2017 22:01,9,266367.0
2939,4a5cf927-5e23-4267-926e-9463e171f71e,6/1/2017 21:01,2,266358.0
2940,4a5cf927-5e23-4267-926e-9463e171f71e,6/1/2017 20:01,13,266356.0
2941,4a5cf927-5e23-4267-926e-9463e171f71e,6/1/2017 19:01,28,266343.0
2942,4a5cf927-5e23-4267-926e-9463e171f71e,6/1/2017 18:02,41,266315.0
2943,4a5cf927-5e23-4267-926e-9463e171f71e,6/1/2017 17:02,2,266274.0
2944,4a5cf927-5e23-4267-926e-9463e171f71e,6/1/2017 16:02,38,266272.0
2945,4a5cf927-5e23-4267-926e-9463e171f71e,6/1/2017 15:02,37,266234.0
2946,4a5cf927-5e23-4267-926e-9463e171f71e,6/1/2017 13:59,3,266197.0
2947,4a5cf927-5e23-4267-926e-9463e171f71e,6/1/2017 12:59,57,266194.0
2948,4a5cf927-5e23-4267-926e-9463e171f71e,6/1/2017 11:59,12,266137.0
2949,4a5cf927-5e23-4267-926e-9463e171f71e,6/1/2017 10:59,4,266125.0
2950,4a5cf927-5e23-4267-926e-9463e171f71e,6/1/2017 10:00,18,266121.0
2951,4a5cf927-5e23-4267-926e-9463e171f71e,6/1/2017 9:00,0,266103.0
2952,4a5cf927-5e23-4267-926e-9463e171f71e,6/1/2017 8:00,0,266103.0
2953,4a5cf927-5e23-4267-926e-9463e171f71e,6/1/2017 7:00,11,266103.0
2954,4a5cf927-5e23-4267-926e-9463e171f71e,6/1/2017 2:00,0,266092.0
2955,4a5cf927-5e23-4267-926e-9463e171f71e,6/1/2017 1:00,0,266092.0
2956,4a5cf927-5e23-4267-926e-9463e171f71e,6/1/2017 0:00,0,266092.0
2957,4a5cf927-5e23-4267-926e-9463e171f71e,5/1/2017 23:00,0,266092.0
2958,4a5cf927-5e23-4267-926e-9463e171f71e,5/1/2017 22:00,0,266092.0
2959,4a5cf927-5e23-4267-926e-9463e171f71e,5/1/2017 21:00,0,266092.0
2960,4a5cf927-5e23-4267-926e-9463e171f71e,5/1/2017 20:00,0,266092.0
2961,4a5cf927-5e23-4267-926e-9463e171f71e,5/1/2017 19:00,0,266092.0
2962,4a5cf927-5e23-4267-926e-9463e171f71e,5/1/2017 17:59,14,266092.0
2963,4a5cf927-5e23-4267-926e-9463e171f71e,5/1/2017 16:59,23,266078.0
2964,4a5cf927-5e23-4267-926e-9463e171f71e,5/1/2017 15:59,51,266055.0
2965,4a5cf927-5e23-4267-926e-9463e171f71e,5/1/2017 14:59,26,266004.0
2966,4a5cf927-5e23-4267-926e-9463e171f71e,5/1/2017 13:59,0,265978.0
2967,4a5cf927-5e23-4267-926e-9463e171f71e,5/1/2017 12:59,6,265978.0
2968,4a5cf927-5e23-4267-926e-9463e171f71e,5/1/2017 11:59,52,265972.0
2969,4a5cf927-5e23-4267-926e-9463e171f71e,5/1/2017 10:59,6,265920.0
2970,4a5cf927-5e23-4267-926e-9463e171f71e,5/1/2017 10:03,0,265914.0
2971,4a5cf927-5e23-4267-926e-9463e171f71e,5/1/2017 9:03,21,265914.0
2972,4a5cf927-5e23-4267-926e-9463e171f71e,5/1/2017 8:03,1,265893.0
2973,4a5cf927-5e23-4267-926e-9463e171f71e,5/1/2017 7:03,0,265892.0
2974,4a5cf927-5e23-4267-926e-9463e171f71e,5/1/2017 5:59,0,265892.0
2975,4a5cf927-5e23-4267-926e-9463e171f71e,5/1/2017 4:59,0,265892.0
2976,4a5cf927-5e23-4267-926e-9463e171f71e,5/1/2017 3:59,0,265892.0
2977,4a5cf927-5e23-4267-926e-9463e171f71e,5/1/2017 2:59,1,265892.0
2978,4a5cf927-5e23-4267-926e-9463e171f71e,5/1/2017 1:59,0,265891.0
2979,4a5cf927-5e23-4267-926e-9463e171f71e,5/1/2017 0:59,3,265891.0
2980,4a5cf927-5e23-4267-926e-9463e171f71e,4/1/2017 23:59,0,265888.0
2981,4a5cf927-5e23-4267-926e-9463e171f71e,4/1/2017 22:59,5,265888.0
2982,4a5cf927-5e23-4267-926e-9463e171f71e,4/1/2017 21:59,21,265883.0
2983,4a5cf927-5e23-4267-926e-9463e171f71e,4/1/2017 20:59,5,265862.0
2984,4a5cf927-5e23-4267-926e-9463e171f71e,4/1/2017 19:59,0,265857.0
2985,4a5cf927-5e23-4267-926e-9463e171f71e,4/1/2017 18:59,26,265857.0
2986,4a5cf927-5e23-4267-926e-9463e171f71e,4/1/2017 17:59,7,265831.0
2987,4a5cf927-5e23-4267-926e-9463e171f71e,4/1/2017 16:59,14,265824.0
2988,4a5cf927-5e23-4267-926e-9463e171f71e,4/1/2017 15:59,7,265810.0
2989,4a5cf927-5e23-4267-926e-9463e171f71e,4/1/2017 14:59,2,265803.0
2990,4a5cf927-5e23-4267-926e-9463e171f71e,4/1/2017 13:59,29,265801.0
2991,4a5cf927-5e23-4267-926e-9463e171f71e,4/1/2017 12:59,32,265772.0
2992,4a5cf927-5e23-4267-926e-9463e171f71e,4/1/2017 11:59,110,265740.0
2993,4a5cf927-5e23-4267-926e-9463e171f71e,4/1/2017 10:59,11,265630.0
2994,4a5cf927-5e23-4267-926e-9463e171f71e,4/1/2017 9:59,27,265619.0
2995,4a5cf927-5e23-4267-926e-9463e171f71e,4/1/2017 8:59,4,265592.0
2996,4a5cf927-5e23-4267-926e-9463e171f71e,4/1/2017 7:59,0,265588.0
2997,4a5cf927-5e23-4267-926e-9463e171f71e,4/1/2017 6:59,0,265588.0
2998,4a5cf927-5e23-4267-926e-9463e171f71e,4/1/2017 5:59,0,265588.0
2999,4a5cf927-5e23-4267-926e-9463e171f71e,4/1/2017 4:59,0,265588.0
3000,4a5cf927-5e23-4267-926e-9463e171f71e,4/1/2017 3:59,0,265588.0
3001,4a5cf927-5e23-4267-926e-9463e171f71e,4/1/2017 2:59,0,265588.0
3002,4a5cf927-5e23-4267-926e-9463e171f71e,4/1/2017 1:59,0,265588.0
3003,4a5cf927-5e23-4267-926e-9463e171f71e,4/1/2017 0:59,0,265588.0
3004,4a5cf927-5e23-4267-926e-9463e171f71e,3/1/2017 23:59,1,265588.0
3005,4a5cf927-5e23-4267-926e-9463e171f71e,3/1/2017 22:59,9,265587.0
3006,4a5cf927-5e23-4267-926e-9463e171f71e,3/1/2017 21:59,0,265578.0
3007,4a5cf927-5e23-4267-926e-9463e171f71e,3/1/2017 20:59,0,265578.0
3008,4a5cf927-5e23-4267-926e-9463e171f71e,3/1/2017 19:59,1,265578.0
3009,4a5cf927-5e23-4267-926e-9463e171f71e,3/1/2017 18:59,10,265577.0
3010,4a5cf927-5e23-4267-926e-9463e171f71e,3/1/2017 17:59,5,265567.0
3011,4a5cf927-5e23-4267-926e-9463e171f71e,3/1/2017 16:59,10,265562.0
3012,4a5cf927-5e23-4267-926e-9463e171f71e,3/1/2017 15:59,25,265552.0
3013,4a5cf927-5e23-4267-926e-9463e171f71e,3/1/2017 14:59,10,265527.0
3014,4a5cf927-5e23-4267-926e-9463e171f71e,3/1/2017 13:59,82,265517.0
3015,4a5cf927-5e23-4267-926e-9463e171f71e,3/1/2017 12:59,12,265435.0
3016,4a5cf927-5e23-4267-926e-9463e171f71e,3/1/2017 11:59,37,265423.0
3017,4a5cf927-5e23-4267-926e-9463e171f71e,3/1/2017 10:59,42,265386.0
3018,4a5cf927-5e23-4267-926e-9463e171f71e,3/1/2017 10:00,19,265344.0
3019,4a5cf927-5e23-4267-926e-9463e171f71e,3/1/2017 9:00,0,265325.0
3020,4a5cf927-5e23-4267-926e-9463e171f71e,3/1/2017 8:00,0,265325.0
3021,4a5cf927-5e23-4267-926e-9463e171f71e,3/1/2017 7:00,0,265325.0
3022,4a5cf927-5e23-4267-926e-9463e171f71e,3/1/2017 5:59,0,265325.0
3023,4a5cf927-5e23-4267-926e-9463e171f71e,3/1/2017 4:59,0,265325.0
3024,4a5cf927-5e23-4267-926e-9463e171f71e,3/1/2017 3:59,0,265325.0
3025,4a5cf927-5e23-4267-926e-9463e171f71e,3/1/2017 2:59,0,265325.0
3026,4a5cf927-5e23-4267-926e-9463e171f71e,3/1/2017 2:00,0,265325.0
3027,4a5cf927-5e23-4267-926e-9463e171f71e,3/1/2017 1:00,46,265325.0
3028,4a5cf927-5e23-4267-926e-9463e171f71e,3/1/2017 0:00,3,265279.0
3029,4a5cf927-5e23-4267-926e-9463e171f71e,2/1/2017 23:00,4,265276.0
3030,4a5cf927-5e23-4267-926e-9463e171f71e,2/1/2017 21:59,10,265272.0
3031,4a5cf927-5e23-4267-926e-9463e171f71e,2/1/2017 20:59,0,265262.0
3032,4a5cf927-5e23-4267-926e-9463e171f71e,2/1/2017 19:59,0,265262.0
3033,4a5cf927-5e23-4267-926e-9463e171f71e,2/1/2017 18:59,0,265262.0
3034,4a5cf927-5e23-4267-926e-9463e171f71e,2/1/2017 18:02,0,265262.0
3035,4a5cf927-5e23-4267-926e-9463e171f71e,2/1/2017 17:02,0,265262.0
3036,4a5cf927-5e23-4267-926e-9463e171f71e,2/1/2017 16:02,0,265262.0
3037,4a5cf927-5e23-4267-926e-9463e171f71e,2/1/2017 15:02,0,265262.0
3038,4a5cf927-5e23-4267-926e-9463e171f71e,2/1/2017 13:59,0,265262.0
3039,4a5cf927-5e23-4267-926e-9463e171f71e,2/1/2017 12:59,81,265262.0
3040,4a5cf927-5e23-4267-926e-9463e171f71e,2/1/2017 11:59,14,265181.0
3041,4a5cf927-5e23-4267-926e-9463e171f71e,2/1/2017 10:59,53,265167.0
3042,4a5cf927-5e23-4267-926e-9463e171f71e,2/1/2017 5:59,0,265114.0
3043,4a5cf927-5e23-4267-926e-9463e171f71e,2/1/2017 4:59,0,265114.0
3044,4a5cf927-5e23-4267-926e-9463e171f71e,2/1/2017 3:59,0,265114.0
3045,4a5cf927-5e23-4267-926e-9463e171f71e,2/1/2017 2:59,0,265114.0
3046,4a5cf927-5e23-4267-926e-9463e171f71e,2/1/2017 1:59,8,265114.0
3047,4a5cf927-5e23-4267-926e-9463e171f71e,2/1/2017 0:59,7,265106.0
3048,4a5cf927-5e23-4267-926e-9463e171f71e,1/1/2017 23:59,0,265099.0
3049,4a5cf927-5e23-4267-926e-9463e171f71e,1/1/2017 22:59,0,265099.0
3050,4a5cf927-5e23-4267-926e-9463e171f71e,1/1/2017 21:59,0,265099.0
3051,4a5cf927-5e23-4267-926e-9463e171f71e,1/1/2017 20:59,0,265099.0
3052,4a5cf927-5e23-4267-926e-9463e171f71e,1/1/2017 19:59,0,265099.0
3053,4a5cf927-5e23-4267-926e-9463e171f71e,1/1/2017 18:59,62,265099.0
3054,4a5cf927-5e23-4267-926e-9463e171f71e,1/1/2017 18:00,0,265037.0
3055,4a5cf927-5e23-4267-926e-9463e171f71e,1/1/2017 17:00,8,265037.0
3056,4a5cf927-5e23-4267-926e-9463e171f71e,1/1/2017 16:00,24,265029.0
3057,4a5cf927-5e23-4267-926e-9463e171f71e,1/1/2017 15:00,3,265005.0
3058,4a5cf927-5e23-4267-926e-9463e171f71e,1/1/2017 13:59,4,265002.0
3059,4a5cf927-5e23-4267-926e-9463e171f71e,1/1/2017 12:59,34,264998.0
3060,4a5cf927-5e23-4267-926e-9463e171f71e,1/1/2017 11:59,3,264964.0
3061,4a5cf927-5e23-4267-926e-9463e171f71e,1/1/2017 10:59,0,264961.0
3062,4a5cf927-5e23-4267-926e-9463e171f71e,1/1/2017 9:59,0,264961.0
3063,4a5cf927-5e23-4267-926e-9463e171f71e,1/1/2017 8:59,0,264961.0
3064,4a5cf927-5e23-4267-926e-9463e171f71e,1/1/2017 7:59,0,264961.0
3065,4a5cf927-5e23-4267-926e-9463e171f71e,1/1/2017 6:59,0,264961.0
3066,4a5cf927-5e23-4267-926e-9463e171f71e,1/1/2017 6:06,0,264961.0
3067,4a5cf927-5e23-4267-926e-9463e171f71e,1/1/2017 5:06,0,264961.0
3068,4a5cf927-5e23-4267-926e-9463e171f71e,1/1/2017 4:06,17,264961.0
3069,4a5cf927-5e23-4267-926e-9463e171f71e,1/1/2017 3:06,0,264944.0
3070,4a5cf927-5e23-4267-926e-9463e171f71e,1/1/2017 1:59,0,264944.0
3071,4a5cf927-5e23-4267-926e-9463e171f71e,1/1/2017 0:59,0,264944.0
3072,4a5cf927-5e23-4267-926e-9463e171f71e,31/12/2016 23:59:38,0,264944.0
3073,4a5cf927-5e23-4267-926e-9463e171f71e,31/12/2016 22:59:38,0,264944.0
3074,4a5cf927-5e23-4267-926e-9463e171f71e,31/12/2016 22:00:46,0,264944.0
3075,4a5cf927-5e23-4267-926e-9463e171f71e,31/12/2016 21:00:46,7,264944.0
3076,4a5cf927-5e23-4267-926e-9463e171f71e,31/12/2016 20:00:46,7,264937.0
3077,4a5cf927-5e23-4267-926e-9463e171f71e,31/12/2016 19:00:46,17,264930.0
3078,4a5cf927-5e23-4267-926e-9463e171f71e,31/12/2016 17:59:39,86,264913.0
3079,4a5cf927-5e23-4267-926e-9463e171f71e,31/12/2016 16:59:39,0,264827.0
3080,4a5cf927-5e23-4267-926e-9463e171f71e,31/12/2016 15:59:39,22,264827.0
3081,4a5cf927-5e23-4267-926e-9463e171f71e,31/12/2016 14:59:39,0,264805.0
3082,4a5cf927-5e23-4267-926e-9463e171f71e,31/12/2016 13:59:38,0,264805.0
3083,4a5cf927-5e23-4267-926e-9463e171f71e,31/12/2016 12:59:38,89,264805.0
3084,4a5cf927-5e23-4267-926e-9463e171f71e,31/12/2016 11:59:38,14,264716.0
3085,4a5cf927-5e23-4267-926e-9463e171f71e,31/12/2016 10:59:38,10,264702.0
3086,4a5cf927-5e23-4267-926e-9463e171f71e,31/12/2016 09:59:41,5,264692.0
3087,4a5cf927-5e23-4267-926e-9463e171f71e,31/12/2016 08:59:41,7,264687.0
3088,4a5cf927-5e23-4267-926e-9463e171f71e,31/12/2016 07:59:41,0,264680.0
3089,4a5cf927-5e23-4267-926e-9463e171f71e,31/12/2016 06:59:41,0,264680.0
3090,4a5cf927-5e23-4267-926e-9463e171f71e,31/12/2016 05:59:38,0,264680.0
3091,4a5cf927-5e23-4267-926e-9463e171f71e,31/12/2016 04:59:38,0,264680.0
3092,4a5cf927-5e23-4267-926e-9463e171f71e,31/12/2016 03:59:38,0,264680.0
3093,4a5cf927-5e23-4267-926e-9463e171f71e,31/12/2016 02:59:38,0,264680.0
3094,4a5cf927-5e23-4267-926e-9463e171f71e,31/12/2016 01:59:46,14,264680.0
3095,4a5cf927-5e23-4267-926e-9463e171f71e,31/12/2016 00:59:46,3,264666.0
3096,4a5cf927-5e23-4267-926e-9463e171f71e,30/12/2016 23:59:46,0,264663.0
3097,4a5cf927-5e23-4267-926e-9463e171f71e,30/12/2016 22:59:46,1,264663.0
3098,4a5cf927-5e23-4267-926e-9463e171f71e,30/12/2016 22:00:39,0,264662.0
3099,4a5cf927-5e23-4267-926e-9463e171f71e,30/12/2016 21:00:39,0,264662.0
3100,4a5cf927-5e23-4267-926e-9463e171f71e,30/12/2016 20:00:39,13,264662.0
3101,4a5cf927-5e23-4267-926e-9463e171f71e,30/12/2016 19:00:39,0,264649.0
3102,4a5cf927-5e23-4267-926e-9463e171f71e,30/12/2016 17:59:47,7,264649.0
3103,4a5cf927-5e23-4267-926e-9463e171f71e,30/12/2016 16:59:47,5,264642.0
3104,4a5cf927-5e23-4267-926e-9463e171f71e,30/12/2016 15:59:47,49,264637.0
3105,4a5cf927-5e23-4267-926e-9463e171f71e,30/12/2016 14:59:47,12,264588.0
3106,4a5cf927-5e23-4267-926e-9463e171f71e,30/12/2016 13:59:42,49,264576.0
3107,4a5cf927-5e23-4267-926e-9463e171f71e,30/12/2016 12:59:42,7,264527.0
3108,4a5cf927-5e23-4267-926e-9463e171f71e,30/12/2016 11:59:42,13,264520.0
3109,4a5cf927-5e23-4267-926e-9463e171f71e,30/12/2016 10:59:42,80,264507.0
3110,4a5cf927-5e23-4267-926e-9463e171f71e,30/12/2016 10:02:09,20,264427.0
3111,4a5cf927-5e23-4267-926e-9463e171f71e,30/12/2016 09:02:09,0,264407.0
3112,4a5cf927-5e23-4267-926e-9463e171f71e,30/12/2016 08:02:09,0,264407.0
3113,4a5cf927-5e23-4267-926e-9463e171f71e,30/12/2016 07:02:09,0,264407.0
3114,4a5cf927-5e23-4267-926e-9463e171f71e,30/12/2016 05:59:43,0,264407.0
3115,4a5cf927-5e23-4267-926e-9463e171f71e,30/12/2016 04:59:43,0,264407.0
3116,4a5cf927-5e23-4267-926e-9463e171f71e,30/12/2016 03:59:43,0,264407.0
3117,4a5cf927-5e23-4267-926e-9463e171f71e,30/12/2016 02:59:43,0,264407.0
3118,4a5cf927-5e23-4267-926e-9463e171f71e,30/12/2016 01:59:43,0,264407.0
3119,4a5cf927-5e23-4267-926e-9463e171f71e,30/12/2016 00:59:43,8,264407.0
3120,4a5cf927-5e23-4267-926e-9463e171f71e,29/12/2016 23:59:43,0,264399.0
3121,4a5cf927-5e23-4267-926e-9463e171f71e,29/12/2016 22:59:43,0,264399.0
3122,4a5cf927-5e23-4267-926e-9463e171f71e,29/12/2016 21:59:43,0,264399.0
3123,4a5cf927-5e23-4267-926e-9463e171f71e,29/12/2016 20:59:43,0,264399.0
3124,4a5cf927-5e23-4267-926e-9463e171f71e,29/12/2016 19:59:43,7,264399.0
3125,4a5cf927-5e23-4267-926e-9463e171f71e,29/12/2016 18:59:43,0,264392.0
3126,4a5cf927-5e23-4267-926e-9463e171f71e,29/12/2016 17:59:45,0,264392.0
3127,4a5cf927-5e23-4267-926e-9463e171f71e,29/12/2016 16:59:45,8,264392.0
3128,4a5cf927-5e23-4267-926e-9463e171f71e,29/12/2016 15:59:45,18,264384.0
3129,4a5cf927-5e23-4267-926e-9463e171f71e,29/12/2016 14:59:45,6,264366.0
3130,4a5cf927-5e23-4267-926e-9463e171f71e,29/12/2016 13:59:43,0,264360.0
3131,4a5cf927-5e23-4267-926e-9463e171f71e,29/12/2016 12:59:43,5,264360.0
3132,4a5cf927-5e23-4267-926e-9463e171f71e,29/12/2016 11:59:43,83,264355.0
3133,4a5cf927-5e23-4267-926e-9463e171f71e,29/12/2016 10:59:43,10,264272.0
3134,4a5cf927-5e23-4267-926e-9463e171f71e,29/12/2016 09:59:45,59,264262.0
3135,4a5cf927-5e23-4267-926e-9463e171f71e,29/12/2016 08:59:45,0,264203.0
3136,4a5cf927-5e23-4267-926e-9463e171f71e,29/12/2016 07:59:45,0,264203.0
3137,4a5cf927-5e23-4267-926e-9463e171f71e,29/12/2016 06:59:45,0,264203.0
3138,4a5cf927-5e23-4267-926e-9463e171f71e,29/12/2016 06:01:24,0,264203.0
3139,4a5cf927-5e23-4267-926e-9463e171f71e,29/12/2016 05:01:24,0,264203.0
3140,4a5cf927-5e23-4267-926e-9463e171f71e,29/12/2016 04:01:24,0,264203.0
3141,4a5cf927-5e23-4267-926e-9463e171f71e,29/12/2016 03:01:24,0,264203.0
3142,4a5cf927-5e23-4267-926e-9463e171f71e,29/12/2016 01:59:44,0,264203.0
3143,4a5cf927-5e23-4267-926e-9463e171f71e,29/12/2016 00:59:44,0,264203.0
3144,4a5cf927-5e23-4267-926e-9463e171f71e,28/12/2016 23:59:44,19,264203.0
3145,4a5cf927-5e23-4267-926e-9463e171f71e,28/12/2016 22:59:44,0,264184.0
3146,4a5cf927-5e23-4267-926e-9463e171f71e,28/12/2016 21:59:49,17,264184.0
3147,4a5cf927-5e23-4267-926e-9463e171f71e,28/12/2016 20:59:49,0,264167.0
3148,4a5cf927-5e23-4267-926e-9463e171f71e,28/12/2016 19:59:49,0,264167.0
3149,4a5cf927-5e23-4267-926e-9463e171f71e,28/12/2016 18:59:49,29,264167.0
3150,4a5cf927-5e23-4267-926e-9463e171f71e,28/12/2016 17:59:46,0,264138.0
3151,4a5cf927-5e23-4267-926e-9463e171f71e,28/12/2016 16:59:46,7,264138.0
3152,4a5cf927-5e23-4267-926e-9463e171f71e,28/12/2016 15:59:46,35,264131.0
3153,4a5cf927-5e23-4267-926e-9463e171f71e,28/12/2016 14:59:46,4,264096.0
3154,4a5cf927-5e23-4267-926e-9463e171f71e,28/12/2016 13:59:45,20,264092.0
3155,4a5cf927-5e23-4267-926e-9463e171f71e,28/12/2016 12:59:45,5,264072.0
3156,4a5cf927-5e23-4267-926e-9463e171f71e,28/12/2016 11:59:45,101,264067.0
3157,4a5cf927-5e23-4267-926e-9463e171f71e,28/12/2016 10:59:45,113,263966.0
3158,4a5cf927-5e23-4267-926e-9463e171f71e,28/12/2016 09:59:47,200,263853.0
3159,4a5cf927-5e23-4267-926e-9463e171f71e,28/12/2016 08:59:47,6,263653.0
3160,4a5cf927-5e23-4267-926e-9463e171f71e,28/12/2016 07:59:47,0,263647.0
3161,4a5cf927-5e23-4267-926e-9463e171f71e,28/12/2016 06:59:47,0,263647.0
3162,4a5cf927-5e23-4267-926e-9463e171f71e,28/12/2016 05:59:44,0,263647.0
3163,4a5cf927-5e23-4267-926e-9463e171f71e,28/12/2016 04:59:44,0,263647.0
3164,4a5cf927-5e23-4267-926e-9463e171f71e,28/12/2016 03:59:44,0,263647.0
3165,4a5cf927-5e23-4267-926e-9463e171f71e,28/12/2016 02:59:44,19,263647.0
3166,4a5cf927-5e23-4267-926e-9463e171f71e,27/12/2016 21:59:48,3,263628.0
3167,4a5cf927-5e23-4267-926e-9463e171f71e,27/12/2016 20:59:48,4,263625.0
3168,4a5cf927-5e23-4267-926e-9463e171f71e,27/12/2016 19:59:48,4,263621.0
3169,4a5cf927-5e23-4267-926e-9463e171f71e,27/12/2016 18:59:48,46,263617.0
3170,4a5cf927-5e23-4267-926e-9463e171f71e,27/12/2016 13:59:48,0,263571.0
3171,4a5cf927-5e23-4267-926e-9463e171f71e,27/12/2016 12:59:48,11,263571.0
3172,4a5cf927-5e23-4267-926e-9463e171f71e,27/12/2016 11:59:48,102,263560.0
3173,4a5cf927-5e23-4267-926e-9463e171f71e,27/12/2016 10:59:48,106,263458.0
3174,4a5cf927-5e23-4267-926e-9463e171f71e,27/12/2016 10:07:06,38,263352.0
3175,4a5cf927-5e23-4267-926e-9463e171f71e,27/12/2016 09:07:06,0,263314.0
3176,4a5cf927-5e23-4267-926e-9463e171f71e,27/12/2016 08:07:06,0,263314.0
3177,4a5cf927-5e23-4267-926e-9463e171f71e,27/12/2016 07:07:06,0,263314.0
3178,4a5cf927-5e23-4267-926e-9463e171f71e,27/12/2016 06:00:01,0,263314.0
3179,4a5cf927-5e23-4267-926e-9463e171f71e,27/12/2016 05:00:01,6,263314.0
3180,4a5cf927-5e23-4267-926e-9463e171f71e,27/12/2016 04:00:01,0,263308.0
3181,4a5cf927-5e23-4267-926e-9463e171f71e,27/12/2016 03:00:01,1,263308.0
3182,4a5cf927-5e23-4267-926e-9463e171f71e,27/12/2016 01:59:52,5,263307.0
3183,4a5cf927-5e23-4267-926e-9463e171f71e,27/12/2016 00:59:52,18,263302.0
3184,4a5cf927-5e23-4267-926e-9463e171f71e,26/12/2016 23:59:52,20,263284.0
3185,4a5cf927-5e23-4267-926e-9463e171f71e,26/12/2016 22:59:52,24,263264.0
3186,4a5cf927-5e23-4267-926e-9463e171f71e,26/12/2016 18:03:33,32,263240.0
3187,4a5cf927-5e23-4267-926e-9463e171f71e,26/12/2016 17:03:33,21,263208.0
3188,4a5cf927-5e23-4267-926e-9463e171f71e,26/12/2016 16:03:33,10,263187.0
3189,4a5cf927-5e23-4267-926e-9463e171f71e,26/12/2016 15:03:33,14,263177.0
3190,4a5cf927-5e23-4267-926e-9463e171f71e,26/12/2016 13:59:50,0,263163.0
3191,4a5cf927-5e23-4267-926e-9463e171f71e,26/12/2016 12:59:50,0,263163.0
3192,4a5cf927-5e23-4267-926e-9463e171f71e,26/12/2016 11:59:50,128,263163.0
3193,4a5cf927-5e23-4267-926e-9463e171f71e,26/12/2016 10:59:50,52,263035.0
3194,4a5cf927-5e23-4267-926e-9463e171f71e,26/12/2016 09:59:51,26,262983.0
3195,4a5cf927-5e23-4267-926e-9463e171f71e,26/12/2016 08:59:51,19,262957.0
3196,4a5cf927-5e23-4267-926e-9463e171f71e,26/12/2016 07:59:51,0,262938.0
3197,4a5cf927-5e23-4267-926e-9463e171f71e,26/12/2016 06:59:51,7,262938.0
3198,4a5cf927-5e23-4267-926e-9463e171f71e,26/12/2016 05:59:52,0,262931.0
3199,4a5cf927-5e23-4267-926e-9463e171f71e,26/12/2016 04:59:52,0,262931.0
3200,4a5cf927-5e23-4267-926e-9463e171f71e,26/12/2016 03:59:52,6,262931.0
3201,4a5cf927-5e23-4267-926e-9463e171f71e,26/12/2016 02:59:52,0,262925.0
3202,4a5cf927-5e23-4267-926e-9463e171f71e,26/12/2016 02:00:17,11,262925.0
3203,4a5cf927-5e23-4267-926e-9463e171f71e,26/12/2016 01:00:17,3,262914.0
3204,4a5cf927-5e23-4267-926e-9463e171f71e,26/12/2016 00:00:17,39,262911.0
3205,4a5cf927-5e23-4267-926e-9463e171f71e,25/12/2016 23:00:17,7,262872.0
3206,4a5cf927-5e23-4267-926e-9463e171f71e,25/12/2016 21:59:52,26,262865.0
3207,4a5cf927-5e23-4267-926e-9463e171f71e,25/12/2016 20:59:52,30,262839.0
3208,4a5cf927-5e23-4267-926e-9463e171f71e,25/12/2016 19:59:52,8,262809.0
3209,4a5cf927-5e23-4267-926e-9463e171f71e,25/12/2016 18:59:52,116,262801.0
3210,4a5cf927-5e23-4267-926e-9463e171f71e,25/12/2016 17:59:52,5,262685.0
3211,4a5cf927-5e23-4267-926e-9463e171f71e,25/12/2016 16:59:52,42,262680.0
3212,4a5cf927-5e23-4267-926e-9463e171f71e,25/12/2016 15:59:52,4,262638.0
3213,4a5cf927-5e23-4267-926e-9463e171f71e,25/12/2016 14:59:52,15,262634.0
3214,4a5cf927-5e23-4267-926e-9463e171f71e,25/12/2016 13:59:52,90,262619.0
3215,4a5cf927-5e23-4267-926e-9463e171f71e,25/12/2016 12:59:52,41,262529.0
3216,4a5cf927-5e23-4267-926e-9463e171f71e,25/12/2016 11:59:52,67,262488.0
3217,4a5cf927-5e23-4267-926e-9463e171f71e,25/12/2016 10:59:52,46,262421.0
3218,4a5cf927-5e23-4267-926e-9463e171f71e,25/12/2016 06:05:13,0,262375.0
3219,4a5cf927-5e23-4267-926e-9463e171f71e,25/12/2016 05:05:13,0,262375.0
3220,4a5cf927-5e23-4267-926e-9463e171f71e,25/12/2016 04:05:13,0,262375.0
3221,4a5cf927-5e23-4267-926e-9463e171f71e,25/12/2016 03:05:13,12,262375.0
3222,4a5cf927-5e23-4267-926e-9463e171f71e,25/12/2016 01:59:55,11,262363.0
3223,4a5cf927-5e23-4267-926e-9463e171f71e,25/12/2016 00:59:55,10,262352.0
3224,4a5cf927-5e23-4267-926e-9463e171f71e,24/12/2016 23:59:55,18,262342.0
3225,4a5cf927-5e23-4267-926e-9463e171f71e,24/12/2016 22:59:55,13,262324.0
3226,4a5cf927-5e23-4267-926e-9463e171f71e,24/12/2016 21:59:56,13,262311.0
3227,4a5cf927-5e23-4267-926e-9463e171f71e,24/12/2016 20:59:56,9,262298.0
3228,4a5cf927-5e23-4267-926e-9463e171f71e,24/12/2016 19:59:56,5,262289.0
3229,4a5cf927-5e23-4267-926e-9463e171f71e,24/12/2016 18:59:56,0,262284.0
3230,4a5cf927-5e23-4267-926e-9463e171f71e,24/12/2016 17:59:56,31,262284.0
3231,4a5cf927-5e23-4267-926e-9463e171f71e,24/12/2016 16:59:56,23,262253.0
3232,4a5cf927-5e23-4267-926e-9463e171f71e,24/12/2016 15:59:56,49,262230.0
3233,4a5cf927-5e23-4267-926e-9463e171f71e,24/12/2016 14:59:56,4,262181.0
3234,4a5cf927-5e23-4267-926e-9463e171f71e,24/12/2016 13:59:55,6,262177.0
3235,4a5cf927-5e23-4267-926e-9463e171f71e,24/12/2016 12:59:55,22,262171.0
3236,4a5cf927-5e23-4267-926e-9463e171f71e,24/12/2016 11:59:55,65,262149.0
3237,4a5cf927-5e23-4267-926e-9463e171f71e,24/12/2016 10:59:55,29,262084.0
3238,4a5cf927-5e23-4267-926e-9463e171f71e,24/12/2016 09:59:56,16,262055.0
3239,4a5cf927-5e23-4267-926e-9463e171f71e,24/12/2016 08:59:56,0,262039.0
3240,4a5cf927-5e23-4267-926e-9463e171f71e,24/12/2016 07:59:56,0,262039.0
3241,4a5cf927-5e23-4267-926e-9463e171f71e,24/12/2016 06:59:56,0,262039.0
3242,4a5cf927-5e23-4267-926e-9463e171f71e,24/12/2016 06:00:05,0,262039.0
3243,4a5cf927-5e23-4267-926e-9463e171f71e,24/12/2016 05:00:05,0,262039.0
3244,4a5cf927-5e23-4267-926e-9463e171f71e,24/12/2016 04:00:05,0,262039.0
3245,4a5cf927-5e23-4267-926e-9463e171f71e,24/12/2016 03:00:05,0,262039.0
3246,4a5cf927-5e23-4267-926e-9463e171f71e,24/12/2016 01:59:57,0,262039.0
3247,4a5cf927-5e23-4267-926e-9463e171f71e,24/12/2016 00:59:57,0,262039.0
3248,4a5cf927-5e23-4267-926e-9463e171f71e,23/12/2016 23:59:57,5,262039.0
3249,4a5cf927-5e23-4267-926e-9463e171f71e,23/12/2016 22:59:57,81,262034.0
3250,4a5cf927-5e23-4267-926e-9463e171f71e,23/12/2016 18:02:23,14,261953.0
3251,4a5cf927-5e23-4267-926e-9463e171f71e,23/12/2016 17:02:23,40,261939.0
3252,4a5cf927-5e23-4267-926e-9463e171f71e,23/12/2016 16:02:23,28,261899.0
3253,4a5cf927-5e23-4267-926e-9463e171f71e,23/12/2016 15:02:23,4,261871.0
3254,4a5cf927-5e23-4267-926e-9463e171f71e,23/12/2016 14:01:05,0,261867.0
3255,4a5cf927-5e23-4267-926e-9463e171f71e,23/12/2016 13:01:05,3,261867.0
3256,4a5cf927-5e23-4267-926e-9463e171f71e,23/12/2016 12:01:05,76,261864.0
3257,4a5cf927-5e23-4267-926e-9463e171f71e,23/12/2016 11:01:05,23,261788.0
3258,4a5cf927-5e23-4267-926e-9463e171f71e,23/12/2016 10:00:00,58,261765.0
3259,4a5cf927-5e23-4267-926e-9463e171f71e,23/12/2016 09:00:00,25,261707.0
3260,4a5cf927-5e23-4267-926e-9463e171f71e,23/12/2016 08:00:00,1,261682.0
3261,4a5cf927-5e23-4267-926e-9463e171f71e,23/12/2016 07:00:00,0,261681.0
3262,4a5cf927-5e23-4267-926e-9463e171f71e,23/12/2016 05:59:59,0,261681.0
3263,4a5cf927-5e23-4267-926e-9463e171f71e,23/12/2016 04:59:59,0,261681.0
3264,4a5cf927-5e23-4267-926e-9463e171f71e,23/12/2016 03:59:59,0,261681.0
3265,4a5cf927-5e23-4267-926e-9463e171f71e,23/12/2016 02:59:59,0,261681.0
3266,4a5cf927-5e23-4267-926e-9463e171f71e,23/12/2016 02:00:00,4,261681.0
3267,4a5cf927-5e23-4267-926e-9463e171f71e,23/12/2016 01:00:00,0,261677.0
3268,4a5cf927-5e23-4267-926e-9463e171f71e,23/12/2016 00:00:00,4,261677.0
3269,4a5cf927-5e23-4267-926e-9463e171f71e,22/12/2016 23:00:00,33,261673.0
3270,4a5cf927-5e23-4267-926e-9463e171f71e,22/12/2016 18:00:00,7,261640.0
3271,4a5cf927-5e23-4267-926e-9463e171f71e,22/12/2016 17:00:00,6,261633.0
3272,4a5cf927-5e23-4267-926e-9463e171f71e,22/12/2016 16:00:00,44,261627.0
3273,4a5cf927-5e23-4267-926e-9463e171f71e,22/12/2016 15:00:00,17,261583.0
3274,4a5cf927-5e23-4267-926e-9463e171f71e,22/12/2016 14:01:20,15,261566.0
3275,4a5cf927-5e23-4267-926e-9463e171f71e,22/12/2016 13:01:20,0,261551.0
3276,4a5cf927-5e23-4267-926e-9463e171f71e,22/12/2016 12:01:20,17,261551.0
3277,4a5cf927-5e23-4267-926e-9463e171f71e,22/12/2016 11:01:20,38,261534.0
3278,4a5cf927-5e23-4267-926e-9463e171f71e,22/12/2016 10:00:03,76,261496.0
3279,4a5cf927-5e23-4267-926e-9463e171f71e,22/12/2016 09:00:03,0,261420.0
3280,4a5cf927-5e23-4267-926e-9463e171f71e,22/12/2016 08:00:03,0,261420.0
3281,4a5cf927-5e23-4267-926e-9463e171f71e,22/12/2016 07:00:03,0,261420.0
3282,4a5cf927-5e23-4267-926e-9463e171f71e,22/12/2016 02:00:03,0,261420.0
3283,4a5cf927-5e23-4267-926e-9463e171f71e,22/12/2016 01:00:03,8,261420.0
3284,4a5cf927-5e23-4267-926e-9463e171f71e,22/12/2016 00:00:03,4,261412.0
3285,4a5cf927-5e23-4267-926e-9463e171f71e,21/12/2016 23:00:03,25,261408.0
3286,4a5cf927-5e23-4267-926e-9463e171f71e,21/12/2016 22:01:19,26,261383.0
3287,4a5cf927-5e23-4267-926e-9463e171f71e,21/12/2016 21:01:19,4,261357.0
3288,4a5cf927-5e23-4267-926e-9463e171f71e,21/12/2016 20:01:19,8,261353.0
3289,4a5cf927-5e23-4267-926e-9463e171f71e,21/12/2016 19:01:19,8,261345.0
3290,4a5cf927-5e23-4267-926e-9463e171f71e,21/12/2016 18:00:03,8,261337.0
3291,4a5cf927-5e23-4267-926e-9463e171f71e,21/12/2016 17:00:03,20,261329.0
3292,4a5cf927-5e23-4267-926e-9463e171f71e,21/12/2016 16:00:03,7,261309.0
3293,4a5cf927-5e23-4267-926e-9463e171f71e,21/12/2016 15:00:03,16,261302.0
3294,4a5cf927-5e23-4267-926e-9463e171f71e,21/12/2016 14:00:01,9,261286.0
3295,4a5cf927-5e23-4267-926e-9463e171f71e,21/12/2016 13:00:01,22,261277.0
3296,4a5cf927-5e23-4267-926e-9463e171f71e,21/12/2016 12:00:01,53,261255.0
3297,4a5cf927-5e23-4267-926e-9463e171f71e,21/12/2016 11:00:01,7,261202.0
3298,4a5cf927-5e23-4267-926e-9463e171f71e,21/12/2016 10:00:03,38,261195.0
3299,4a5cf927-5e23-4267-926e-9463e171f71e,21/12/2016 09:00:03,17,261157.0
3300,4a5cf927-5e23-4267-926e-9463e171f71e,21/12/2016 08:00:03,0,261140.0
3301,4a5cf927-5e23-4267-926e-9463e171f71e,21/12/2016 07:00:03,0,261140.0
3302,4a5cf927-5e23-4267-926e-9463e171f71e,21/12/2016 06:00:05,0,261140.0
3303,4a5cf927-5e23-4267-926e-9463e171f71e,21/12/2016 05:00:05,0,261140.0
3304,4a5cf927-5e23-4267-926e-9463e171f71e,21/12/2016 04:00:05,0,261140.0
3305,4a5cf927-5e23-4267-926e-9463e171f71e,21/12/2016 03:00:05,0,261140.0
3306,4a5cf927-5e23-4267-926e-9463e171f71e,21/12/2016 02:01:31,0,261140.0
3307,4a5cf927-5e23-4267-926e-9463e171f71e,21/12/2016 01:01:31,1,261140.0
3308,4a5cf927-5e23-4267-926e-9463e171f71e,21/12/2016 00:01:31,2,261139.0
3309,4a5cf927-5e23-4267-926e-9463e171f71e,20/12/2016 23:01:31,4,261137.0
3310,4a5cf927-5e23-4267-926e-9463e171f71e,20/12/2016 22:00:03,4,261133.0
3311,4a5cf927-5e23-4267-926e-9463e171f71e,20/12/2016 21:00:03,8,261129.0
3312,4a5cf927-5e23-4267-926e-9463e171f71e,20/12/2016 20:00:03,0,261121.0
3313,4a5cf927-5e23-4267-926e-9463e171f71e,20/12/2016 19:00:03,0,261121.0
3314,4a5cf927-5e23-4267-926e-9463e171f71e,20/12/2016 18:00:07,11,261121.0
3315,4a5cf927-5e23-4267-926e-9463e171f71e,20/12/2016 17:00:07,0,261110.0
3316,4a5cf927-5e23-4267-926e-9463e171f71e,20/12/2016 16:00:07,19,261110.0
3317,4a5cf927-5e23-4267-926e-9463e171f71e,20/12/2016 15:00:07,10,261091.0
3318,4a5cf927-5e23-4267-926e-9463e171f71e,20/12/2016 14:00:04,0,261081.0
3319,4a5cf927-5e23-4267-926e-9463e171f71e,20/12/2016 13:00:04,0,261081.0
3320,4a5cf927-5e23-4267-926e-9463e171f71e,20/12/2016 12:00:04,111,261081.0
3321,4a5cf927-5e23-4267-926e-9463e171f71e,20/12/2016 11:00:04,30,260970.0
3322,4a5cf927-5e23-4267-926e-9463e171f71e,20/12/2016 10:00:06,5,260940.0
3323,4a5cf927-5e23-4267-926e-9463e171f71e,20/12/2016 09:00:06,6,260935.0
3324,4a5cf927-5e23-4267-926e-9463e171f71e,20/12/2016 08:00:06,0,260929.0
3325,4a5cf927-5e23-4267-926e-9463e171f71e,20/12/2016 07:00:06,0,260929.0
3326,4a5cf927-5e23-4267-926e-9463e171f71e,20/12/2016 06:02:27,0,260929.0
3327,4a5cf927-5e23-4267-926e-9463e171f71e,20/12/2016 05:02:27,0,260929.0
3328,4a5cf927-5e23-4267-926e-9463e171f71e,20/12/2016 04:02:27,0,260929.0
3329,4a5cf927-5e23-4267-926e-9463e171f71e,20/12/2016 03:02:27,12,260929.0
3330,4a5cf927-5e23-4267-926e-9463e171f71e,20/12/2016 02:00:07,0,260917.0
3331,4a5cf927-5e23-4267-926e-9463e171f71e,20/12/2016 01:00:07,0,260917.0
3332,4a5cf927-5e23-4267-926e-9463e171f71e,20/12/2016 00:00:07,0,260917.0
3333,4a5cf927-5e23-4267-926e-9463e171f71e,19/12/2016 23:00:07,0,260917.0
3334,4a5cf927-5e23-4267-926e-9463e171f71e,19/12/2016 22:01:08,0,260917.0
3335,4a5cf927-5e23-4267-926e-9463e171f71e,19/12/2016 21:01:08,0,260917.0
3336,4a5cf927-5e23-4267-926e-9463e171f71e,19/12/2016 20:01:08,0,260917.0
3337,4a5cf927-5e23-4267-926e-9463e171f71e,19/12/2016 19:01:08,62,260917.0
3338,4a5cf927-5e23-4267-926e-9463e171f71e,19/12/2016 14:01:01,4,260855.0
3339,4a5cf927-5e23-4267-926e-9463e171f71e,19/12/2016 13:01:01,50,260851.0
3340,4a5cf927-5e23-4267-926e-9463e171f71e,19/12/2016 12:01:01,95,260801.0
3341,4a5cf927-5e23-4267-926e-9463e171f71e,19/12/2016 11:01:01,26,260706.0
3342,4a5cf927-5e23-4267-926e-9463e171f71e,19/12/2016 10:00:09,10,260680.0
3343,4a5cf927-5e23-4267-926e-9463e171f71e,19/12/2016 09:00:09,0,260670.0
3344,4a5cf927-5e23-4267-926e-9463e171f71e,19/12/2016 08:00:09,0,260670.0
3345,4a5cf927-5e23-4267-926e-9463e171f71e,19/12/2016 07:00:09,0,260670.0
3346,4a5cf927-5e23-4267-926e-9463e171f71e,19/12/2016 06:01:33,0,260670.0
3347,4a5cf927-5e23-4267-926e-9463e171f71e,19/12/2016 05:01:33,0,260670.0
3348,4a5cf927-5e23-4267-926e-9463e171f71e,19/12/2016 04:01:33,0,260670.0
3349,4a5cf927-5e23-4267-926e-9463e171f71e,19/12/2016 03:01:33,14,260670.0
3350,4a5cf927-5e23-4267-926e-9463e171f71e,18/12/2016 22:01:15,6,260656.0
3351,4a5cf927-5e23-4267-926e-9463e171f71e,18/12/2016 21:01:15,4,260650.0
3352,4a5cf927-5e23-4267-926e-9463e171f71e,18/12/2016 20:01:15,0,260646.0
3353,4a5cf927-5e23-4267-926e-9463e171f71e,18/12/2016 19:01:15,60,260646.0
3354,4a5cf927-5e23-4267-926e-9463e171f71e,18/12/2016 14:00:09,1,260586.0
3355,4a5cf927-5e23-4267-926e-9463e171f71e,18/12/2016 13:00:09,26,260585.0
3356,4a5cf927-5e23-4267-926e-9463e171f71e,18/12/2016 12:00:09,9,260559.0
3357,4a5cf927-5e23-4267-926e-9463e171f71e,18/12/2016 11:00:09,78,260550.0
3358,4a5cf927-5e23-4267-926e-9463e171f71e,18/12/2016 10:00:18,2,260472.0
3359,4a5cf927-5e23-4267-926e-9463e171f71e,18/12/2016 09:00:18,0,260470.0
3360,4a5cf927-5e23-4267-926e-9463e171f71e,18/12/2016 08:00:18,0,260470.0
3361,4a5cf927-5e23-4267-926e-9463e171f71e,18/12/2016 07:00:18,6,260470.0
3362,4a5cf927-5e23-4267-926e-9463e171f71e,18/12/2016 02:00:14,22,260464.0
3363,4a5cf927-5e23-4267-926e-9463e171f71e,18/12/2016 01:00:14,7,260442.0
3364,4a5cf927-5e23-4267-926e-9463e171f71e,18/12/2016 00:00:14,0,260435.0
3365,4a5cf927-5e23-4267-926e-9463e171f71e,17/12/2016 23:00:14,0,260435.0
3366,4a5cf927-5e23-4267-926e-9463e171f71e,17/12/2016 22:01:01,0,260435.0
3367,4a5cf927-5e23-4267-926e-9463e171f71e,17/12/2016 21:01:01,0,260435.0
3368,4a5cf927-5e23-4267-926e-9463e171f71e,17/12/2016 20:01:01,0,260435.0
3369,4a5cf927-5e23-4267-926e-9463e171f71e,17/12/2016 19:01:01,17,260435.0
3370,4a5cf927-5e23-4267-926e-9463e171f71e,17/12/2016 18:00:14,4,260418.0
3371,4a5cf927-5e23-4267-926e-9463e171f71e,17/12/2016 17:00:14,0,260414.0
3372,4a5cf927-5e23-4267-926e-9463e171f71e,17/12/2016 16:00:14,0,260414.0
3373,4a5cf927-5e23-4267-926e-9463e171f71e,17/12/2016 15:00:14,0,260414.0
3374,4a5cf927-5e23-4267-926e-9463e171f71e,17/12/2016 14:00:12,0,260414.0
3375,4a5cf927-5e23-4267-926e-9463e171f71e,17/12/2016 13:00:12,7,260414.0
3376,4a5cf927-5e23-4267-926e-9463e171f71e,17/12/2016 12:00:12,79,260407.0
3377,4a5cf927-5e23-4267-926e-9463e171f71e,17/12/2016 11:00:12,58,260328.0
3378,4a5cf927-5e23-4267-926e-9463e171f71e,17/12/2016 10:00:13,1,260270.0
3379,4a5cf927-5e23-4267-926e-9463e171f71e,17/12/2016 09:00:13,0,260269.0
3380,4a5cf927-5e23-4267-926e-9463e171f71e,17/12/2016 08:00:13,0,260269.0
3381,4a5cf927-5e23-4267-926e-9463e171f71e,17/12/2016 07:00:13,0,260269.0
3382,4a5cf927-5e23-4267-926e-9463e171f71e,17/12/2016 06:00:12,0,260269.0
3383,4a5cf927-5e23-4267-926e-9463e171f71e,17/12/2016 05:00:12,0,260269.0
3384,4a5cf927-5e23-4267-926e-9463e171f71e,17/12/2016 04:00:12,5,260269.0
3385,4a5cf927-5e23-4267-926e-9463e171f71e,17/12/2016 03:00:12,0,260264.0
3386,4a5cf927-5e23-4267-926e-9463e171f71e,17/12/2016 02:00:19,0,260264.0
3387,4a5cf927-5e23-4267-926e-9463e171f71e,17/12/2016 01:00:19,0,260264.0
3388,4a5cf927-5e23-4267-926e-9463e171f71e,17/12/2016 00:00:19,0,260264.0
3389,4a5cf927-5e23-4267-926e-9463e171f71e,16/12/2016 23:00:19,0,260264.0
3390,4a5cf927-5e23-4267-926e-9463e171f71e,16/12/2016 22:00:13,0,260264.0
3391,4a5cf927-5e23-4267-926e-9463e171f71e,16/12/2016 21:00:13,0,260264.0
3392,4a5cf927-5e23-4267-926e-9463e171f71e,16/12/2016 20:00:13,0,260264.0
3393,4a5cf927-5e23-4267-926e-9463e171f71e,16/12/2016 19:00:13,10,260264.0
3394,4a5cf927-5e23-4267-926e-9463e171f71e,16/12/2016 18:00:14,11,260254.0
3395,4a5cf927-5e23-4267-926e-9463e171f71e,16/12/2016 17:00:14,16,260243.0
3396,4a5cf927-5e23-4267-926e-9463e171f71e,16/12/2016 16:00:14,5,260227.0
3397,4a5cf927-5e23-4267-926e-9463e171f71e,16/12/2016 15:00:14,0,260222.0
3398,4a5cf927-5e23-4267-926e-9463e171f71e,16/12/2016 14:02:08,0,260222.0
3399,4a5cf927-5e23-4267-926e-9463e171f71e,16/12/2016 13:02:08,4,260222.0
3400,4a5cf927-5e23-4267-926e-9463e171f71e,16/12/2016 12:02:08,72,260218.0
3401,4a5cf927-5e23-4267-926e-9463e171f71e,16/12/2016 11:02:08,63,260146.0
3402,4a5cf927-5e23-4267-926e-9463e171f71e,16/12/2016 10:00:16,24,260083.0
3403,4a5cf927-5e23-4267-926e-9463e171f71e,16/12/2016 09:00:16,0,260059.0
3404,4a5cf927-5e23-4267-926e-9463e171f71e,16/12/2016 08:00:16,0,260059.0
3405,4a5cf927-5e23-4267-926e-9463e171f71e,16/12/2016 07:00:16,0,260059.0
3406,4a5cf927-5e23-4267-926e-9463e171f71e,16/12/2016 06:00:15,0,260059.0
3407,4a5cf927-5e23-4267-926e-9463e171f71e,16/12/2016 05:00:15,0,260059.0
3408,4a5cf927-5e23-4267-926e-9463e171f71e,16/12/2016 04:00:15,0,260059.0
3409,4a5cf927-5e23-4267-926e-9463e171f71e,16/12/2016 03:00:15,11,260059.0
3410,4a5cf927-5e23-4267-926e-9463e171f71e,16/12/2016 02:00:19,0,260048.0
3411,4a5cf927-5e23-4267-926e-9463e171f71e,16/12/2016 01:00:19,0,260048.0
3412,4a5cf927-5e23-4267-926e-9463e171f71e,16/12/2016 00:00:19,0,260048.0
3413,4a5cf927-5e23-4267-926e-9463e171f71e,15/12/2016 23:00:19,0,260048.0
3414,4a5cf927-5e23-4267-926e-9463e171f71e,15/12/2016 22:00:16,0,260048.0
3415,4a5cf927-5e23-4267-926e-9463e171f71e,15/12/2016 21:00:16,4,260048.0
3416,4a5cf927-5e23-4267-926e-9463e171f71e,15/12/2016 20:00:16,0,260044.0
3417,4a5cf927-5e23-4267-926e-9463e171f71e,15/12/2016 19:00:16,4,260044.0
3418,4a5cf927-5e23-4267-926e-9463e171f71e,15/12/2016 18:02:07,18,260040.0
3419,4a5cf927-5e23-4267-926e-9463e171f71e,15/12/2016 17:02:07,24,260022.0
3420,4a5cf927-5e23-4267-926e-9463e171f71e,15/12/2016 16:02:07,53,259998.0
3421,4a5cf927-5e23-4267-926e-9463e171f71e,15/12/2016 15:02:07,0,259945.0
3422,4a5cf927-5e23-4267-926e-9463e171f71e,15/12/2016 14:00:15,0,259945.0
3423,4a5cf927-5e23-4267-926e-9463e171f71e,15/12/2016 13:00:15,0,259945.0
3424,4a5cf927-5e23-4267-926e-9463e171f71e,15/12/2016 12:00:15,34,259945.0
3425,4a5cf927-5e23-4267-926e-9463e171f71e,15/12/2016 11:00:15,156,259911.0
3426,4a5cf927-5e23-4267-926e-9463e171f71e,15/12/2016 06:06:20,0,259755.0
3427,4a5cf927-5e23-4267-926e-9463e171f71e,15/12/2016 05:06:20,0,259755.0
3428,4a5cf927-5e23-4267-926e-9463e171f71e,15/12/2016 04:06:20,0,259755.0
3429,4a5cf927-5e23-4267-926e-9463e171f71e,15/12/2016 03:06:20,0,259755.0
3430,4a5cf927-5e23-4267-926e-9463e171f71e,15/12/2016 02:00:23,0,259755.0
3431,4a5cf927-5e23-4267-926e-9463e171f71e,15/12/2016 01:00:23,3,259755.0
3432,4a5cf927-5e23-4267-926e-9463e171f71e,15/12/2016 00:00:23,2,259752.0
3433,4a5cf927-5e23-4267-926e-9463e171f71e,14/12/2016 23:00:23,23,259750.0
3434,4a5cf927-5e23-4267-926e-9463e171f71e,14/12/2016 22:00:25,9,259727.0
3435,4a5cf927-5e23-4267-926e-9463e171f71e,14/12/2016 21:00:25,5,259718.0
3436,4a5cf927-5e23-4267-926e-9463e171f71e,14/12/2016 20:00:25,1,259713.0
3437,4a5cf927-5e23-4267-926e-9463e171f71e,14/12/2016 19:00:25,0,259712.0
3438,4a5cf927-5e23-4267-926e-9463e171f71e,14/12/2016 18:01:00,9,259712.0
3439,4a5cf927-5e23-4267-926e-9463e171f71e,14/12/2016 17:01:00,0,259703.0
3440,4a5cf927-5e23-4267-926e-9463e171f71e,14/12/2016 16:01:00,14,259703.0
3441,4a5cf927-5e23-4267-926e-9463e171f71e,14/12/2016 15:01:00,17,259689.0
3442,4a5cf927-5e23-4267-926e-9463e171f71e,14/12/2016 14:01:21,30,259672.0
3443,4a5cf927-5e23-4267-926e-9463e171f71e,14/12/2016 13:01:21,24,259642.0
3444,4a5cf927-5e23-4267-926e-9463e171f71e,14/12/2016 12:01:21,1,259618.0
3445,4a5cf927-5e23-4267-926e-9463e171f71e,14/12/2016 11:01:21,83,259617.0
3446,4a5cf927-5e23-4267-926e-9463e171f71e,14/12/2016 10:00:21,32,259534.0
3447,4a5cf927-5e23-4267-926e-9463e171f71e,14/12/2016 09:00:21,24,259502.0
3448,4a5cf927-5e23-4267-926e-9463e171f71e,14/12/2016 08:00:21,0,259478.0
3449,4a5cf927-5e23-4267-926e-9463e171f71e,14/12/2016 07:00:21,0,259478.0
3450,4a5cf927-5e23-4267-926e-9463e171f71e,14/12/2016 02:00:38,0,259478.0
3451,4a5cf927-5e23-4267-926e-9463e171f71e,14/12/2016 01:00:38,0,259478.0
3452,4a5cf927-5e23-4267-926e-9463e171f71e,14/12/2016 00:00:38,3,259478.0
3453,4a5cf927-5e23-4267-926e-9463e171f71e,13/12/2016 23:00:38,110,259475.0
3454,4a5cf927-5e23-4267-926e-9463e171f71e,13/12/2016 14:00:20,0,259365.0
3455,4a5cf927-5e23-4267-926e-9463e171f71e,13/12/2016 13:00:20,1,259365.0
3456,4a5cf927-5e23-4267-926e-9463e171f71e,13/12/2016 12:00:20,17,259364.0
3457,4a5cf927-5e23-4267-926e-9463e171f71e,13/12/2016 11:00:20,95,259347.0
3458,4a5cf927-5e23-4267-926e-9463e171f71e,13/12/2016 06:09:45,0,259252.0
3459,4a5cf927-5e23-4267-926e-9463e171f71e,13/12/2016 05:09:45,0,259252.0
3460,4a5cf927-5e23-4267-926e-9463e171f71e,13/12/2016 04:09:45,0,259252.0
3461,4a5cf927-5e23-4267-926e-9463e171f71e,13/12/2016 03:09:45,0,259252.0
3462,4a5cf927-5e23-4267-926e-9463e171f71e,13/12/2016 02:04:03,0,259252.0
3463,4a5cf927-5e23-4267-926e-9463e171f71e,13/12/2016 01:04:03,0,259252.0
3464,4a5cf927-5e23-4267-926e-9463e171f71e,13/12/2016 00:04:03,17,259252.0
3465,4a5cf927-5e23-4267-926e-9463e171f71e,12/12/2016 23:04,21,259235.0
3466,4a5cf927-5e23-4267-926e-9463e171f71e,12/12/2016 22:00,47,259214.0
3467,4a5cf927-5e23-4267-926e-9463e171f71e,12/12/2016 21:00,16,259167.0
3468,4a5cf927-5e23-4267-926e-9463e171f71e,12/12/2016 20:00,0,259151.0
3469,4a5cf927-5e23-4267-926e-9463e171f71e,12/12/2016 19:00,43,259151.0
3470,4a5cf927-5e23-4267-926e-9463e171f71e,12/12/2016 14:00,0,259108.0
3471,4a5cf927-5e23-4267-926e-9463e171f71e,12/12/2016 13:00,0,259108.0
3472,4a5cf927-5e23-4267-926e-9463e171f71e,12/12/2016 12:00,7,259108.0
3473,4a5cf927-5e23-4267-926e-9463e171f71e,12/12/2016 11:00,74,259101.0
3474,4a5cf927-5e23-4267-926e-9463e171f71e,12/12/2016 10:00,18,259027.0
3475,4a5cf927-5e23-4267-926e-9463e171f71e,12/12/2016 9:00,7,259009.0
3476,4a5cf927-5e23-4267-926e-9463e171f71e,12/12/2016 8:00,0,259002.0
3477,4a5cf927-5e23-4267-926e-9463e171f71e,12/12/2016 7:00,0,259002.0
3478,4a5cf927-5e23-4267-926e-9463e171f71e,12/12/2016 6:00,0,259002.0
3479,4a5cf927-5e23-4267-926e-9463e171f71e,12/12/2016 5:00,0,259002.0
3480,4a5cf927-5e23-4267-926e-9463e171f71e,12/12/2016 4:00,0,259002.0
3481,4a5cf927-5e23-4267-926e-9463e171f71e,12/12/2016 3:00,0,259002.0
3482,4a5cf927-5e23-4267-926e-9463e171f71e,12/12/2016 2:00,1,259002.0
3483,4a5cf927-5e23-4267-926e-9463e171f71e,12/12/2016 1:00,19,259001.0
3484,4a5cf927-5e23-4267-926e-9463e171f71e,12/12/2016 0:00,0,258982.0
3485,4a5cf927-5e23-4267-926e-9463e171f71e,11/12/2016 23:00,21,258982.0
3486,4a5cf927-5e23-4267-926e-9463e171f71e,11/12/2016 18:00,63,258961.0
3487,4a5cf927-5e23-4267-926e-9463e171f71e,11/12/2016 17:00,1,258898.0
3488,4a5cf927-5e23-4267-926e-9463e171f71e,11/12/2016 16:00,19,258897.0
3489,4a5cf927-5e23-4267-926e-9463e171f71e,11/12/2016 15:00,4,258878.0
3490,4a5cf927-5e23-4267-926e-9463e171f71e,11/12/2016 14:00,4,258874.0
3491,4a5cf927-5e23-4267-926e-9463e171f71e,11/12/2016 13:00,0,258870.0
3492,4a5cf927-5e23-4267-926e-9463e171f71e,11/12/2016 12:00,20,258870.0
3493,4a5cf927-5e23-4267-926e-9463e171f71e,11/12/2016 11:00,121,258850.0
3494,4a5cf927-5e23-4267-926e-9463e171f71e,11/12/2016 6:00,0,258729.0
3495,4a5cf927-5e23-4267-926e-9463e171f71e,11/12/2016 5:00,0,258729.0
3496,4a5cf927-5e23-4267-926e-9463e171f71e,11/12/2016 4:00,0,258729.0
3497,4a5cf927-5e23-4267-926e-9463e171f71e,11/12/2016 3:00,0,258729.0
3498,4a5cf927-5e23-4267-926e-9463e171f71e,11/12/2016 2:00,0,258729.0
3499,4a5cf927-5e23-4267-926e-9463e171f71e,11/12/2016 1:00,14,258729.0
3500,4a5cf927-5e23-4267-926e-9463e171f71e,11/12/2016 0:00,0,258715.0
3501,4a5cf927-5e23-4267-926e-9463e171f71e,10/12/2016 23:00,15,258715.0
3502,4a5cf927-5e23-4267-926e-9463e171f71e,10/12/2016 22:00,0,258700.0
3503,4a5cf927-5e23-4267-926e-9463e171f71e,10/12/2016 21:00,0,258700.0
3504,4a5cf927-5e23-4267-926e-9463e171f71e,10/12/2016 20:00,0,258700.0
3505,4a5cf927-5e23-4267-926e-9463e171f71e,10/12/2016 19:00,4,258700.0
3506,4a5cf927-5e23-4267-926e-9463e171f71e,10/12/2016 18:00,6,258696.0
3507,4a5cf927-5e23-4267-926e-9463e171f71e,10/12/2016 17:00,5,258690.0
3508,4a5cf927-5e23-4267-926e-9463e171f71e,10/12/2016 16:00,25,258685.0
3509,4a5cf927-5e23-4267-926e-9463e171f71e,10/12/2016 15:00,0,258660.0
3510,4a5cf927-5e23-4267-926e-9463e171f71e,10/12/2016 14:00,0,258660.0
3511,4a5cf927-5e23-4267-926e-9463e171f71e,10/12/2016 13:00,66,258660.0
3512,4a5cf927-5e23-4267-926e-9463e171f71e,10/12/2016 12:00,11,258594.0
3513,4a5cf927-5e23-4267-926e-9463e171f71e,10/12/2016 11:00,57,258583.0
3514,4a5cf927-5e23-4267-926e-9463e171f71e,10/12/2016 6:00,0,258526.0
3515,4a5cf927-5e23-4267-926e-9463e171f71e,10/12/2016 5:00,0,258526.0
3516,4a5cf927-5e23-4267-926e-9463e171f71e,10/12/2016 4:00,15,258526.0
3517,4a5cf927-5e23-4267-926e-9463e171f71e,10/12/2016 3:00,0,258511.0
3518,4a5cf927-5e23-4267-926e-9463e171f71e,10/12/2016 2:01,0,258511.0
3519,4a5cf927-5e23-4267-926e-9463e171f71e,10/12/2016 1:01,0,258511.0
3520,4a5cf927-5e23-4267-926e-9463e171f71e,10/12/2016 0:01,0,258511.0
3521,4a5cf927-5e23-4267-926e-9463e171f71e,9/12/2016 23:01,0,258511.0
3522,4a5cf927-5e23-4267-926e-9463e171f71e,9/12/2016 22:00,0,258511.0
3523,4a5cf927-5e23-4267-926e-9463e171f71e,9/12/2016 21:00,0,258511.0
3524,4a5cf927-5e23-4267-926e-9463e171f71e,9/12/2016 20:00,0,258511.0
3525,4a5cf927-5e23-4267-926e-9463e171f71e,9/12/2016 19:00,17,258511.0
3526,4a5cf927-5e23-4267-926e-9463e171f71e,9/12/2016 18:00,4,258494.0
3527,4a5cf927-5e23-4267-926e-9463e171f71e,9/12/2016 17:00,35,258490.0
3528,4a5cf927-5e23-4267-926e-9463e171f71e,9/12/2016 16:00,8,258455.0
3529,4a5cf927-5e23-4267-926e-9463e171f71e,9/12/2016 15:00,0,258447.0
3530,4a5cf927-5e23-4267-926e-9463e171f71e,9/12/2016 14:00,0,258447.0
3531,4a5cf927-5e23-4267-926e-9463e171f71e,9/12/2016 13:00,8,258447.0
3532,4a5cf927-5e23-4267-926e-9463e171f71e,9/12/2016 12:00,127,258439.0
3533,4a5cf927-5e23-4267-926e-9463e171f71e,9/12/2016 11:00,54,258312.0
3534,4a5cf927-5e23-4267-926e-9463e171f71e,9/12/2016 10:01,11,258258.0
3535,4a5cf927-5e23-4267-926e-9463e171f71e,9/12/2016 9:01,0,258247.0
3536,4a5cf927-5e23-4267-926e-9463e171f71e,9/12/2016 8:01,1,258247.0
3537,4a5cf927-5e23-4267-926e-9463e171f71e,9/12/2016 7:01,0,258246.0
3538,4a5cf927-5e23-4267-926e-9463e171f71e,9/12/2016 6:05,0,258246.0
3539,4a5cf927-5e23-4267-926e-9463e171f71e,9/12/2016 5:05,0,258246.0
3540,4a5cf927-5e23-4267-926e-9463e171f71e,9/12/2016 4:05,0,258246.0
3541,4a5cf927-5e23-4267-926e-9463e171f71e,9/12/2016 3:05,0,258246.0
3542,4a5cf927-5e23-4267-926e-9463e171f71e,9/12/2016 2:01,0,258246.0
3543,4a5cf927-5e23-4267-926e-9463e171f71e,9/12/2016 1:01,0,258246.0
3544,4a5cf927-5e23-4267-926e-9463e171f71e,9/12/2016 0:01,3,258246.0
3545,4a5cf927-5e23-4267-926e-9463e171f71e,8/12/2016 23:01,1,258243.0
3546,4a5cf927-5e23-4267-926e-9463e171f71e,8/12/2016 22:00,0,258242.0
3547,4a5cf927-5e23-4267-926e-9463e171f71e,8/12/2016 21:00,0,258242.0
3548,4a5cf927-5e23-4267-926e-9463e171f71e,8/12/2016 20:00,0,258242.0
3549,4a5cf927-5e23-4267-926e-9463e171f71e,8/12/2016 19:00,15,258242.0
3550,4a5cf927-5e23-4267-926e-9463e171f71e,8/12/2016 18:01,1,258227.0
3551,4a5cf927-5e23-4267-926e-9463e171f71e,8/12/2016 17:01,28,258226.0
3552,4a5cf927-5e23-4267-926e-9463e171f71e,8/12/2016 16:01,20,258198.0
3553,4a5cf927-5e23-4267-926e-9463e171f71e,8/12/2016 15:01,95,258178.0
3554,4a5cf927-5e23-4267-926e-9463e171f71e,8/12/2016 14:00,3,258083.0
3555,4a5cf927-5e23-4267-926e-9463e171f71e,8/12/2016 13:00,1,258080.0
3556,4a5cf927-5e23-4267-926e-9463e171f71e,8/12/2016 12:00,7,258079.0
3557,4a5cf927-5e23-4267-926e-9463e171f71e,8/12/2016 11:00,28,258072.0
3558,4a5cf927-5e23-4267-926e-9463e171f71e,8/12/2016 10:00,4,258044.0
3559,4a5cf927-5e23-4267-926e-9463e171f71e,8/12/2016 9:00,10,258040.0
3560,4a5cf927-5e23-4267-926e-9463e171f71e,8/12/2016 8:00,21,258030.0
3561,4a5cf927-5e23-4267-926e-9463e171f71e,8/12/2016 7:00,0,258009.0
3562,4a5cf927-5e23-4267-926e-9463e171f71e,8/12/2016 6:00,0,258009.0
3563,4a5cf927-5e23-4267-926e-9463e171f71e,8/12/2016 5:00,0,258009.0
3564,4a5cf927-5e23-4267-926e-9463e171f71e,8/12/2016 4:00,0,258009.0
3565,4a5cf927-5e23-4267-926e-9463e171f71e,8/12/2016 3:00,19,258009.0
3566,4a5cf927-5e23-4267-926e-9463e171f71e,8/12/2016 2:01,1,257990.0
3567,4a5cf927-5e23-4267-926e-9463e171f71e,8/12/2016 1:01,7,257989.0
3568,4a5cf927-5e23-4267-926e-9463e171f71e,8/12/2016 0:01,8,257982.0
3569,4a5cf927-5e23-4267-926e-9463e171f71e,7/12/2016 23:01,0,257974.0
3570,4a5cf927-5e23-4267-926e-9463e171f71e,7/12/2016 22:00,0,257974.0
3571,4a5cf927-5e23-4267-926e-9463e171f71e,7/12/2016 21:00,0,257974.0
3572,4a5cf927-5e23-4267-926e-9463e171f71e,7/12/2016 20:00,0,257974.0
3573,4a5cf927-5e23-4267-926e-9463e171f71e,7/12/2016 19:00,6,257974.0
3574,4a5cf927-5e23-4267-926e-9463e171f71e,7/12/2016 18:01,12,257968.0
3575,4a5cf927-5e23-4267-926e-9463e171f71e,7/12/2016 17:01,51,257956.0
3576,4a5cf927-5e23-4267-926e-9463e171f71e,7/12/2016 16:01,21,257905.0
3577,4a5cf927-5e23-4267-926e-9463e171f71e,7/12/2016 15:01,13,257884.0
3578,4a5cf927-5e23-4267-926e-9463e171f71e,7/12/2016 14:00,8,257871.0
3579,4a5cf927-5e23-4267-926e-9463e171f71e,7/12/2016 13:00,8,257863.0
3580,4a5cf927-5e23-4267-926e-9463e171f71e,7/12/2016 12:00,22,257855.0
3581,4a5cf927-5e23-4267-926e-9463e171f71e,7/12/2016 11:00,73,257833.0
3582,4a5cf927-5e23-4267-926e-9463e171f71e,7/12/2016 10:00,22,257760.0
3583,4a5cf927-5e23-4267-926e-9463e171f71e,7/12/2016 9:00,0,257738.0
3584,4a5cf927-5e23-4267-926e-9463e171f71e,7/12/2016 8:00,0,257738.0
3585,4a5cf927-5e23-4267-926e-9463e171f71e,7/12/2016 7:00,1,257738.0
3586,4a5cf927-5e23-4267-926e-9463e171f71e,7/12/2016 2:00,0,257737.0
3587,4a5cf927-5e23-4267-926e-9463e171f71e,7/12/2016 1:00,0,257737.0
3588,4a5cf927-5e23-4267-926e-9463e171f71e,7/12/2016 0:00,3,257737.0
3589,4a5cf927-5e23-4267-926e-9463e171f71e,6/12/2016 23:00,1,257734.0
3590,4a5cf927-5e23-4267-926e-9463e171f71e,6/12/2016 22:00,24,257733.0
3591,4a5cf927-5e23-4267-926e-9463e171f71e,6/12/2016 21:00,29,257709.0
3592,4a5cf927-5e23-4267-926e-9463e171f71e,6/12/2016 20:00,0,257680.0
3593,4a5cf927-5e23-4267-926e-9463e171f71e,6/12/2016 19:00,0,257680.0
3594,4a5cf927-5e23-4267-926e-9463e171f71e,6/12/2016 18:00,0,257680.0
3595,4a5cf927-5e23-4267-926e-9463e171f71e,6/12/2016 17:00,0,257680.0
3596,4a5cf927-5e23-4267-926e-9463e171f71e,6/12/2016 16:00,0,257680.0
3597,4a5cf927-5e23-4267-926e-9463e171f71e,6/12/2016 15:00,0,257680.0
3598,4a5cf927-5e23-4267-926e-9463e171f71e,6/12/2016 14:01,0,257680.0
3599,4a5cf927-5e23-4267-926e-9463e171f71e,6/12/2016 13:01,1,257680.0
3600,4a5cf927-5e23-4267-926e-9463e171f71e,6/12/2016 12:01,88,257679.0
3601,4a5cf927-5e23-4267-926e-9463e171f71e,6/12/2016 11:01,16,257591.0
3602,4a5cf927-5e23-4267-926e-9463e171f71e,6/12/2016 10:04,77,257575.0
3603,4a5cf927-5e23-4267-926e-9463e171f71e,6/12/2016 9:04,0,257498.0
3604,4a5cf927-5e23-4267-926e-9463e171f71e,6/12/2016 8:04,0,257498.0
3605,4a5cf927-5e23-4267-926e-9463e171f71e,6/12/2016 7:04,0,257498.0
3606,4a5cf927-5e23-4267-926e-9463e171f71e,6/12/2016 6:00,0,257498.0
3607,4a5cf927-5e23-4267-926e-9463e171f71e,6/12/2016 5:00,0,257498.0
3608,4a5cf927-5e23-4267-926e-9463e171f71e,6/12/2016 4:00,0,257498.0
3609,4a5cf927-5e23-4267-926e-9463e171f71e,6/12/2016 3:00,0,257498.0
3610,4a5cf927-5e23-4267-926e-9463e171f71e,6/12/2016 2:00,12,257498.0
3611,4a5cf927-5e23-4267-926e-9463e171f71e,6/12/2016 1:00,0,257486.0
3612,4a5cf927-5e23-4267-926e-9463e171f71e,6/12/2016 0:00,0,257486.0
3613,4a5cf927-5e23-4267-926e-9463e171f71e,5/12/2016 23:00,0,257486.0
3614,4a5cf927-5e23-4267-926e-9463e171f71e,5/12/2016 22:01,0,257486.0
3615,4a5cf927-5e23-4267-926e-9463e171f71e,5/12/2016 21:01,0,257486.0
3616,4a5cf927-5e23-4267-926e-9463e171f71e,5/12/2016 20:01,0,257486.0
3617,4a5cf927-5e23-4267-926e-9463e171f71e,5/12/2016 19:01,5,257486.0
3618,4a5cf927-5e23-4267-926e-9463e171f71e,5/12/2016 18:00,4,257481.0
3619,4a5cf927-5e23-4267-926e-9463e171f71e,5/12/2016 17:00,0,257477.0
3620,4a5cf927-5e23-4267-926e-9463e171f71e,5/12/2016 16:00,22,257477.0
3621,4a5cf927-5e23-4267-926e-9463e171f71e,5/12/2016 15:00,5,257455.0
3622,4a5cf927-5e23-4267-926e-9463e171f71e,5/12/2016 14:01,0,257450.0
3623,4a5cf927-5e23-4267-926e-9463e171f71e,5/12/2016 13:01,0,257450.0
3624,4a5cf927-5e23-4267-926e-9463e171f71e,5/12/2016 12:01,0,257450.0
3625,4a5cf927-5e23-4267-926e-9463e171f71e,5/12/2016 11:01,103,257450.0
3626,4a5cf927-5e23-4267-926e-9463e171f71e,5/12/2016 6:00,0,257347.0
3627,4a5cf927-5e23-4267-926e-9463e171f71e,5/12/2016 5:00,0,257347.0
3628,4a5cf927-5e23-4267-926e-9463e171f71e,5/12/2016 4:00,0,257347.0
3629,4a5cf927-5e23-4267-926e-9463e171f71e,5/12/2016 3:00,0,257347.0
3630,4a5cf927-5e23-4267-926e-9463e171f71e,5/12/2016 2:00,14,257347.0
3631,4a5cf927-5e23-4267-926e-9463e171f71e,5/12/2016 1:00,0,257333.0
3632,4a5cf927-5e23-4267-926e-9463e171f71e,5/12/2016 0:00,6,257333.0
3633,4a5cf927-5e23-4267-926e-9463e171f71e,4/12/2016 23:00,0,257327.0
3634,4a5cf927-5e23-4267-926e-9463e171f71e,4/12/2016 22:00,0,257327.0
3635,4a5cf927-5e23-4267-926e-9463e171f71e,4/12/2016 21:00,0,257327.0
3636,4a5cf927-5e23-4267-926e-9463e171f71e,4/12/2016 20:00,10,257327.0
3637,4a5cf927-5e23-4267-926e-9463e171f71e,4/12/2016 19:00,48,257317.0
3638,4a5cf927-5e23-4267-926e-9463e171f71e,4/12/2016 18:01,7,257269.0
3639,4a5cf927-5e23-4267-926e-9463e171f71e,4/12/2016 17:01,8,257262.0
3640,4a5cf927-5e23-4267-926e-9463e171f71e,4/12/2016 16:01,2,257254.0
3641,4a5cf927-5e23-4267-926e-9463e171f71e,4/12/2016 15:01,62,257252.0
3642,4a5cf927-5e23-4267-926e-9463e171f71e,4/12/2016 14:00,17,257190.0
3643,4a5cf927-5e23-4267-926e-9463e171f71e,4/12/2016 13:00,41,257173.0
3644,4a5cf927-5e23-4267-926e-9463e171f71e,4/12/2016 12:00,5,257132.0
3645,4a5cf927-5e23-4267-926e-9463e171f71e,4/12/2016 11:00,0,257127.0
3646,4a5cf927-5e23-4267-926e-9463e171f71e,4/12/2016 10:00,0,257127.0
3647,4a5cf927-5e23-4267-926e-9463e171f71e,4/12/2016 9:00,11,257127.0
3648,4a5cf927-5e23-4267-926e-9463e171f71e,4/12/2016 8:00,19,257116.0
3649,4a5cf927-5e23-4267-926e-9463e171f71e,4/12/2016 7:00,0,257097.0
3650,4a5cf927-5e23-4267-926e-9463e171f71e,4/12/2016 6:01,0,257097.0
3651,4a5cf927-5e23-4267-926e-9463e171f71e,4/12/2016 5:01,0,257097.0
3652,4a5cf927-5e23-4267-926e-9463e171f71e,4/12/2016 4:01,0,257097.0
3653,4a5cf927-5e23-4267-926e-9463e171f71e,4/12/2016 3:01,0,257097.0
3654,4a5cf927-5e23-4267-926e-9463e171f71e,4/12/2016 2:00,5,257097.0
3655,4a5cf927-5e23-4267-926e-9463e171f71e,4/12/2016 1:00,0,257092.0
3656,4a5cf927-5e23-4267-926e-9463e171f71e,4/12/2016 0:00,0,257092.0
3657,4a5cf927-5e23-4267-926e-9463e171f71e,3/12/2016 23:00,0,257092.0
3658,4a5cf927-5e23-4267-926e-9463e171f71e,3/12/2016 22:01,0,257092.0
3659,4a5cf927-5e23-4267-926e-9463e171f71e,3/12/2016 21:01,1,257092.0
3660,4a5cf927-5e23-4267-926e-9463e171f71e,3/12/2016 20:01,11,257091.0
3661,4a5cf927-5e23-4267-926e-9463e171f71e,3/12/2016 19:01,24,257080.0
3662,4a5cf927-5e23-4267-926e-9463e171f71e,3/12/2016 18:00,5,257056.0
3663,4a5cf927-5e23-4267-926e-9463e171f71e,3/12/2016 17:00,15,257051.0
3664,4a5cf927-5e23-4267-926e-9463e171f71e,3/12/2016 16:00,20,257036.0
3665,4a5cf927-5e23-4267-926e-9463e171f71e,3/12/2016 15:00,7,257016.0
3666,4a5cf927-5e23-4267-926e-9463e171f71e,3/12/2016 14:00,0,257009.0
3667,4a5cf927-5e23-4267-926e-9463e171f71e,3/12/2016 13:00,17,257009.0
3668,4a5cf927-5e23-4267-926e-9463e171f71e,3/12/2016 12:00,84,256992.0
3669,4a5cf927-5e23-4267-926e-9463e171f71e,3/12/2016 11:00,22,256908.0
3670,4a5cf927-5e23-4267-926e-9463e171f71e,3/12/2016 10:00,0,256886.0
3671,4a5cf927-5e23-4267-926e-9463e171f71e,3/12/2016 9:00,1,256886.0
3672,4a5cf927-5e23-4267-926e-9463e171f71e,3/12/2016 8:00,0,256885.0
3673,4a5cf927-5e23-4267-926e-9463e171f71e,3/12/2016 7:00,0,256885.0
3674,4a5cf927-5e23-4267-926e-9463e171f71e,3/12/2016 6:00,0,256885.0
3675,4a5cf927-5e23-4267-926e-9463e171f71e,3/12/2016 5:00,0,256885.0
3676,4a5cf927-5e23-4267-926e-9463e171f71e,3/12/2016 4:00,0,256885.0
3677,4a5cf927-5e23-4267-926e-9463e171f71e,3/12/2016 3:00,5,256885.0
3678,4a5cf927-5e23-4267-926e-9463e171f71e,3/12/2016 2:00,0,256880.0
3679,4a5cf927-5e23-4267-926e-9463e171f71e,3/12/2016 1:00,0,256880.0
3680,4a5cf927-5e23-4267-926e-9463e171f71e,3/12/2016 0:00,0,256880.0
3681,4a5cf927-5e23-4267-926e-9463e171f71e,2/12/2016 23:00,0,256880.0
3682,4a5cf927-5e23-4267-926e-9463e171f71e,2/12/2016 22:00,0,256880.0
3683,4a5cf927-5e23-4267-926e-9463e171f71e,2/12/2016 21:00,1,256880.0
3684,4a5cf927-5e23-4267-926e-9463e171f71e,2/12/2016 20:00,0,256879.0
3685,4a5cf927-5e23-4267-926e-9463e171f71e,2/12/2016 19:00,10,256879.0
3686,4a5cf927-5e23-4267-926e-9463e171f71e,2/12/2016 18:00,4,256869.0
3687,4a5cf927-5e23-4267-926e-9463e171f71e,2/12/2016 17:00,2,256865.0
3688,4a5cf927-5e23-4267-926e-9463e171f71e,2/12/2016 16:00,26,256863.0
3689,4a5cf927-5e23-4267-926e-9463e171f71e,2/12/2016 15:00,6,256837.0
3690,4a5cf927-5e23-4267-926e-9463e171f71e,2/12/2016 14:00,0,256831.0
3691,4a5cf927-5e23-4267-926e-9463e171f71e,2/12/2016 13:00,0,256831.0
3692,4a5cf927-5e23-4267-926e-9463e171f71e,2/12/2016 12:00,21,256831.0
3693,4a5cf927-5e23-4267-926e-9463e171f71e,2/12/2016 11:00,76,256810.0
3694,4a5cf927-5e23-4267-926e-9463e171f71e,2/12/2016 10:00,34,256734.0
3695,4a5cf927-5e23-4267-926e-9463e171f71e,2/12/2016 9:00,0,256700.0
3696,4a5cf927-5e23-4267-926e-9463e171f71e,2/12/2016 8:00,0,256700.0
3697,4a5cf927-5e23-4267-926e-9463e171f71e,2/12/2016 7:00,1,256700.0
3698,4a5cf927-5e23-4267-926e-9463e171f71e,2/12/2016 6:05,0,256699.0
3699,4a5cf927-5e23-4267-926e-9463e171f71e,2/12/2016 5:05,0,256699.0
3700,4a5cf927-5e23-4267-926e-9463e171f71e,2/12/2016 4:05,0,256699.0
3701,4a5cf927-5e23-4267-926e-9463e171f71e,2/12/2016 3:05,0,256699.0
3702,4a5cf927-5e23-4267-926e-9463e171f71e,2/12/2016 2:00,0,256699.0
3703,4a5cf927-5e23-4267-926e-9463e171f71e,2/12/2016 1:00,1,256699.0
3704,4a5cf927-5e23-4267-926e-9463e171f71e,2/12/2016 0:00,2,256698.0
3705,4a5cf927-5e23-4267-926e-9463e171f71e,1/12/2016 23:00,9,256696.0
3706,4a5cf927-5e23-4267-926e-9463e171f71e,1/12/2016 22:01,16,256687.0
3707,4a5cf927-5e23-4267-926e-9463e171f71e,1/12/2016 21:01,0,256671.0
3708,4a5cf927-5e23-4267-926e-9463e171f71e,1/12/2016 20:01,1,256671.0
3709,4a5cf927-5e23-4267-926e-9463e171f71e,1/12/2016 19:01,36,256670.0
3710,4a5cf927-5e23-4267-926e-9463e171f71e,1/12/2016 14:00,4,256634.0
3711,4a5cf927-5e23-4267-926e-9463e171f71e,1/12/2016 13:00,0,256630.0
3712,4a5cf927-5e23-4267-926e-9463e171f71e,1/12/2016 12:00,24,256630.0
3713,4a5cf927-5e23-4267-926e-9463e171f71e,1/12/2016 11:00,105,256606.0
3714,4a5cf927-5e23-4267-926e-9463e171f71e,1/12/2016 10:00,1,256501.0
3715,4a5cf927-5e23-4267-926e-9463e171f71e,1/12/2016 9:00,0,256500.0
3716,4a5cf927-5e23-4267-926e-9463e171f71e,1/12/2016 8:00,0,256500.0
3717,4a5cf927-5e23-4267-926e-9463e171f71e,1/12/2016 7:00,0,256500.0
3718,4a5cf927-5e23-4267-926e-9463e171f71e,1/12/2016 6:00,0,256500.0
3719,4a5cf927-5e23-4267-926e-9463e171f71e,1/12/2016 5:00,0,256500.0
3720,4a5cf927-5e23-4267-926e-9463e171f71e,1/12/2016 4:00,0,256500.0
3721,4a5cf927-5e23-4267-926e-9463e171f71e,1/12/2016 3:00,0,256500.0
3722,4a5cf927-5e23-4267-926e-9463e171f71e,1/12/2016 2:00,21,256500.0
3723,4a5cf927-5e23-4267-926e-9463e171f71e,1/12/2016 1:00,8,256479.0
3724,4a5cf927-5e23-4267-926e-9463e171f71e,1/12/2016 0:00,0,256471.0
3725,4a5cf927-5e23-4267-926e-9463e171f71e,30/11/2016 23:00:52,2,256471.0
3726,4a5cf927-5e23-4267-926e-9463e171f71e,30/11/2016 22:00:51,0,256469.0
3727,4a5cf927-5e23-4267-926e-9463e171f71e,30/11/2016 21:00:51,0,256469.0
3728,4a5cf927-5e23-4267-926e-9463e171f71e,30/11/2016 20:00:51,0,256469.0
3729,4a5cf927-5e23-4267-926e-9463e171f71e,30/11/2016 19:00:51,5,256469.0
3730,4a5cf927-5e23-4267-926e-9463e171f71e,30/11/2016 18:00:54,9,256464.0
3731,4a5cf927-5e23-4267-926e-9463e171f71e,30/11/2016 17:00:54,0,256455.0
3732,4a5cf927-5e23-4267-926e-9463e171f71e,30/11/2016 16:00:54,20,256455.0
3733,4a5cf927-5e23-4267-926e-9463e171f71e,30/11/2016 15:00:54,48,256435.0
3734,4a5cf927-5e23-4267-926e-9463e171f71e,30/11/2016 14:01:18,14,256387.0
3735,4a5cf927-5e23-4267-926e-9463e171f71e,30/11/2016 13:01:18,12,256373.0
3736,4a5cf927-5e23-4267-926e-9463e171f71e,30/11/2016 12:01:18,34,256361.0
3737,4a5cf927-5e23-4267-926e-9463e171f71e,30/11/2016 11:01:18,128,256327.0
3738,4a5cf927-5e23-4267-926e-9463e171f71e,30/11/2016 10:00:53,12,256199.0
3739,4a5cf927-5e23-4267-926e-9463e171f71e,30/11/2016 09:00:53,0,256187.0
3740,4a5cf927-5e23-4267-926e-9463e171f71e,30/11/2016 08:00:53,0,256187.0
3741,4a5cf927-5e23-4267-926e-9463e171f71e,30/11/2016 07:00:53,0,256187.0
3742,4a5cf927-5e23-4267-926e-9463e171f71e,30/11/2016 06:04:42,0,256187.0
3743,4a5cf927-5e23-4267-926e-9463e171f71e,30/11/2016 05:04:42,0,256187.0
3744,4a5cf927-5e23-4267-926e-9463e171f71e,30/11/2016 04:04:42,0,256187.0
3745,4a5cf927-5e23-4267-926e-9463e171f71e,30/11/2016 03:04:42,0,256187.0
3746,4a5cf927-5e23-4267-926e-9463e171f71e,30/11/2016 02:01:57,9,256187.0
3747,4a5cf927-5e23-4267-926e-9463e171f71e,30/11/2016 01:01:57,0,256178.0
3748,4a5cf927-5e23-4267-926e-9463e171f71e,30/11/2016 00:01:57,0,256178.0
3749,4a5cf927-5e23-4267-926e-9463e171f71e,29/11/2016 23:01:57,17,256178.0
3750,4a5cf927-5e23-4267-926e-9463e171f71e,29/11/2016 18:00:55,0,256161.0
3751,4a5cf927-5e23-4267-926e-9463e171f71e,29/11/2016 17:00:55,13,256161.0
3752,4a5cf927-5e23-4267-926e-9463e171f71e,29/11/2016 16:00:55,22,256148.0
3753,4a5cf927-5e23-4267-926e-9463e171f71e,29/11/2016 15:00:55,116,256126.0
3754,4a5cf927-5e23-4267-926e-9463e171f71e,29/11/2016 06:00:57,0,256010.0
3755,4a5cf927-5e23-4267-926e-9463e171f71e,29/11/2016 05:00:57,0,256010.0
3756,4a5cf927-5e23-4267-926e-9463e171f71e,29/11/2016 04:00:57,0,256010.0
3757,4a5cf927-5e23-4267-926e-9463e171f71e,29/11/2016 03:00:57,0,256010.0
3758,4a5cf927-5e23-4267-926e-9463e171f71e,29/11/2016 02:00:56,7,256010.0
3759,4a5cf927-5e23-4267-926e-9463e171f71e,29/11/2016 01:00:56,4,256003.0
3760,4a5cf927-5e23-4267-926e-9463e171f71e,29/11/2016 00:00:56,4,255999.0
3761,4a5cf927-5e23-4267-926e-9463e171f71e,28/11/2016 23:00:56,7,255995.0
3762,4a5cf927-5e23-4267-926e-9463e171f71e,28/11/2016 22:00:55,0,255988.0
3763,4a5cf927-5e23-4267-926e-9463e171f71e,28/11/2016 21:00:55,0,255988.0
3764,4a5cf927-5e23-4267-926e-9463e171f71e,28/11/2016 20:00:55,0,255988.0
3765,4a5cf927-5e23-4267-926e-9463e171f71e,28/11/2016 19:00:55,11,255988.0
3766,4a5cf927-5e23-4267-926e-9463e171f71e,28/11/2016 18:00:58,7,255977.0
3767,4a5cf927-5e23-4267-926e-9463e171f71e,28/11/2016 17:00:58,0,255970.0
3768,4a5cf927-5e23-4267-926e-9463e171f71e,28/11/2016 16:00:58,24,255970.0
3769,4a5cf927-5e23-4267-926e-9463e171f71e,28/11/2016 15:00:58,46,255946.0
3770,4a5cf927-5e23-4267-926e-9463e171f71e,28/11/2016 14:00:57,4,255900.0
3771,4a5cf927-5e23-4267-926e-9463e171f71e,28/11/2016 13:00:57,11,255896.0
3772,4a5cf927-5e23-4267-926e-9463e171f71e,28/11/2016 12:00:57,83,255885.0
3773,4a5cf927-5e23-4267-926e-9463e171f71e,28/11/2016 11:00:57,2,255802.0
3774,4a5cf927-5e23-4267-926e-9463e171f71e,28/11/2016 10:00:57,11,255800.0
3775,4a5cf927-5e23-4267-926e-9463e171f71e,28/11/2016 09:00:57,0,255789.0
3776,4a5cf927-5e23-4267-926e-9463e171f71e,28/11/2016 08:00:57,0,255789.0
3777,4a5cf927-5e23-4267-926e-9463e171f71e,28/11/2016 07:00:57,0,255789.0
3778,4a5cf927-5e23-4267-926e-9463e171f71e,28/11/2016 06:00:57,0,255789.0
3779,4a5cf927-5e23-4267-926e-9463e171f71e,28/11/2016 05:00:57,0,255789.0
3780,4a5cf927-5e23-4267-926e-9463e171f71e,28/11/2016 04:00:57,0,255789.0
3781,4a5cf927-5e23-4267-926e-9463e171f71e,28/11/2016 03:00:57,7,255789.0
3782,4a5cf927-5e23-4267-926e-9463e171f71e,28/11/2016 02:01:00,0,255782.0
3783,4a5cf927-5e23-4267-926e-9463e171f71e,28/11/2016 01:01:00,0,255782.0
3784,4a5cf927-5e23-4267-926e-9463e171f71e,28/11/2016 00:01:00,0,255782.0
3785,4a5cf927-5e23-4267-926e-9463e171f71e,27/11/2016 23:01:00,0,255782.0
3786,4a5cf927-5e23-4267-926e-9463e171f71e,27/11/2016 22:01:00,0,255782.0
3787,4a5cf927-5e23-4267-926e-9463e171f71e,27/11/2016 21:01:00,0,255782.0
3788,4a5cf927-5e23-4267-926e-9463e171f71e,27/11/2016 20:01:00,11,255782.0
3789,4a5cf927-5e23-4267-926e-9463e171f71e,27/11/2016 19:01:00,7,255771.0
3790,4a5cf927-5e23-4267-926e-9463e171f71e,27/11/2016 18:03:25,11,255764.0
3791,4a5cf927-5e23-4267-926e-9463e171f71e,27/11/2016 17:03:25,51,255753.0
3792,4a5cf927-5e23-4267-926e-9463e171f71e,27/11/2016 16:03:25,8,255702.0
3793,4a5cf927-5e23-4267-926e-9463e171f71e,27/11/2016 15:03:25,50,255694.0
3794,4a5cf927-5e23-4267-926e-9463e171f71e,27/11/2016 14:01:00,12,255644.0
3795,4a5cf927-5e23-4267-926e-9463e171f71e,27/11/2016 13:01:00,17,255632.0
3796,4a5cf927-5e23-4267-926e-9463e171f71e,27/11/2016 12:01:00,40,255615.0
3797,4a5cf927-5e23-4267-926e-9463e171f71e,27/11/2016 11:01:00,8,255575.0
3798,4a5cf927-5e23-4267-926e-9463e171f71e,27/11/2016 10:01:03,0,255567.0
3799,4a5cf927-5e23-4267-926e-9463e171f71e,27/11/2016 09:01:03,0,255567.0
3800,4a5cf927-5e23-4267-926e-9463e171f71e,27/11/2016 08:01:03,0,255567.0
3801,4a5cf927-5e23-4267-926e-9463e171f71e,27/11/2016 07:01:03,0,255567.0
3802,4a5cf927-5e23-4267-926e-9463e171f71e,27/11/2016 06:00:59,0,255567.0
3803,4a5cf927-5e23-4267-926e-9463e171f71e,27/11/2016 05:00:59,0,255567.0
3804,4a5cf927-5e23-4267-926e-9463e171f71e,27/11/2016 04:00:59,0,255567.0
3805,4a5cf927-5e23-4267-926e-9463e171f71e,27/11/2016 03:00:59,10,255567.0
3806,4a5cf927-5e23-4267-926e-9463e171f71e,27/11/2016 02:03:43,2,255557.0
3807,4a5cf927-5e23-4267-926e-9463e171f71e,27/11/2016 01:03:43,1,255555.0
3808,4a5cf927-5e23-4267-926e-9463e171f71e,27/11/2016 00:03:43,7,255554.0
3809,4a5cf927-5e23-4267-926e-9463e171f71e,26/11/2016 23:03:43,14,255547.0
3810,4a5cf927-5e23-4267-926e-9463e171f71e,26/11/2016 18:01:03,14,255533.0
3811,4a5cf927-5e23-4267-926e-9463e171f71e,26/11/2016 17:01:03,14,255519.0
3812,4a5cf927-5e23-4267-926e-9463e171f71e,26/11/2016 16:01:03,3,255505.0
3813,4a5cf927-5e23-4267-926e-9463e171f71e,26/11/2016 15:01:03,78,255502.0
3814,4a5cf927-5e23-4267-926e-9463e171f71e,26/11/2016 14:01:02,23,255424.0
3815,4a5cf927-5e23-4267-926e-9463e171f71e,26/11/2016 13:01:02,63,255401.0
3816,4a5cf927-5e23-4267-926e-9463e171f71e,26/11/2016 12:01:02,11,255338.0
3817,4a5cf927-5e23-4267-926e-9463e171f71e,26/11/2016 11:01:02,0,255327.0
3818,4a5cf927-5e23-4267-926e-9463e171f71e,26/11/2016 10:01:03,0,255327.0
3819,4a5cf927-5e23-4267-926e-9463e171f71e,26/11/2016 09:01:03,0,255327.0
3820,4a5cf927-5e23-4267-926e-9463e171f71e,26/11/2016 08:01:03,0,255327.0
3821,4a5cf927-5e23-4267-926e-9463e171f71e,26/11/2016 07:01:03,0,255327.0
3822,4a5cf927-5e23-4267-926e-9463e171f71e,26/11/2016 06:01:01,0,255327.0
3823,4a5cf927-5e23-4267-926e-9463e171f71e,26/11/2016 05:01:01,0,255327.0
3824,4a5cf927-5e23-4267-926e-9463e171f71e,26/11/2016 04:01:01,9,255327.0
3825,4a5cf927-5e23-4267-926e-9463e171f71e,26/11/2016 03:01:01,0,255318.0
3826,4a5cf927-5e23-4267-926e-9463e171f71e,26/11/2016 02:03:11,0,255318.0
3827,4a5cf927-5e23-4267-926e-9463e171f71e,26/11/2016 01:03:11,0,255318.0
3828,4a5cf927-5e23-4267-926e-9463e171f71e,26/11/2016 00:03:11,0,255318.0
3829,4a5cf927-5e23-4267-926e-9463e171f71e,25/11/2016 23:03:11,0,255318.0
3830,4a5cf927-5e23-4267-926e-9463e171f71e,25/11/2016 22:01:02,0,255318.0
3831,4a5cf927-5e23-4267-926e-9463e171f71e,25/11/2016 21:01:02,9,255318.0
3832,4a5cf927-5e23-4267-926e-9463e171f71e,25/11/2016 20:01:02,1,255309.0
3833,4a5cf927-5e23-4267-926e-9463e171f71e,25/11/2016 19:01:02,1,255308.0
3834,4a5cf927-5e23-4267-926e-9463e171f71e,25/11/2016 18:01:04,20,255307.0
3835,4a5cf927-5e23-4267-926e-9463e171f71e,25/11/2016 17:01:04,2,255287.0
3836,4a5cf927-5e23-4267-926e-9463e171f71e,25/11/2016 16:01:04,27,255285.0
3837,4a5cf927-5e23-4267-926e-9463e171f71e,25/11/2016 15:01:04,13,255258.0
3838,4a5cf927-5e23-4267-926e-9463e171f71e,25/11/2016 14:01:04,0,255245.0
3839,4a5cf927-5e23-4267-926e-9463e171f71e,25/11/2016 13:01:04,56,255245.0
3840,4a5cf927-5e23-4267-926e-9463e171f71e,25/11/2016 12:01:04,2,255189.0
3841,4a5cf927-5e23-4267-926e-9463e171f71e,25/11/2016 11:01:04,3,255187.0
3842,4a5cf927-5e23-4267-926e-9463e171f71e,25/11/2016 10:01:06,18,255184.0
3843,4a5cf927-5e23-4267-926e-9463e171f71e,25/11/2016 09:01:06,20,255166.0
3844,4a5cf927-5e23-4267-926e-9463e171f71e,25/11/2016 08:01:06,0,255146.0
3845,4a5cf927-5e23-4267-926e-9463e171f71e,25/11/2016 07:01:06,0,255146.0
3846,4a5cf927-5e23-4267-926e-9463e171f71e,25/11/2016 06:01:03,0,255146.0
3847,4a5cf927-5e23-4267-926e-9463e171f71e,25/11/2016 05:01:03,0,255146.0
3848,4a5cf927-5e23-4267-926e-9463e171f71e,25/11/2016 04:01:03,0,255146.0
3849,4a5cf927-5e23-4267-926e-9463e171f71e,25/11/2016 03:01:03,11,255146.0
3850,4a5cf927-5e23-4267-926e-9463e171f71e,25/11/2016 02:04:30,0,255135.0
3851,4a5cf927-5e23-4267-926e-9463e171f71e,25/11/2016 01:04:30,0,255135.0
3852,4a5cf927-5e23-4267-926e-9463e171f71e,25/11/2016 00:04:30,2,255135.0
3853,4a5cf927-5e23-4267-926e-9463e171f71e,24/11/2016 23:04:30,0,255133.0
3854,4a5cf927-5e23-4267-926e-9463e171f71e,24/11/2016 22:01:05,8,255133.0
3855,4a5cf927-5e23-4267-926e-9463e171f71e,24/11/2016 21:01:05,0,255125.0
3856,4a5cf927-5e23-4267-926e-9463e171f71e,24/11/2016 20:01:05,0,255125.0
3857,4a5cf927-5e23-4267-926e-9463e171f71e,24/11/2016 19:01:05,24,255125.0
3858,4a5cf927-5e23-4267-926e-9463e171f71e,24/11/2016 18:01:11,5,255101.0
3859,4a5cf927-5e23-4267-926e-9463e171f71e,24/11/2016 17:01:11,6,255096.0
3860,4a5cf927-5e23-4267-926e-9463e171f71e,24/11/2016 16:01:11,43,255090.0
3861,4a5cf927-5e23-4267-926e-9463e171f71e,24/11/2016 15:01:11,9,255047.0
3862,4a5cf927-5e23-4267-926e-9463e171f71e,24/11/2016 14:01:06,0,255038.0
3863,4a5cf927-5e23-4267-926e-9463e171f71e,24/11/2016 13:01:06,0,255038.0
3864,4a5cf927-5e23-4267-926e-9463e171f71e,24/11/2016 12:01:06,10,255038.0
3865,4a5cf927-5e23-4267-926e-9463e171f71e,24/11/2016 11:01:06,131,255028.0
3866,4a5cf927-5e23-4267-926e-9463e171f71e,24/11/2016 06:01:11,0,254897.0
3867,4a5cf927-5e23-4267-926e-9463e171f71e,24/11/2016 05:01:11,0,254897.0
3868,4a5cf927-5e23-4267-926e-9463e171f71e,24/11/2016 04:01:11,0,254897.0
3869,4a5cf927-5e23-4267-926e-9463e171f71e,24/11/2016 03:01:11,0,254897.0
3870,4a5cf927-5e23-4267-926e-9463e171f71e,24/11/2016 02:01:08,0,254897.0
3871,4a5cf927-5e23-4267-926e-9463e171f71e,24/11/2016 01:01:08,2,254897.0
3872,4a5cf927-5e23-4267-926e-9463e171f71e,24/11/2016 00:01:08,5,254895.0
3873,4a5cf927-5e23-4267-926e-9463e171f71e,23/11/2016 23:01:08,7,254890.0
3874,4a5cf927-5e23-4267-926e-9463e171f71e,23/11/2016 22:01:45,2,254883.0
3875,4a5cf927-5e23-4267-926e-9463e171f71e,23/11/2016 21:01:45,3,254881.0
3876,4a5cf927-5e23-4267-926e-9463e171f71e,23/11/2016 20:01:45,4,254878.0
3877,4a5cf927-5e23-4267-926e-9463e171f71e,23/11/2016 19:01:45,0,254874.0
3878,4a5cf927-5e23-4267-926e-9463e171f71e,23/11/2016 18:01:08,9,254874.0
3879,4a5cf927-5e23-4267-926e-9463e171f71e,23/11/2016 17:01:08,10,254865.0
3880,4a5cf927-5e23-4267-926e-9463e171f71e,23/11/2016 16:01:08,20,254855.0
3881,4a5cf927-5e23-4267-926e-9463e171f71e,23/11/2016 15:01:08,14,254835.0
3882,4a5cf927-5e23-4267-926e-9463e171f71e,23/11/2016 14:01:08,0,254821.0
3883,4a5cf927-5e23-4267-926e-9463e171f71e,23/11/2016 13:01:08,0,254821.0
3884,4a5cf927-5e23-4267-926e-9463e171f71e,23/11/2016 12:01:08,24,254821.0
3885,4a5cf927-5e23-4267-926e-9463e171f71e,23/11/2016 11:01:08,71,254797.0
3886,4a5cf927-5e23-4267-926e-9463e171f71e,23/11/2016 10:01:10,26,254726.0
3887,4a5cf927-5e23-4267-926e-9463e171f71e,23/11/2016 09:01:10,0,254700.0
3888,4a5cf927-5e23-4267-926e-9463e171f71e,23/11/2016 08:01:10,0,254700.0
3889,4a5cf927-5e23-4267-926e-9463e171f71e,23/11/2016 07:01:10,0,254700.0
3890,4a5cf927-5e23-4267-926e-9463e171f71e,23/11/2016 06:01:10,0,254700.0
3891,4a5cf927-5e23-4267-926e-9463e171f71e,23/11/2016 05:01:10,0,254700.0
3892,4a5cf927-5e23-4267-926e-9463e171f71e,23/11/2016 04:01:10,0,254700.0
3893,4a5cf927-5e23-4267-926e-9463e171f71e,23/11/2016 03:01:10,0,254700.0
3894,4a5cf927-5e23-4267-926e-9463e171f71e,23/11/2016 02:02:17,0,254700.0
3895,4a5cf927-5e23-4267-926e-9463e171f71e,23/11/2016 01:02:17,4,254700.0
3896,4a5cf927-5e23-4267-926e-9463e171f71e,23/11/2016 00:02:17,3,254696.0
3897,4a5cf927-5e23-4267-926e-9463e171f71e,22/11/2016 23:02:17,15,254693.0
3898,4a5cf927-5e23-4267-926e-9463e171f71e,22/11/2016 22:01:31,23,254678.0
3899,4a5cf927-5e23-4267-926e-9463e171f71e,22/11/2016 21:01:31,0,254655.0
3900,4a5cf927-5e23-4267-926e-9463e171f71e,22/11/2016 20:01:31,0,254655.0
3901,4a5cf927-5e23-4267-926e-9463e171f71e,22/11/2016 19:01:31,8,254655.0
3902,4a5cf927-5e23-4267-926e-9463e171f71e,22/11/2016 18:01:22,56,254647.0
3903,4a5cf927-5e23-4267-926e-9463e171f71e,22/11/2016 17:01:22,29,254591.0
3904,4a5cf927-5e23-4267-926e-9463e171f71e,22/11/2016 16:01:22,4,254562.0
3905,4a5cf927-5e23-4267-926e-9463e171f71e,22/11/2016 15:01:22,4,254558.0
3906,4a5cf927-5e23-4267-926e-9463e171f71e,22/11/2016 14:01:11,0,254554.0
3907,4a5cf927-5e23-4267-926e-9463e171f71e,22/11/2016 13:01:11,0,254554.0
3908,4a5cf927-5e23-4267-926e-9463e171f71e,22/11/2016 12:01:11,102,254554.0
3909,4a5cf927-5e23-4267-926e-9463e171f71e,22/11/2016 11:01:11,39,254452.0
3910,4a5cf927-5e23-4267-926e-9463e171f71e,22/11/2016 10:01:12,6,254413.0
3911,4a5cf927-5e23-4267-926e-9463e171f71e,22/11/2016 09:01:12,0,254407.0
3912,4a5cf927-5e23-4267-926e-9463e171f71e,22/11/2016 08:01:12,0,254407.0
3913,4a5cf927-5e23-4267-926e-9463e171f71e,22/11/2016 07:01:12,21,254407.0
3914,4a5cf927-5e23-4267-926e-9463e171f71e,21/11/2016 22:01:11,11,254386.0
3915,4a5cf927-5e23-4267-926e-9463e171f71e,21/11/2016 21:01:11,8,254375.0
3916,4a5cf927-5e23-4267-926e-9463e171f71e,21/11/2016 20:01:11,0,254367.0
3917,4a5cf927-5e23-4267-926e-9463e171f71e,21/11/2016 19:01:11,18,254367.0
3918,4a5cf927-5e23-4267-926e-9463e171f71e,21/11/2016 18:01:14,5,254349.0
3919,4a5cf927-5e23-4267-926e-9463e171f71e,21/11/2016 17:01:14,0,254344.0
3920,4a5cf927-5e23-4267-926e-9463e171f71e,21/11/2016 16:01:14,36,254344.0
3921,4a5cf927-5e23-4267-926e-9463e171f71e,21/11/2016 15:01:14,3,254308.0
3922,4a5cf927-5e23-4267-926e-9463e171f71e,21/11/2016 14:01:12,68,254305.0
3923,4a5cf927-5e23-4267-926e-9463e171f71e,21/11/2016 13:01:12,0,254237.0
3924,4a5cf927-5e23-4267-926e-9463e171f71e,21/11/2016 12:01:12,20,254237.0
3925,4a5cf927-5e23-4267-926e-9463e171f71e,21/11/2016 11:01:12,47,254217.0
3926,4a5cf927-5e23-4267-926e-9463e171f71e,21/11/2016 06:01:16,0,254170.0
3927,4a5cf927-5e23-4267-926e-9463e171f71e,21/11/2016 05:01:16,0,254170.0
3928,4a5cf927-5e23-4267-926e-9463e171f71e,21/11/2016 04:01:16,0,254170.0
3929,4a5cf927-5e23-4267-926e-9463e171f71e,21/11/2016 03:01:16,0,254170.0
3930,4a5cf927-5e23-4267-926e-9463e171f71e,21/11/2016 02:01:16,1,254170.0
3931,4a5cf927-5e23-4267-926e-9463e171f71e,21/11/2016 01:01:16,0,254169.0
3932,4a5cf927-5e23-4267-926e-9463e171f71e,21/11/2016 00:01:16,18,254169.0
3933,4a5cf927-5e23-4267-926e-9463e171f71e,20/11/2016 23:01:16,30,254151.0
3934,4a5cf927-5e23-4267-926e-9463e171f71e,20/11/2016 22:01:15,15,254121.0
3935,4a5cf927-5e23-4267-926e-9463e171f71e,20/11/2016 21:01:15,4,254106.0
3936,4a5cf927-5e23-4267-926e-9463e171f71e,20/11/2016 20:01:15,0,254102.0
3937,4a5cf927-5e23-4267-926e-9463e171f71e,20/11/2016 19:01:15,10,254102.0
3938,4a5cf927-5e23-4267-926e-9463e171f71e,20/11/2016 18:01:17,6,254092.0
3939,4a5cf927-5e23-4267-926e-9463e171f71e,20/11/2016 17:01:17,0,254086.0
3940,4a5cf927-5e23-4267-926e-9463e171f71e,20/11/2016 16:01:17,30,254086.0
3941,4a5cf927-5e23-4267-926e-9463e171f71e,20/11/2016 15:01:17,0,254056.0
3942,4a5cf927-5e23-4267-926e-9463e171f71e,20/11/2016 14:01:17,73,254056.0
3943,4a5cf927-5e23-4267-926e-9463e171f71e,20/11/2016 13:01:17,17,253983.0
3944,4a5cf927-5e23-4267-926e-9463e171f71e,20/11/2016 12:01:17,5,253966.0
3945,4a5cf927-5e23-4267-926e-9463e171f71e,20/11/2016 11:01:17,0,253961.0
3946,4a5cf927-5e23-4267-926e-9463e171f71e,20/11/2016 10:21:24,0,253961.0
3947,4a5cf927-5e23-4267-926e-9463e171f71e,20/11/2016 09:21:24,0,253961.0
3948,4a5cf927-5e23-4267-926e-9463e171f71e,20/11/2016 08:21:24,25,253961.0
3949,4a5cf927-5e23-4267-926e-9463e171f71e,20/11/2016 07:21:24,0,253936.0
3950,4a5cf927-5e23-4267-926e-9463e171f71e,20/11/2016 06:01:18,0,253936.0
3951,4a5cf927-5e23-4267-926e-9463e171f71e,20/11/2016 05:01:18,0,253936.0
3952,4a5cf927-5e23-4267-926e-9463e171f71e,20/11/2016 04:01:18,0,253936.0
3953,4a5cf927-5e23-4267-926e-9463e171f71e,20/11/2016 03:01:18,17,253936.0
3954,4a5cf927-5e23-4267-926e-9463e171f71e,20/11/2016 02:05:54,0,253919.0
3955,4a5cf927-5e23-4267-926e-9463e171f71e,20/11/2016 01:05:54,0,253919.0
3956,4a5cf927-5e23-4267-926e-9463e171f71e,20/11/2016 00:05:54,0,253919.0
3957,4a5cf927-5e23-4267-926e-9463e171f71e,19/11/2016 23:05:54,0,253919.0
3958,4a5cf927-5e23-4267-926e-9463e171f71e,19/11/2016 22:01:17,0,253919.0
3959,4a5cf927-5e23-4267-926e-9463e171f71e,19/11/2016 21:01:17,0,253919.0
3960,4a5cf927-5e23-4267-926e-9463e171f71e,19/11/2016 20:01:17,0,253919.0
3961,4a5cf927-5e23-4267-926e-9463e171f71e,19/11/2016 19:01:17,11,253919.0
3962,4a5cf927-5e23-4267-926e-9463e171f71e,19/11/2016 18:01:20,1,253908.0
3963,4a5cf927-5e23-4267-926e-9463e171f71e,19/11/2016 17:01:20,62,253907.0
3964,4a5cf927-5e23-4267-926e-9463e171f71e,19/11/2016 16:01:20,15,253845.0
3965,4a5cf927-5e23-4267-926e-9463e171f71e,19/11/2016 15:01:20,0,253830.0
3966,4a5cf927-5e23-4267-926e-9463e171f71e,19/11/2016 14:01:19,63,253830.0
3967,4a5cf927-5e23-4267-926e-9463e171f71e,19/11/2016 13:01:19,25,253767.0
3968,4a5cf927-5e23-4267-926e-9463e171f71e,19/11/2016 12:01:19,6,253742.0
3969,4a5cf927-5e23-4267-926e-9463e171f71e,19/11/2016 11:01:19,6,253736.0
3970,4a5cf927-5e23-4267-926e-9463e171f71e,19/11/2016 10:01:22,1,253730.0
3971,4a5cf927-5e23-4267-926e-9463e171f71e,19/11/2016 09:01:22,0,253729.0
3972,4a5cf927-5e23-4267-926e-9463e171f71e,19/11/2016 08:01:22,0,253729.0
3973,4a5cf927-5e23-4267-926e-9463e171f71e,19/11/2016 07:01:22,0,253729.0
3974,4a5cf927-5e23-4267-926e-9463e171f71e,19/11/2016 06:01:20,0,253729.0
3975,4a5cf927-5e23-4267-926e-9463e171f71e,19/11/2016 05:01:20,0,253729.0
3976,4a5cf927-5e23-4267-926e-9463e171f71e,19/11/2016 04:01:20,7,253729.0
3977,4a5cf927-5e23-4267-926e-9463e171f71e,19/11/2016 03:01:20,0,253722.0
3978,4a5cf927-5e23-4267-926e-9463e171f71e,19/11/2016 02:01:21,0,253722.0
3979,4a5cf927-5e23-4267-926e-9463e171f71e,19/11/2016 01:01:21,0,253722.0
3980,4a5cf927-5e23-4267-926e-9463e171f71e,19/11/2016 00:01:21,0,253722.0
3981,4a5cf927-5e23-4267-926e-9463e171f71e,18/11/2016 23:01:21,0,253722.0
3982,4a5cf927-5e23-4267-926e-9463e171f71e,18/11/2016 22:01:21,0,253722.0
3983,4a5cf927-5e23-4267-926e-9463e171f71e,18/11/2016 21:01:21,0,253722.0
3984,4a5cf927-5e23-4267-926e-9463e171f71e,18/11/2016 20:01:21,11,253722.0
3985,4a5cf927-5e23-4267-926e-9463e171f71e,18/11/2016 19:01:21,5,253711.0
3986,4a5cf927-5e23-4267-926e-9463e171f71e,18/11/2016 18:01:21,0,253706.0
3987,4a5cf927-5e23-4267-926e-9463e171f71e,18/11/2016 17:01:21,10,253706.0
3988,4a5cf927-5e23-4267-926e-9463e171f71e,18/11/2016 16:01:21,7,253696.0
3989,4a5cf927-5e23-4267-926e-9463e171f71e,18/11/2016 15:01:21,3,253689.0
3990,4a5cf927-5e23-4267-926e-9463e171f71e,18/11/2016 14:06:10,1,253686.0
3991,4a5cf927-5e23-4267-926e-9463e171f71e,18/11/2016 13:06:10,0,253685.0
3992,4a5cf927-5e23-4267-926e-9463e171f71e,18/11/2016 12:06:10,88,253685.0
3993,4a5cf927-5e23-4267-926e-9463e171f71e,18/11/2016 11:06:10,13,253597.0
3994,4a5cf927-5e23-4267-926e-9463e171f71e,18/11/2016 10:01:25,32,253584.0
3995,4a5cf927-5e23-4267-926e-9463e171f71e,18/11/2016 09:01:25,0,253552.0
3996,4a5cf927-5e23-4267-926e-9463e171f71e,18/11/2016 08:01:25,0,253552.0
3997,4a5cf927-5e23-4267-926e-9463e171f71e,18/11/2016 07:01:25,0,253552.0
3998,4a5cf927-5e23-4267-926e-9463e171f71e,18/11/2016 06:01:20,0,253552.0
3999,4a5cf927-5e23-4267-926e-9463e171f71e,18/11/2016 05:01:20,0,253552.0
4000,4a5cf927-5e23-4267-926e-9463e171f71e,18/11/2016 04:01:20,0,253552.0
4001,4a5cf927-5e23-4267-926e-9463e171f71e,18/11/2016 03:01:20,0,253552.0
4002,4a5cf927-5e23-4267-926e-9463e171f71e,18/11/2016 02:01:25,0,253552.0
4003,4a5cf927-5e23-4267-926e-9463e171f71e,18/11/2016 01:01:25,5,253552.0
4004,4a5cf927-5e23-4267-926e-9463e171f71e,18/11/2016 00:01:25,4,253547.0
4005,4a5cf927-5e23-4267-926e-9463e171f71e,17/11/2016 23:01:25,15,253543.0
4006,4a5cf927-5e23-4267-926e-9463e171f71e,17/11/2016 22:01:23,11,253528.0
4007,4a5cf927-5e23-4267-926e-9463e171f71e,17/11/2016 21:01:23,2,253517.0
4008,4a5cf927-5e23-4267-926e-9463e171f71e,17/11/2016 20:01:23,3,253515.0
4009,4a5cf927-5e23-4267-926e-9463e171f71e,17/11/2016 19:01:23,7,253512.0
4010,4a5cf927-5e23-4267-926e-9463e171f71e,17/11/2016 18:01:26,19,253505.0
4011,4a5cf927-5e23-4267-926e-9463e171f71e,17/11/2016 17:01:26,41,253486.0
4012,4a5cf927-5e23-4267-926e-9463e171f71e,17/11/2016 16:01:26,42,253445.0
4013,4a5cf927-5e23-4267-926e-9463e171f71e,17/11/2016 15:01:26,21,253403.0
4014,4a5cf927-5e23-4267-926e-9463e171f71e,17/11/2016 14:01:24,0,253382.0
4015,4a5cf927-5e23-4267-926e-9463e171f71e,17/11/2016 13:01:24,0,253382.0
4016,4a5cf927-5e23-4267-926e-9463e171f71e,17/11/2016 12:01:24,11,253382.0
4017,4a5cf927-5e23-4267-926e-9463e171f71e,17/11/2016 11:01:24,58,253371.0
4018,4a5cf927-5e23-4267-926e-9463e171f71e,17/11/2016 10:01:25,74,253313.0
4019,4a5cf927-5e23-4267-926e-9463e171f71e,17/11/2016 09:01:25,0,253239.0
4020,4a5cf927-5e23-4267-926e-9463e171f71e,17/11/2016 08:01:25,0,253239.0
4021,4a5cf927-5e23-4267-926e-9463e171f71e,17/11/2016 07:01:25,0,253239.0
4022,4a5cf927-5e23-4267-926e-9463e171f71e,17/11/2016 06:01:23,0,253239.0
4023,4a5cf927-5e23-4267-926e-9463e171f71e,17/11/2016 05:01:23,0,253239.0
4024,4a5cf927-5e23-4267-926e-9463e171f71e,17/11/2016 04:01:23,0,253239.0
4025,4a5cf927-5e23-4267-926e-9463e171f71e,17/11/2016 03:01:23,0,253239.0
4026,4a5cf927-5e23-4267-926e-9463e171f71e,17/11/2016 02:01:27,0,253239.0
4027,4a5cf927-5e23-4267-926e-9463e171f71e,17/11/2016 01:01:27,0,253239.0
4028,4a5cf927-5e23-4267-926e-9463e171f71e,17/11/2016 00:01:27,10,253239.0
4029,4a5cf927-5e23-4267-926e-9463e171f71e,16/11/2016 23:01:27,0,253229.0
4030,4a5cf927-5e23-4267-926e-9463e171f71e,16/11/2016 22:01:24,0,253229.0
4031,4a5cf927-5e23-4267-926e-9463e171f71e,16/11/2016 21:01:24,0,253229.0
4032,4a5cf927-5e23-4267-926e-9463e171f71e,16/11/2016 20:01:24,8,253229.0
4033,4a5cf927-5e23-4267-926e-9463e171f71e,16/11/2016 19:01:24,11,253221.0
4034,4a5cf927-5e23-4267-926e-9463e171f71e,16/11/2016 18:01:28,4,253210.0
4035,4a5cf927-5e23-4267-926e-9463e171f71e,16/11/2016 17:01:28,20,253206.0
4036,4a5cf927-5e23-4267-926e-9463e171f71e,16/11/2016 16:01:28,14,253186.0
4037,4a5cf927-5e23-4267-926e-9463e171f71e,16/11/2016 15:01:28,5,253172.0
4038,4a5cf927-5e23-4267-926e-9463e171f71e,16/11/2016 14:01:24,33,253167.0
4039,4a5cf927-5e23-4267-926e-9463e171f71e,16/11/2016 13:01:24,31,253134.0
4040,4a5cf927-5e23-4267-926e-9463e171f71e,16/11/2016 12:01:24,28,253103.0
4041,4a5cf927-5e23-4267-926e-9463e171f71e,16/11/2016 11:01:24,127,253075.0
4042,4a5cf927-5e23-4267-926e-9463e171f71e,16/11/2016 10:01:29,18,252948.0
4043,4a5cf927-5e23-4267-926e-9463e171f71e,16/11/2016 09:01:29,0,252930.0
4044,4a5cf927-5e23-4267-926e-9463e171f71e,16/11/2016 08:01:29,0,252930.0
4045,4a5cf927-5e23-4267-926e-9463e171f71e,16/11/2016 07:01:29,0,252930.0
4046,4a5cf927-5e23-4267-926e-9463e171f71e,16/11/2016 06:01:28,0,252930.0
4047,4a5cf927-5e23-4267-926e-9463e171f71e,16/11/2016 05:01:28,0,252930.0
4048,4a5cf927-5e23-4267-926e-9463e171f71e,16/11/2016 04:01:28,0,252930.0
4049,4a5cf927-5e23-4267-926e-9463e171f71e,16/11/2016 03:01:28,0,252930.0
4050,4a5cf927-5e23-4267-926e-9463e171f71e,16/11/2016 02:01:28,0,252930.0
4051,4a5cf927-5e23-4267-926e-9463e171f71e,16/11/2016 01:01:28,0,252930.0
4052,4a5cf927-5e23-4267-926e-9463e171f71e,16/11/2016 00:01:28,6,252930.0
4053,4a5cf927-5e23-4267-926e-9463e171f71e,15/11/2016 23:01:28,26,252924.0
4054,4a5cf927-5e23-4267-926e-9463e171f71e,15/11/2016 18:01:28,3,252898.0
4055,4a5cf927-5e23-4267-926e-9463e171f71e,15/11/2016 17:01:28,10,252895.0
4056,4a5cf927-5e23-4267-926e-9463e171f71e,15/11/2016 16:01:28,18,252885.0
4057,4a5cf927-5e23-4267-926e-9463e171f71e,15/11/2016 15:01:28,0,252867.0
4058,4a5cf927-5e23-4267-926e-9463e171f71e,15/11/2016 14:01:28,0,252867.0
4059,4a5cf927-5e23-4267-926e-9463e171f71e,15/11/2016 13:01:28,11,252867.0
4060,4a5cf927-5e23-4267-926e-9463e171f71e,15/11/2016 12:01:28,59,252856.0
4061,4a5cf927-5e23-4267-926e-9463e171f71e,15/11/2016 11:01:28,99,252797.0
4062,4a5cf927-5e23-4267-926e-9463e171f71e,15/11/2016 10:01:30,7,252698.0
4063,4a5cf927-5e23-4267-926e-9463e171f71e,15/11/2016 09:01:30,0,252691.0
4064,4a5cf927-5e23-4267-926e-9463e171f71e,15/11/2016 08:01:30,0,252691.0
4065,4a5cf927-5e23-4267-926e-9463e171f71e,15/11/2016 07:01:30,0,252691.0
4066,4a5cf927-5e23-4267-926e-9463e171f71e,15/11/2016 06:01:29,0,252691.0
4067,4a5cf927-5e23-4267-926e-9463e171f71e,15/11/2016 05:01:29,0,252691.0
4068,4a5cf927-5e23-4267-926e-9463e171f71e,15/11/2016 04:01:29,0,252691.0
4069,4a5cf927-5e23-4267-926e-9463e171f71e,15/11/2016 03:01:29,0,252691.0
4070,4a5cf927-5e23-4267-926e-9463e171f71e,15/11/2016 02:01:31,0,252691.0
4071,4a5cf927-5e23-4267-926e-9463e171f71e,15/11/2016 01:01:31,0,252691.0
4072,4a5cf927-5e23-4267-926e-9463e171f71e,15/11/2016 00:01:31,15,252691.0
4073,4a5cf927-5e23-4267-926e-9463e171f71e,14/11/2016 23:01:31,39,252676.0
4074,4a5cf927-5e23-4267-926e-9463e171f71e,14/11/2016 22:02:28,12,252637.0
4075,4a5cf927-5e23-4267-926e-9463e171f71e,14/11/2016 21:02:28,0,252625.0
4076,4a5cf927-5e23-4267-926e-9463e171f71e,14/11/2016 20:02:28,0,252625.0
4077,4a5cf927-5e23-4267-926e-9463e171f71e,14/11/2016 19:02:28,100,252625.0
4078,4a5cf927-5e23-4267-926e-9463e171f71e,14/11/2016 18:04:17,44,252525.0
4079,4a5cf927-5e23-4267-926e-9463e171f71e,14/11/2016 17:04:17,19,252481.0
4080,4a5cf927-5e23-4267-926e-9463e171f71e,14/11/2016 16:04:17,9,252462.0
4081,4a5cf927-5e23-4267-926e-9463e171f71e,14/11/2016 15:04:17,0,252453.0
4082,4a5cf927-5e23-4267-926e-9463e171f71e,14/11/2016 14:02:24,0,252453.0
4083,4a5cf927-5e23-4267-926e-9463e171f71e,14/11/2016 13:02:24,5,252453.0
4084,4a5cf927-5e23-4267-926e-9463e171f71e,14/11/2016 12:02:24,10,252448.0
4085,4a5cf927-5e23-4267-926e-9463e171f71e,14/11/2016 11:02:24,49,252438.0
4086,4a5cf927-5e23-4267-926e-9463e171f71e,14/11/2016 10:01:31,1,252389.0
4087,4a5cf927-5e23-4267-926e-9463e171f71e,14/11/2016 09:01:31,0,252388.0
4088,4a5cf927-5e23-4267-926e-9463e171f71e,14/11/2016 08:01:31,0,252388.0
4089,4a5cf927-5e23-4267-926e-9463e171f71e,14/11/2016 07:01:31,0,252388.0
4090,4a5cf927-5e23-4267-926e-9463e171f71e,14/11/2016 06:01:32,0,252388.0
4091,4a5cf927-5e23-4267-926e-9463e171f71e,14/11/2016 05:01:32,0,252388.0
4092,4a5cf927-5e23-4267-926e-9463e171f71e,14/11/2016 04:01:32,0,252388.0
4093,4a5cf927-5e23-4267-926e-9463e171f71e,14/11/2016 03:01:32,0,252388.0
4094,4a5cf927-5e23-4267-926e-9463e171f71e,14/11/2016 02:03:28,0,252388.0
4095,4a5cf927-5e23-4267-926e-9463e171f71e,14/11/2016 01:03:28,0,252388.0
4096,4a5cf927-5e23-4267-926e-9463e171f71e,14/11/2016 00:03:28,24,252388.0
4097,4a5cf927-5e23-4267-926e-9463e171f71e,13/11/2016 23:03:28,29,252364.0
4098,4a5cf927-5e23-4267-926e-9463e171f71e,13/11/2016 22:01:32,12,252335.0
4099,4a5cf927-5e23-4267-926e-9463e171f71e,13/11/2016 21:01:32,64,252323.0
4100,4a5cf927-5e23-4267-926e-9463e171f71e,13/11/2016 20:01:32,10,252259.0
4101,4a5cf927-5e23-4267-926e-9463e171f71e,13/11/2016 19:01:32,10,252249.0
4102,4a5cf927-5e23-4267-926e-9463e171f71e,13/11/2016 18:01:34,14,252239.0
4103,4a5cf927-5e23-4267-926e-9463e171f71e,13/11/2016 17:01:34,93,252225.0
4104,4a5cf927-5e23-4267-926e-9463e171f71e,13/11/2016 16:01:34,3,252132.0
4105,4a5cf927-5e23-4267-926e-9463e171f71e,13/11/2016 15:01:34,34,252129.0
4106,4a5cf927-5e23-4267-926e-9463e171f71e,13/11/2016 14:02:19,4,252095.0
4107,4a5cf927-5e23-4267-926e-9463e171f71e,13/11/2016 13:02:19,122,252091.0
4108,4a5cf927-5e23-4267-926e-9463e171f71e,13/11/2016 12:02:19,8,251969.0
4109,4a5cf927-5e23-4267-926e-9463e171f71e,13/11/2016 11:02:19,54,251961.0
4110,4a5cf927-5e23-4267-926e-9463e171f71e,13/11/2016 06:01:34,0,251907.0
4111,4a5cf927-5e23-4267-926e-9463e171f71e,13/11/2016 05:01:34,0,251907.0
4112,4a5cf927-5e23-4267-926e-9463e171f71e,13/11/2016 04:01:34,0,251907.0
4113,4a5cf927-5e23-4267-926e-9463e171f71e,13/11/2016 03:01:34,0,251907.0
4114,4a5cf927-5e23-4267-926e-9463e171f71e,13/11/2016 02:01:35,0,251907.0
4115,4a5cf927-5e23-4267-926e-9463e171f71e,13/11/2016 01:01:35,0,251907.0
4116,4a5cf927-5e23-4267-926e-9463e171f71e,13/11/2016 00:01:35,1,251907.0
4117,4a5cf927-5e23-4267-926e-9463e171f71e,12/11/2016 23:01,5,251906.0
4118,4a5cf927-5e23-4267-926e-9463e171f71e,12/11/2016 22:01,6,251901.0
4119,4a5cf927-5e23-4267-926e-9463e171f71e,12/11/2016 21:01,7,251895.0
4120,4a5cf927-5e23-4267-926e-9463e171f71e,12/11/2016 20:01,0,251888.0
4121,4a5cf927-5e23-4267-926e-9463e171f71e,12/11/2016 19:01,0,251888.0
4122,4a5cf927-5e23-4267-926e-9463e171f71e,12/11/2016 18:03,0,251888.0
4123,4a5cf927-5e23-4267-926e-9463e171f71e,12/11/2016 17:03,0,251888.0
4124,4a5cf927-5e23-4267-926e-9463e171f71e,12/11/2016 16:03,0,251888.0
4125,4a5cf927-5e23-4267-926e-9463e171f71e,12/11/2016 15:03,0,251888.0
4126,4a5cf927-5e23-4267-926e-9463e171f71e,12/11/2016 14:01,0,251888.0
4127,4a5cf927-5e23-4267-926e-9463e171f71e,12/11/2016 13:01,1,251888.0
4128,4a5cf927-5e23-4267-926e-9463e171f71e,12/11/2016 12:01,14,251887.0
4129,4a5cf927-5e23-4267-926e-9463e171f71e,12/11/2016 11:01,71,251873.0
4130,4a5cf927-5e23-4267-926e-9463e171f71e,12/11/2016 10:01,22,251802.0
4131,4a5cf927-5e23-4267-926e-9463e171f71e,12/11/2016 9:01,0,251780.0
4132,4a5cf927-5e23-4267-926e-9463e171f71e,12/11/2016 8:01,0,251780.0
4133,4a5cf927-5e23-4267-926e-9463e171f71e,12/11/2016 7:01,0,251780.0
4134,4a5cf927-5e23-4267-926e-9463e171f71e,12/11/2016 6:01,0,251780.0
4135,4a5cf927-5e23-4267-926e-9463e171f71e,12/11/2016 5:01,0,251780.0
4136,4a5cf927-5e23-4267-926e-9463e171f71e,12/11/2016 4:01,0,251780.0
4137,4a5cf927-5e23-4267-926e-9463e171f71e,12/11/2016 3:01,34,251780.0
4138,4a5cf927-5e23-4267-926e-9463e171f71e,12/11/2016 2:01,1,251746.0
4139,4a5cf927-5e23-4267-926e-9463e171f71e,12/11/2016 1:01,2,251745.0
4140,4a5cf927-5e23-4267-926e-9463e171f71e,12/11/2016 0:01,6,251743.0
4141,4a5cf927-5e23-4267-926e-9463e171f71e,11/11/2016 23:01,0,251737.0
4142,4a5cf927-5e23-4267-926e-9463e171f71e,11/11/2016 22:02,0,251737.0
4143,4a5cf927-5e23-4267-926e-9463e171f71e,11/11/2016 21:02,0,251737.0
4144,4a5cf927-5e23-4267-926e-9463e171f71e,11/11/2016 20:02,0,251737.0
4145,4a5cf927-5e23-4267-926e-9463e171f71e,11/11/2016 19:02,9,251737.0
4146,4a5cf927-5e23-4267-926e-9463e171f71e,11/11/2016 18:02,30,251728.0
4147,4a5cf927-5e23-4267-926e-9463e171f71e,11/11/2016 17:02,32,251698.0
4148,4a5cf927-5e23-4267-926e-9463e171f71e,11/11/2016 16:02,8,251666.0
4149,4a5cf927-5e23-4267-926e-9463e171f71e,11/11/2016 15:02,20,251658.0
4150,4a5cf927-5e23-4267-926e-9463e171f71e,11/11/2016 14:01,0,251638.0
4151,4a5cf927-5e23-4267-926e-9463e171f71e,11/11/2016 13:01,0,251638.0
4152,4a5cf927-5e23-4267-926e-9463e171f71e,11/11/2016 12:01,76,251638.0
4153,4a5cf927-5e23-4267-926e-9463e171f71e,11/11/2016 11:01,106,251562.0
4154,4a5cf927-5e23-4267-926e-9463e171f71e,11/11/2016 6:01,0,251456.0
4155,4a5cf927-5e23-4267-926e-9463e171f71e,11/11/2016 5:01,0,251456.0
4156,4a5cf927-5e23-4267-926e-9463e171f71e,11/11/2016 4:01,0,251456.0
4157,4a5cf927-5e23-4267-926e-9463e171f71e,11/11/2016 3:01,7,251456.0
4158,4a5cf927-5e23-4267-926e-9463e171f71e,11/11/2016 2:01,1,251449.0
4159,4a5cf927-5e23-4267-926e-9463e171f71e,11/11/2016 1:01,0,251448.0
4160,4a5cf927-5e23-4267-926e-9463e171f71e,11/11/2016 0:01,12,251448.0
4161,4a5cf927-5e23-4267-926e-9463e171f71e,10/11/2016 23:01,12,251436.0
4162,4a5cf927-5e23-4267-926e-9463e171f71e,10/11/2016 22:02,32,251424.0
4163,4a5cf927-5e23-4267-926e-9463e171f71e,10/11/2016 21:02,5,251392.0
4164,4a5cf927-5e23-4267-926e-9463e171f71e,10/11/2016 20:02,6,251387.0
4165,4a5cf927-5e23-4267-926e-9463e171f71e,10/11/2016 19:02,5,251381.0
4166,4a5cf927-5e23-4267-926e-9463e171f71e,10/11/2016 18:01,12,251376.0
4167,4a5cf927-5e23-4267-926e-9463e171f71e,10/11/2016 17:01,10,251364.0
4168,4a5cf927-5e23-4267-926e-9463e171f71e,10/11/2016 16:01,6,251354.0
4169,4a5cf927-5e23-4267-926e-9463e171f71e,10/11/2016 15:01,9,251348.0
4170,4a5cf927-5e23-4267-926e-9463e171f71e,10/11/2016 14:01,28,251339.0
4171,4a5cf927-5e23-4267-926e-9463e171f71e,10/11/2016 13:01,0,251311.0
4172,4a5cf927-5e23-4267-926e-9463e171f71e,10/11/2016 12:01,14,251311.0
4173,4a5cf927-5e23-4267-926e-9463e171f71e,10/11/2016 11:01,89,251297.0
4174,4a5cf927-5e23-4267-926e-9463e171f71e,10/11/2016 10:01,6,251208.0
4175,4a5cf927-5e23-4267-926e-9463e171f71e,10/11/2016 9:01,0,251202.0
4176,4a5cf927-5e23-4267-926e-9463e171f71e,10/11/2016 8:01,1,251202.0
4177,4a5cf927-5e23-4267-926e-9463e171f71e,10/11/2016 7:01,0,251201.0
4178,4a5cf927-5e23-4267-926e-9463e171f71e,10/11/2016 6:01,0,251201.0
4179,4a5cf927-5e23-4267-926e-9463e171f71e,10/11/2016 5:01,0,251201.0
4180,4a5cf927-5e23-4267-926e-9463e171f71e,10/11/2016 4:01,0,251201.0
4181,4a5cf927-5e23-4267-926e-9463e171f71e,10/11/2016 3:01,0,251201.0
4182,4a5cf927-5e23-4267-926e-9463e171f71e,10/11/2016 2:01,0,251201.0
4183,4a5cf927-5e23-4267-926e-9463e171f71e,10/11/2016 1:01,0,251201.0
4184,4a5cf927-5e23-4267-926e-9463e171f71e,10/11/2016 0:01,29,251201.0
4185,4a5cf927-5e23-4267-926e-9463e171f71e,9/11/2016 23:01,27,251172.0
4186,4a5cf927-5e23-4267-926e-9463e171f71e,9/11/2016 22:01,0,251145.0
4187,4a5cf927-5e23-4267-926e-9463e171f71e,9/11/2016 21:01,0,251145.0
4188,4a5cf927-5e23-4267-926e-9463e171f71e,9/11/2016 20:01,4,251145.0
4189,4a5cf927-5e23-4267-926e-9463e171f71e,9/11/2016 19:01,67,251141.0
4190,4a5cf927-5e23-4267-926e-9463e171f71e,9/11/2016 14:01,0,251074.0
4191,4a5cf927-5e23-4267-926e-9463e171f71e,9/11/2016 13:01,15,251074.0
4192,4a5cf927-5e23-4267-926e-9463e171f71e,9/11/2016 12:01,0,251059.0
4193,4a5cf927-5e23-4267-926e-9463e171f71e,9/11/2016 11:01,120,251059.0
4194,4a5cf927-5e23-4267-926e-9463e171f71e,9/11/2016 10:01,52,250939.0
4195,4a5cf927-5e23-4267-926e-9463e171f71e,9/11/2016 9:01,21,250887.0
4196,4a5cf927-5e23-4267-926e-9463e171f71e,9/11/2016 8:01,1,250866.0
4197,4a5cf927-5e23-4267-926e-9463e171f71e,9/11/2016 7:01,6,250865.0
4198,4a5cf927-5e23-4267-926e-9463e171f71e,9/11/2016 6:01,0,250859.0
4199,4a5cf927-5e23-4267-926e-9463e171f71e,9/11/2016 5:01,0,250859.0
4200,4a5cf927-5e23-4267-926e-9463e171f71e,9/11/2016 4:01,0,250859.0
4201,4a5cf927-5e23-4267-926e-9463e171f71e,9/11/2016 3:01,0,250859.0
4202,4a5cf927-5e23-4267-926e-9463e171f71e,9/11/2016 2:01,17,250859.0
4203,4a5cf927-5e23-4267-926e-9463e171f71e,9/11/2016 1:01,1,250842.0
4204,4a5cf927-5e23-4267-926e-9463e171f71e,9/11/2016 0:01,28,250841.0
4205,4a5cf927-5e23-4267-926e-9463e171f71e,8/11/2016 23:01,26,250813.0
4206,4a5cf927-5e23-4267-926e-9463e171f71e,8/11/2016 18:01,19,250787.0
4207,4a5cf927-5e23-4267-926e-9463e171f71e,8/11/2016 17:01,1,250768.0
4208,4a5cf927-5e23-4267-926e-9463e171f71e,8/11/2016 16:01,21,250767.0
4209,4a5cf927-5e23-4267-926e-9463e171f71e,8/11/2016 15:01,39,250746.0
4210,4a5cf927-5e23-4267-926e-9463e171f71e,8/11/2016 14:01,30,250707.0
4211,4a5cf927-5e23-4267-926e-9463e171f71e,8/11/2016 13:01,4,250677.0
4212,4a5cf927-5e23-4267-926e-9463e171f71e,8/11/2016 12:01,0,250673.0
4213,4a5cf927-5e23-4267-926e-9463e171f71e,8/11/2016 11:01,8,250673.0
4214,4a5cf927-5e23-4267-926e-9463e171f71e,8/11/2016 10:01,103,250665.0
4215,4a5cf927-5e23-4267-926e-9463e171f71e,8/11/2016 9:01,11,250562.0
4216,4a5cf927-5e23-4267-926e-9463e171f71e,8/11/2016 8:01,6,250551.0
4217,4a5cf927-5e23-4267-926e-9463e171f71e,8/11/2016 7:01,0,250545.0
4218,4a5cf927-5e23-4267-926e-9463e171f71e,8/11/2016 6:04,0,250545.0
4219,4a5cf927-5e23-4267-926e-9463e171f71e,8/11/2016 5:04,0,250545.0
4220,4a5cf927-5e23-4267-926e-9463e171f71e,8/11/2016 4:04,0,250545.0
4221,4a5cf927-5e23-4267-926e-9463e171f71e,8/11/2016 3:04,0,250545.0
4222,4a5cf927-5e23-4267-926e-9463e171f71e,8/11/2016 2:01,1,250545.0
4223,4a5cf927-5e23-4267-926e-9463e171f71e,8/11/2016 1:01,0,250544.0
4224,4a5cf927-5e23-4267-926e-9463e171f71e,8/11/2016 0:01,20,250544.0
4225,4a5cf927-5e23-4267-926e-9463e171f71e,7/11/2016 23:01,16,250524.0
4226,4a5cf927-5e23-4267-926e-9463e171f71e,7/11/2016 22:01,7,250508.0
4227,4a5cf927-5e23-4267-926e-9463e171f71e,7/11/2016 21:01,0,250501.0
4228,4a5cf927-5e23-4267-926e-9463e171f71e,7/11/2016 20:01,4,250501.0
4229,4a5cf927-5e23-4267-926e-9463e171f71e,7/11/2016 19:01,24,250497.0
4230,4a5cf927-5e23-4267-926e-9463e171f71e,7/11/2016 18:03,0,250473.0
4231,4a5cf927-5e23-4267-926e-9463e171f71e,7/11/2016 17:03,23,250473.0
4232,4a5cf927-5e23-4267-926e-9463e171f71e,7/11/2016 16:03,18,250450.0
4233,4a5cf927-5e23-4267-926e-9463e171f71e,7/11/2016 15:03,0,250432.0
4234,4a5cf927-5e23-4267-926e-9463e171f71e,7/11/2016 14:01,0,250432.0
4235,4a5cf927-5e23-4267-926e-9463e171f71e,7/11/2016 13:01,74,250432.0
4236,4a5cf927-5e23-4267-926e-9463e171f71e,7/11/2016 12:01,15,250358.0
4237,4a5cf927-5e23-4267-926e-9463e171f71e,7/11/2016 11:01,55,250343.0
4238,4a5cf927-5e23-4267-926e-9463e171f71e,7/11/2016 10:01,19,250288.0
4239,4a5cf927-5e23-4267-926e-9463e171f71e,7/11/2016 9:01,6,250269.0
4240,4a5cf927-5e23-4267-926e-9463e171f71e,7/11/2016 8:01,0,250263.0
4241,4a5cf927-5e23-4267-926e-9463e171f71e,7/11/2016 7:01,0,250263.0
4242,4a5cf927-5e23-4267-926e-9463e171f71e,7/11/2016 6:01,0,250263.0
4243,4a5cf927-5e23-4267-926e-9463e171f71e,7/11/2016 5:01,0,250263.0
4244,4a5cf927-5e23-4267-926e-9463e171f71e,7/11/2016 4:01,0,250263.0
4245,4a5cf927-5e23-4267-926e-9463e171f71e,7/11/2016 3:01,7,250263.0
4246,4a5cf927-5e23-4267-926e-9463e171f71e,6/11/2016 22:01,0,250256.0
4247,4a5cf927-5e23-4267-926e-9463e171f71e,6/11/2016 21:01,0,250256.0
4248,4a5cf927-5e23-4267-926e-9463e171f71e,6/11/2016 20:01,12,250256.0
4249,4a5cf927-5e23-4267-926e-9463e171f71e,6/11/2016 19:01,15,250244.0
4250,4a5cf927-5e23-4267-926e-9463e171f71e,6/11/2016 18:01,52,250229.0
4251,4a5cf927-5e23-4267-926e-9463e171f71e,6/11/2016 17:01,0,250177.0
4252,4a5cf927-5e23-4267-926e-9463e171f71e,6/11/2016 16:01,0,250177.0
4253,4a5cf927-5e23-4267-926e-9463e171f71e,6/11/2016 15:01,0,250177.0
4254,4a5cf927-5e23-4267-926e-9463e171f71e,6/11/2016 14:01,1,250177.0
4255,4a5cf927-5e23-4267-926e-9463e171f71e,6/11/2016 13:01,0,250176.0
4256,4a5cf927-5e23-4267-926e-9463e171f71e,6/11/2016 12:01,0,250176.0
4257,4a5cf927-5e23-4267-926e-9463e171f71e,6/11/2016 11:01,0,250176.0
4258,4a5cf927-5e23-4267-926e-9463e171f71e,6/11/2016 10:04,0,250176.0
4259,4a5cf927-5e23-4267-926e-9463e171f71e,6/11/2016 9:04,0,250176.0
4260,4a5cf927-5e23-4267-926e-9463e171f71e,6/11/2016 8:04,0,250176.0
4261,4a5cf927-5e23-4267-926e-9463e171f71e,6/11/2016 7:04,0,250176.0
4262,4a5cf927-5e23-4267-926e-9463e171f71e,6/11/2016 6:06,0,250176.0
4263,4a5cf927-5e23-4267-926e-9463e171f71e,6/11/2016 5:06,0,250176.0
4264,4a5cf927-5e23-4267-926e-9463e171f71e,6/11/2016 4:06,0,250176.0
4265,4a5cf927-5e23-4267-926e-9463e171f71e,6/11/2016 3:06,0,250176.0
4266,4a5cf927-5e23-4267-926e-9463e171f71e,6/11/2016 2:03,0,250176.0
4267,4a5cf927-5e23-4267-926e-9463e171f71e,6/11/2016 1:03,0,250176.0
4268,4a5cf927-5e23-4267-926e-9463e171f71e,6/11/2016 0:03,0,250176.0
4269,4a5cf927-5e23-4267-926e-9463e171f71e,5/11/2016 23:03,0,250176.0
4270,4a5cf927-5e23-4267-926e-9463e171f71e,5/11/2016 22:01,0,250176.0
4271,4a5cf927-5e23-4267-926e-9463e171f71e,5/11/2016 21:01,1,250176.0
4272,4a5cf927-5e23-4267-926e-9463e171f71e,5/11/2016 20:01,0,250175.0
4273,4a5cf927-5e23-4267-926e-9463e171f71e,5/11/2016 19:01,0,250175.0
4274,4a5cf927-5e23-4267-926e-9463e171f71e,5/11/2016 18:02,0,250175.0
4275,4a5cf927-5e23-4267-926e-9463e171f71e,5/11/2016 17:02,0,250175.0
4276,4a5cf927-5e23-4267-926e-9463e171f71e,5/11/2016 16:02,0,250175.0
4277,4a5cf927-5e23-4267-926e-9463e171f71e,5/11/2016 15:02,0,250175.0
4278,4a5cf927-5e23-4267-926e-9463e171f71e,5/11/2016 14:01,0,250175.0
4279,4a5cf927-5e23-4267-926e-9463e171f71e,5/11/2016 13:01,0,250175.0
4280,4a5cf927-5e23-4267-926e-9463e171f71e,5/11/2016 12:01,0,250175.0
4281,4a5cf927-5e23-4267-926e-9463e171f71e,5/11/2016 11:01,1,250175.0
4282,4a5cf927-5e23-4267-926e-9463e171f71e,5/11/2016 10:01,0,250174.0
4283,4a5cf927-5e23-4267-926e-9463e171f71e,5/11/2016 9:01,78,250174.0
4284,4a5cf927-5e23-4267-926e-9463e171f71e,5/11/2016 8:01,9,250096.0
4285,4a5cf927-5e23-4267-926e-9463e171f71e,5/11/2016 7:01,0,250087.0
4286,4a5cf927-5e23-4267-926e-9463e171f71e,5/11/2016 6:01,0,250087.0
4287,4a5cf927-5e23-4267-926e-9463e171f71e,5/11/2016 5:01,0,250087.0
4288,4a5cf927-5e23-4267-926e-9463e171f71e,5/11/2016 4:01,0,250087.0
4289,4a5cf927-5e23-4267-926e-9463e171f71e,5/11/2016 3:01,0,250087.0
4290,4a5cf927-5e23-4267-926e-9463e171f71e,5/11/2016 2:01,6,250087.0
4291,4a5cf927-5e23-4267-926e-9463e171f71e,5/11/2016 1:01,4,250081.0
4292,4a5cf927-5e23-4267-926e-9463e171f71e,5/11/2016 0:01,0,250077.0
4293,4a5cf927-5e23-4267-926e-9463e171f71e,4/11/2016 23:01,1,250077.0
4294,4a5cf927-5e23-4267-926e-9463e171f71e,4/11/2016 22:01,0,250076.0
4295,4a5cf927-5e23-4267-926e-9463e171f71e,4/11/2016 21:01,0,250076.0
4296,4a5cf927-5e23-4267-926e-9463e171f71e,4/11/2016 20:01,14,250076.0
4297,4a5cf927-5e23-4267-926e-9463e171f71e,4/11/2016 19:01,2,250062.0
4298,4a5cf927-5e23-4267-926e-9463e171f71e,4/11/2016 18:01,9,250060.0
4299,4a5cf927-5e23-4267-926e-9463e171f71e,4/11/2016 17:01,17,250051.0
4300,4a5cf927-5e23-4267-926e-9463e171f71e,4/11/2016 16:01,14,250034.0
4301,4a5cf927-5e23-4267-926e-9463e171f71e,4/11/2016 15:01,0,250020.0
4302,4a5cf927-5e23-4267-926e-9463e171f71e,4/11/2016 14:01,27,250020.0
4303,4a5cf927-5e23-4267-926e-9463e171f71e,4/11/2016 13:01,4,249993.0
4304,4a5cf927-5e23-4267-926e-9463e171f71e,4/11/2016 12:01,93,249989.0
4305,4a5cf927-5e23-4267-926e-9463e171f71e,4/11/2016 11:01,83,249896.0
4306,4a5cf927-5e23-4267-926e-9463e171f71e,4/11/2016 10:01,64,249813.0
4307,4a5cf927-5e23-4267-926e-9463e171f71e,4/11/2016 9:01,6,249749.0
4308,4a5cf927-5e23-4267-926e-9463e171f71e,4/11/2016 8:01,0,249743.0
4309,4a5cf927-5e23-4267-926e-9463e171f71e,4/11/2016 7:01,0,249743.0
4310,4a5cf927-5e23-4267-926e-9463e171f71e,4/11/2016 6:01,0,249743.0
4311,4a5cf927-5e23-4267-926e-9463e171f71e,4/11/2016 5:01,0,249743.0
4312,4a5cf927-5e23-4267-926e-9463e171f71e,4/11/2016 4:01,0,249743.0
4313,4a5cf927-5e23-4267-926e-9463e171f71e,4/11/2016 3:01,419,249743.0
4314,4a5cf927-5e23-4267-926e-9463e171f71e,2/11/2016 10:02,13,249324.0
4315,4a5cf927-5e23-4267-926e-9463e171f71e,2/11/2016 9:02,13,249311.0
4316,4a5cf927-5e23-4267-926e-9463e171f71e,2/11/2016 8:02,15,249298.0
4317,4a5cf927-5e23-4267-926e-9463e171f71e,2/11/2016 7:02,0,249283.0
4318,4a5cf927-5e23-4267-926e-9463e171f71e,2/11/2016 6:01,0,249283.0
4319,4a5cf927-5e23-4267-926e-9463e171f71e,2/11/2016 5:01,0,249283.0
4320,4a5cf927-5e23-4267-926e-9463e171f71e,2/11/2016 4:01,0,249283.0
4321,4a5cf927-5e23-4267-926e-9463e171f71e,2/11/2016 3:01,6,249283.0
4322,4a5cf927-5e23-4267-926e-9463e171f71e,2/11/2016 2:02,16,249277.0
4323,4a5cf927-5e23-4267-926e-9463e171f71e,2/11/2016 1:02,4,249261.0
4324,4a5cf927-5e23-4267-926e-9463e171f71e,2/11/2016 0:02,0,249257.0
4325,4a5cf927-5e23-4267-926e-9463e171f71e,1/11/2016 23:02,2,249257.0
4326,4a5cf927-5e23-4267-926e-9463e171f71e,1/11/2016 22:02,0,249255.0
4327,4a5cf927-5e23-4267-926e-9463e171f71e,1/11/2016 21:02,0,249255.0
4328,4a5cf927-5e23-4267-926e-9463e171f71e,1/11/2016 20:02,0,249255.0
4329,4a5cf927-5e23-4267-926e-9463e171f71e,1/11/2016 19:02,4,249255.0
4330,4a5cf927-5e23-4267-926e-9463e171f71e,1/11/2016 18:02,8,249251.0
4331,4a5cf927-5e23-4267-926e-9463e171f71e,1/11/2016 17:02,14,249243.0
4332,4a5cf927-5e23-4267-926e-9463e171f71e,1/11/2016 16:02,17,249229.0
4333,4a5cf927-5e23-4267-926e-9463e171f71e,1/11/2016 15:02,60,249212.0
4334,4a5cf927-5e23-4267-926e-9463e171f71e,1/11/2016 14:02,68,249152.0
4335,4a5cf927-5e23-4267-926e-9463e171f71e,1/11/2016 13:02,1,249084.0
4336,4a5cf927-5e23-4267-926e-9463e171f71e,1/11/2016 12:02,0,249083.0
4337,4a5cf927-5e23-4267-926e-9463e171f71e,1/11/2016 11:02,12,249083.0
4338,4a5cf927-5e23-4267-926e-9463e171f71e,1/11/2016 10:04,5,249071.0
4339,4a5cf927-5e23-4267-926e-9463e171f71e,1/11/2016 9:04,5,249066.0
4340,4a5cf927-5e23-4267-926e-9463e171f71e,1/11/2016 8:04,18,249061.0
4341,4a5cf927-5e23-4267-926e-9463e171f71e,1/11/2016 7:04,0,249043.0
4342,4a5cf927-5e23-4267-926e-9463e171f71e,1/11/2016 6:02,0,249043.0
4343,4a5cf927-5e23-4267-926e-9463e171f71e,1/11/2016 5:02,0,249043.0
4344,4a5cf927-5e23-4267-926e-9463e171f71e,1/11/2016 4:02,0,249043.0
4345,4a5cf927-5e23-4267-926e-9463e171f71e,1/11/2016 3:02,0,249043.0
4346,4a5cf927-5e23-4267-926e-9463e171f71e,1/11/2016 2:02,0,249043.0
4347,4a5cf927-5e23-4267-926e-9463e171f71e,1/11/2016 1:02,5,249043.0
4348,4a5cf927-5e23-4267-926e-9463e171f71e,1/11/2016 0:02,6,249038.0
4349,4a5cf927-5e23-4267-926e-9463e171f71e,31/10/2016 23:02:06,2,249032.0
4350,4a5cf927-5e23-4267-926e-9463e171f71e,31/10/2016 22:02:11,3,249030.0
4351,4a5cf927-5e23-4267-926e-9463e171f71e,31/10/2016 21:02:11,1,249027.0
4352,4a5cf927-5e23-4267-926e-9463e171f71e,31/10/2016 20:02:11,8,249026.0
4353,4a5cf927-5e23-4267-926e-9463e171f71e,31/10/2016 19:02:11,0,249018.0
4354,4a5cf927-5e23-4267-926e-9463e171f71e,31/10/2016 18:02:06,19,249018.0
4355,4a5cf927-5e23-4267-926e-9463e171f71e,31/10/2016 17:02:06,10,248999.0
4356,4a5cf927-5e23-4267-926e-9463e171f71e,31/10/2016 16:02:06,4,248989.0
4357,4a5cf927-5e23-4267-926e-9463e171f71e,31/10/2016 15:02:06,0,248985.0
4358,4a5cf927-5e23-4267-926e-9463e171f71e,31/10/2016 14:02:03,1,248985.0
4359,4a5cf927-5e23-4267-926e-9463e171f71e,31/10/2016 13:02:03,2,248984.0
4360,4a5cf927-5e23-4267-926e-9463e171f71e,31/10/2016 12:02:03,113,248982.0
4361,4a5cf927-5e23-4267-926e-9463e171f71e,31/10/2016 11:02:03,39,248869.0
4362,4a5cf927-5e23-4267-926e-9463e171f71e,31/10/2016 10:02:35,44,248830.0
4363,4a5cf927-5e23-4267-926e-9463e171f71e,31/10/2016 09:02:35,7,248786.0
4364,4a5cf927-5e23-4267-926e-9463e171f71e,31/10/2016 08:02:35,1,248779.0
4365,4a5cf927-5e23-4267-926e-9463e171f71e,31/10/2016 07:02:35,0,248778.0
4366,4a5cf927-5e23-4267-926e-9463e171f71e,31/10/2016 06:08:34,0,248778.0
4367,4a5cf927-5e23-4267-926e-9463e171f71e,31/10/2016 05:08:34,0,248778.0
4368,4a5cf927-5e23-4267-926e-9463e171f71e,31/10/2016 04:08:34,0,248778.0
4369,4a5cf927-5e23-4267-926e-9463e171f71e,31/10/2016 03:08:34,0,248778.0
4370,4a5cf927-5e23-4267-926e-9463e171f71e,31/10/2016 02:02:06,0,248778.0
4371,4a5cf927-5e23-4267-926e-9463e171f71e,31/10/2016 01:02:06,0,248778.0
4372,4a5cf927-5e23-4267-926e-9463e171f71e,31/10/2016 00:02:06,8,248778.0
4373,4a5cf927-5e23-4267-926e-9463e171f71e,30/10/2016 23:02:06,0,248770.0
4374,4a5cf927-5e23-4267-926e-9463e171f71e,30/10/2016 22:02:05,5,248770.0
4375,4a5cf927-5e23-4267-926e-9463e171f71e,30/10/2016 21:02:05,12,248765.0
4376,4a5cf927-5e23-4267-926e-9463e171f71e,30/10/2016 20:02:05,0,248753.0
4377,4a5cf927-5e23-4267-926e-9463e171f71e,30/10/2016 19:02:05,0,248753.0
4378,4a5cf927-5e23-4267-926e-9463e171f71e,30/10/2016 14:02:07,57,248753.0
4379,4a5cf927-5e23-4267-926e-9463e171f71e,30/10/2016 13:02:07,7,248696.0
4380,4a5cf927-5e23-4267-926e-9463e171f71e,30/10/2016 12:02:07,56,248689.0
4381,4a5cf927-5e23-4267-926e-9463e171f71e,30/10/2016 11:02:07,7,248633.0
4382,4a5cf927-5e23-4267-926e-9463e171f71e,30/10/2016 10:09:55,34,248626.0
4383,4a5cf927-5e23-4267-926e-9463e171f71e,30/10/2016 09:09:55,18,248592.0
4384,4a5cf927-5e23-4267-926e-9463e171f71e,30/10/2016 08:09:55,10,248574.0
4385,4a5cf927-5e23-4267-926e-9463e171f71e,30/10/2016 07:09:55,4,248564.0
4386,4a5cf927-5e23-4267-926e-9463e171f71e,30/10/2016 06:02:07,0,248560.0
4387,4a5cf927-5e23-4267-926e-9463e171f71e,30/10/2016 05:02:07,0,248560.0
4388,4a5cf927-5e23-4267-926e-9463e171f71e,30/10/2016 04:02:07,0,248560.0
4389,4a5cf927-5e23-4267-926e-9463e171f71e,30/10/2016 03:02:07,0,248560.0
4390,4a5cf927-5e23-4267-926e-9463e171f71e,30/10/2016 02:02:11,3,248560.0
4391,4a5cf927-5e23-4267-926e-9463e171f71e,30/10/2016 02:02:11,3,248557.0
4392,4a5cf927-5e23-4267-926e-9463e171f71e,30/10/2016 01:02:11,4,248554.0
4393,4a5cf927-5e23-4267-926e-9463e171f71e,30/10/2016 00:02:11,9,248550.0
4394,4a5cf927-5e23-4267-926e-9463e171f71e,29/10/2016 23:02:10,7,248541.0
4395,4a5cf927-5e23-4267-926e-9463e171f71e,29/10/2016 22:02:10,4,248534.0
4396,4a5cf927-5e23-4267-926e-9463e171f71e,29/10/2016 21:02:10,0,248530.0
4397,4a5cf927-5e23-4267-926e-9463e171f71e,29/10/2016 20:02:10,0,248530.0
4398,4a5cf927-5e23-4267-926e-9463e171f71e,29/10/2016 19:04:48,5,248530.0
4399,4a5cf927-5e23-4267-926e-9463e171f71e,29/10/2016 18:04:48,0,248525.0
4400,4a5cf927-5e23-4267-926e-9463e171f71e,29/10/2016 17:04:48,11,248525.0
4401,4a5cf927-5e23-4267-926e-9463e171f71e,29/10/2016 16:04:48,34,248514.0
4402,4a5cf927-5e23-4267-926e-9463e171f71e,29/10/2016 15:02:11,8,248480.0
4403,4a5cf927-5e23-4267-926e-9463e171f71e,29/10/2016 14:02:11,0,248472.0
4404,4a5cf927-5e23-4267-926e-9463e171f71e,29/10/2016 13:02:11,4,248472.0
4405,4a5cf927-5e23-4267-926e-9463e171f71e,29/10/2016 12:02:11,63,248468.0
4406,4a5cf927-5e23-4267-926e-9463e171f71e,29/10/2016 11:02:10,81,248405.0
4407,4a5cf927-5e23-4267-926e-9463e171f71e,29/10/2016 10:02:10,38,248324.0
4408,4a5cf927-5e23-4267-926e-9463e171f71e,29/10/2016 09:02:10,6,248286.0
4409,4a5cf927-5e23-4267-926e-9463e171f71e,29/10/2016 08:02:10,0,248280.0
4410,4a5cf927-5e23-4267-926e-9463e171f71e,29/10/2016 07:02:09,0,248280.0
4411,4a5cf927-5e23-4267-926e-9463e171f71e,29/10/2016 06:02:09,0,248280.0
4412,4a5cf927-5e23-4267-926e-9463e171f71e,29/10/2016 05:02:09,0,248280.0
4413,4a5cf927-5e23-4267-926e-9463e171f71e,29/10/2016 04:02:09,0,248280.0
4414,4a5cf927-5e23-4267-926e-9463e171f71e,29/10/2016 03:02:12,8,248280.0
4415,4a5cf927-5e23-4267-926e-9463e171f71e,29/10/2016 02:02:12,12,248272.0
4416,4a5cf927-5e23-4267-926e-9463e171f71e,29/10/2016 01:02:12,13,248260.0
4417,4a5cf927-5e23-4267-926e-9463e171f71e,29/10/2016 00:02:12,0,248247.0
4418,4a5cf927-5e23-4267-926e-9463e171f71e,28/10/2016 23:02:17,0,248247.0
4419,4a5cf927-5e23-4267-926e-9463e171f71e,28/10/2016 22:02:17,0,248247.0
4420,4a5cf927-5e23-4267-926e-9463e171f71e,28/10/2016 21:02:17,0,248247.0
4421,4a5cf927-5e23-4267-926e-9463e171f71e,28/10/2016 20:02:17,68,248247.0
4422,4a5cf927-5e23-4267-926e-9463e171f71e,28/10/2016 19:02:12,0,248179.0
4423,4a5cf927-5e23-4267-926e-9463e171f71e,28/10/2016 18:02:12,14,248179.0
4424,4a5cf927-5e23-4267-926e-9463e171f71e,28/10/2016 17:02:12,2,248165.0
4425,4a5cf927-5e23-4267-926e-9463e171f71e,28/10/2016 16:02:12,70,248163.0
4426,4a5cf927-5e23-4267-926e-9463e171f71e,28/10/2016 15:02:14,8,248093.0
4427,4a5cf927-5e23-4267-926e-9463e171f71e,28/10/2016 14:02:14,0,248085.0
4428,4a5cf927-5e23-4267-926e-9463e171f71e,28/10/2016 13:02:14,34,248085.0
4429,4a5cf927-5e23-4267-926e-9463e171f71e,28/10/2016 12:02:14,20,248051.0
4430,4a5cf927-5e23-4267-926e-9463e171f71e,28/10/2016 11:03:18,33,248031.0
4431,4a5cf927-5e23-4267-926e-9463e171f71e,28/10/2016 10:03:18,6,247998.0
4432,4a5cf927-5e23-4267-926e-9463e171f71e,28/10/2016 09:03:18,0,247992.0
4433,4a5cf927-5e23-4267-926e-9463e171f71e,28/10/2016 08:03:18,0,247992.0
4434,4a5cf927-5e23-4267-926e-9463e171f71e,28/10/2016 07:02:14,0,247992.0
4435,4a5cf927-5e23-4267-926e-9463e171f71e,28/10/2016 06:02:14,0,247992.0
4436,4a5cf927-5e23-4267-926e-9463e171f71e,28/10/2016 05:02:14,0,247992.0
4437,4a5cf927-5e23-4267-926e-9463e171f71e,28/10/2016 04:02:14,0,247992.0
4438,4a5cf927-5e23-4267-926e-9463e171f71e,28/10/2016 03:02:14,0,247992.0
4439,4a5cf927-5e23-4267-926e-9463e171f71e,28/10/2016 02:02:14,0,247992.0
4440,4a5cf927-5e23-4267-926e-9463e171f71e,28/10/2016 01:02:14,1,247992.0
4441,4a5cf927-5e23-4267-926e-9463e171f71e,28/10/2016 00:02:14,9,247991.0
4442,4a5cf927-5e23-4267-926e-9463e171f71e,27/10/2016 23:02:14,6,247982.0
4443,4a5cf927-5e23-4267-926e-9463e171f71e,27/10/2016 22:02:14,27,247976.0
4444,4a5cf927-5e23-4267-926e-9463e171f71e,27/10/2016 21:02:14,0,247949.0
4445,4a5cf927-5e23-4267-926e-9463e171f71e,27/10/2016 20:02:14,0,247949.0
4446,4a5cf927-5e23-4267-926e-9463e171f71e,27/10/2016 19:02:15,0,247949.0
4447,4a5cf927-5e23-4267-926e-9463e171f71e,27/10/2016 18:02:15,19,247949.0
4448,4a5cf927-5e23-4267-926e-9463e171f71e,27/10/2016 17:02:15,4,247930.0
4449,4a5cf927-5e23-4267-926e-9463e171f71e,27/10/2016 16:02:15,23,247926.0
4450,4a5cf927-5e23-4267-926e-9463e171f71e,27/10/2016 15:02:14,21,247903.0
4451,4a5cf927-5e23-4267-926e-9463e171f71e,27/10/2016 14:02:14,6,247882.0
4452,4a5cf927-5e23-4267-926e-9463e171f71e,27/10/2016 13:02:14,0,247876.0
4453,4a5cf927-5e23-4267-926e-9463e171f71e,27/10/2016 12:02:14,108,247876.0
4454,4a5cf927-5e23-4267-926e-9463e171f71e,27/10/2016 07:02:15,0,247768.0
4455,4a5cf927-5e23-4267-926e-9463e171f71e,27/10/2016 06:02:15,0,247768.0
4456,4a5cf927-5e23-4267-926e-9463e171f71e,27/10/2016 05:02:15,0,247768.0
4457,4a5cf927-5e23-4267-926e-9463e171f71e,27/10/2016 04:02:15,22,247768.0
4458,4a5cf927-5e23-4267-926e-9463e171f71e,27/10/2016 03:02:17,0,247746.0
4459,4a5cf927-5e23-4267-926e-9463e171f71e,27/10/2016 02:02:17,0,247746.0
4460,4a5cf927-5e23-4267-926e-9463e171f71e,27/10/2016 01:02:17,0,247746.0
4461,4a5cf927-5e23-4267-926e-9463e171f71e,27/10/2016 00:02:17,0,247746.0
4462,4a5cf927-5e23-4267-926e-9463e171f71e,26/10/2016 23:02:29,0,247746.0
4463,4a5cf927-5e23-4267-926e-9463e171f71e,26/10/2016 22:02:29,0,247746.0
4464,4a5cf927-5e23-4267-926e-9463e171f71e,26/10/2016 21:02:29,0,247746.0
4465,4a5cf927-5e23-4267-926e-9463e171f71e,26/10/2016 20:02:29,8,247746.0
4466,4a5cf927-5e23-4267-926e-9463e171f71e,26/10/2016 19:02:17,5,247738.0
4467,4a5cf927-5e23-4267-926e-9463e171f71e,26/10/2016 18:02:17,5,247733.0
4468,4a5cf927-5e23-4267-926e-9463e171f71e,26/10/2016 17:02:17,29,247728.0
4469,4a5cf927-5e23-4267-926e-9463e171f71e,26/10/2016 16:02:17,29,247699.0
4470,4a5cf927-5e23-4267-926e-9463e171f71e,26/10/2016 15:02:16,14,247670.0
4471,4a5cf927-5e23-4267-926e-9463e171f71e,26/10/2016 14:02:16,20,247656.0
4472,4a5cf927-5e23-4267-926e-9463e171f71e,26/10/2016 13:02:16,70,247636.0
4473,4a5cf927-5e23-4267-926e-9463e171f71e,26/10/2016 12:02:16,33,247566.0
4474,4a5cf927-5e23-4267-926e-9463e171f71e,26/10/2016 11:04:41,15,247533.0
4475,4a5cf927-5e23-4267-926e-9463e171f71e,26/10/2016 10:04:41,70,247518.0
4476,4a5cf927-5e23-4267-926e-9463e171f71e,26/10/2016 09:04:41,8,247448.0
4477,4a5cf927-5e23-4267-926e-9463e171f71e,26/10/2016 08:04:41,68,247440.0
4478,4a5cf927-5e23-4267-926e-9463e171f71e,26/10/2016 07:02:19,0,247372.0
4479,4a5cf927-5e23-4267-926e-9463e171f71e,26/10/2016 06:02:19,0,247372.0
4480,4a5cf927-5e23-4267-926e-9463e171f71e,26/10/2016 05:02:19,0,247372.0
4481,4a5cf927-5e23-4267-926e-9463e171f71e,26/10/2016 04:02:19,4,247372.0
4482,4a5cf927-5e23-4267-926e-9463e171f71e,25/10/2016 23:03:07,1,247368.0
4483,4a5cf927-5e23-4267-926e-9463e171f71e,25/10/2016 22:03:07,11,247367.0
4484,4a5cf927-5e23-4267-926e-9463e171f71e,25/10/2016 21:03:07,0,247356.0
4485,4a5cf927-5e23-4267-926e-9463e171f71e,25/10/2016 20:03:07,0,247356.0
4486,4a5cf927-5e23-4267-926e-9463e171f71e,25/10/2016 19:02:19,13,247356.0
4487,4a5cf927-5e23-4267-926e-9463e171f71e,25/10/2016 18:02:19,0,247343.0
4488,4a5cf927-5e23-4267-926e-9463e171f71e,25/10/2016 17:02:19,0,247343.0
4489,4a5cf927-5e23-4267-926e-9463e171f71e,25/10/2016 16:02:19,12,247343.0
4490,4a5cf927-5e23-4267-926e-9463e171f71e,25/10/2016 15:03:25,38,247331.0
4491,4a5cf927-5e23-4267-926e-9463e171f71e,25/10/2016 14:03:25,11,247293.0
4492,4a5cf927-5e23-4267-926e-9463e171f71e,25/10/2016 13:03:25,0,247282.0
4493,4a5cf927-5e23-4267-926e-9463e171f71e,25/10/2016 12:03:25,4,247282.0
4494,4a5cf927-5e23-4267-926e-9463e171f71e,25/10/2016 11:02:20,96,247278.0
4495,4a5cf927-5e23-4267-926e-9463e171f71e,25/10/2016 10:02:20,7,247182.0
4496,4a5cf927-5e23-4267-926e-9463e171f71e,25/10/2016 09:02:20,10,247175.0
4497,4a5cf927-5e23-4267-926e-9463e171f71e,25/10/2016 08:02:20,0,247165.0
4498,4a5cf927-5e23-4267-926e-9463e171f71e,25/10/2016 07:02:18,0,247165.0
4499,4a5cf927-5e23-4267-926e-9463e171f71e,25/10/2016 06:02:18,0,247165.0
4500,4a5cf927-5e23-4267-926e-9463e171f71e,25/10/2016 05:02:18,0,247165.0
4501,4a5cf927-5e23-4267-926e-9463e171f71e,25/10/2016 04:02:18,0,247165.0
4502,4a5cf927-5e23-4267-926e-9463e171f71e,25/10/2016 03:02:21,0,247165.0
4503,4a5cf927-5e23-4267-926e-9463e171f71e,25/10/2016 02:02:21,0,247165.0
4504,4a5cf927-5e23-4267-926e-9463e171f71e,25/10/2016 01:02:21,4,247165.0
4505,4a5cf927-5e23-4267-926e-9463e171f71e,25/10/2016 00:02:21,4,247161.0
4506,4a5cf927-5e23-4267-926e-9463e171f71e,24/10/2016 23:02:19,0,247157.0
4507,4a5cf927-5e23-4267-926e-9463e171f71e,24/10/2016 22:02:19,0,247157.0
4508,4a5cf927-5e23-4267-926e-9463e171f71e,24/10/2016 21:02:19,14,247157.0
4509,4a5cf927-5e23-4267-926e-9463e171f71e,24/10/2016 20:02:19,0,247143.0
4510,4a5cf927-5e23-4267-926e-9463e171f71e,24/10/2016 19:02:21,7,247143.0
4511,4a5cf927-5e23-4267-926e-9463e171f71e,24/10/2016 18:02:21,10,247136.0
4512,4a5cf927-5e23-4267-926e-9463e171f71e,24/10/2016 17:02:21,7,247126.0
4513,4a5cf927-5e23-4267-926e-9463e171f71e,24/10/2016 16:02:21,210,247119.0
4514,4a5cf927-5e23-4267-926e-9463e171f71e,24/10/2016 07:02:28,0,246909.0
4515,4a5cf927-5e23-4267-926e-9463e171f71e,24/10/2016 06:02:28,0,246909.0
4516,4a5cf927-5e23-4267-926e-9463e171f71e,24/10/2016 05:02:28,0,246909.0
4517,4a5cf927-5e23-4267-926e-9463e171f71e,24/10/2016 04:02:28,0,246909.0
4518,4a5cf927-5e23-4267-926e-9463e171f71e,24/10/2016 03:02:23,0,246909.0
4519,4a5cf927-5e23-4267-926e-9463e171f71e,24/10/2016 02:02:23,0,246909.0
4520,4a5cf927-5e23-4267-926e-9463e171f71e,24/10/2016 01:02:23,0,246909.0
4521,4a5cf927-5e23-4267-926e-9463e171f71e,24/10/2016 00:02:23,13,246909.0
4522,4a5cf927-5e23-4267-926e-9463e171f71e,23/10/2016 23:02:24,0,246896.0
4523,4a5cf927-5e23-4267-926e-9463e171f71e,23/10/2016 22:02:24,0,246896.0
4524,4a5cf927-5e23-4267-926e-9463e171f71e,23/10/2016 21:02:24,0,246896.0
4525,4a5cf927-5e23-4267-926e-9463e171f71e,23/10/2016 20:02:24,0,246896.0
4526,4a5cf927-5e23-4267-926e-9463e171f71e,23/10/2016 19:02:23,0,246896.0
4527,4a5cf927-5e23-4267-926e-9463e171f71e,23/10/2016 18:02:23,0,246896.0
4528,4a5cf927-5e23-4267-926e-9463e171f71e,23/10/2016 17:02:23,0,246896.0
4529,4a5cf927-5e23-4267-926e-9463e171f71e,23/10/2016 16:02:23,1,246896.0
4530,4a5cf927-5e23-4267-926e-9463e171f71e,23/10/2016 15:02:23,0,246895.0
4531,4a5cf927-5e23-4267-926e-9463e171f71e,23/10/2016 14:02:23,0,246895.0
4532,4a5cf927-5e23-4267-926e-9463e171f71e,23/10/2016 13:02:23,0,246895.0
4533,4a5cf927-5e23-4267-926e-9463e171f71e,23/10/2016 12:02:23,0,246895.0
4534,4a5cf927-5e23-4267-926e-9463e171f71e,23/10/2016 11:05:01,0,246895.0
4535,4a5cf927-5e23-4267-926e-9463e171f71e,23/10/2016 10:05:01,0,246895.0
4536,4a5cf927-5e23-4267-926e-9463e171f71e,23/10/2016 09:05:01,0,246895.0
4537,4a5cf927-5e23-4267-926e-9463e171f71e,23/10/2016 08:05:01,0,246895.0
4538,4a5cf927-5e23-4267-926e-9463e171f71e,23/10/2016 07:02:25,0,246895.0
4539,4a5cf927-5e23-4267-926e-9463e171f71e,23/10/2016 06:02:25,0,246895.0
4540,4a5cf927-5e23-4267-926e-9463e171f71e,23/10/2016 05:02:25,0,246895.0
4541,4a5cf927-5e23-4267-926e-9463e171f71e,23/10/2016 04:02:25,0,246895.0
4542,4a5cf927-5e23-4267-926e-9463e171f71e,23/10/2016 03:02:26,0,246895.0
4543,4a5cf927-5e23-4267-926e-9463e171f71e,23/10/2016 02:02:26,0,246895.0
4544,4a5cf927-5e23-4267-926e-9463e171f71e,23/10/2016 01:02:26,1,246895.0
4545,4a5cf927-5e23-4267-926e-9463e171f71e,23/10/2016 00:02:26,0,246894.0
4546,4a5cf927-5e23-4267-926e-9463e171f71e,22/10/2016 23:02:25,0,246894.0
4547,4a5cf927-5e23-4267-926e-9463e171f71e,22/10/2016 22:02:25,0,246894.0
4548,4a5cf927-5e23-4267-926e-9463e171f71e,22/10/2016 21:02:25,0,246894.0
4549,4a5cf927-5e23-4267-926e-9463e171f71e,22/10/2016 20:02:25,0,246894.0
4550,4a5cf927-5e23-4267-926e-9463e171f71e,22/10/2016 19:05:20,0,246894.0
4551,4a5cf927-5e23-4267-926e-9463e171f71e,22/10/2016 18:05:20,0,246894.0
4552,4a5cf927-5e23-4267-926e-9463e171f71e,22/10/2016 17:05:20,0,246894.0
4553,4a5cf927-5e23-4267-926e-9463e171f71e,22/10/2016 16:05:20,0,246894.0
4554,4a5cf927-5e23-4267-926e-9463e171f71e,22/10/2016 15:02:26,0,246894.0
4555,4a5cf927-5e23-4267-926e-9463e171f71e,22/10/2016 14:02:26,0,246894.0
4556,4a5cf927-5e23-4267-926e-9463e171f71e,22/10/2016 13:02:26,0,246894.0
4557,4a5cf927-5e23-4267-926e-9463e171f71e,22/10/2016 12:02:26,1,246894.0
4558,4a5cf927-5e23-4267-926e-9463e171f71e,22/10/2016 11:02:26,0,246893.0
4559,4a5cf927-5e23-4267-926e-9463e171f71e,22/10/2016 10:02:26,0,246893.0
4560,4a5cf927-5e23-4267-926e-9463e171f71e,22/10/2016 09:02:26,0,246893.0
4561,4a5cf927-5e23-4267-926e-9463e171f71e,22/10/2016 08:02:26,0,246893.0
4562,4a5cf927-5e23-4267-926e-9463e171f71e,22/10/2016 07:03:11,0,246893.0
4563,4a5cf927-5e23-4267-926e-9463e171f71e,22/10/2016 06:03:11,0,246893.0
4564,4a5cf927-5e23-4267-926e-9463e171f71e,22/10/2016 05:03:11,0,246893.0
4565,4a5cf927-5e23-4267-926e-9463e171f71e,22/10/2016 04:03:11,0,246893.0
4566,4a5cf927-5e23-4267-926e-9463e171f71e,22/10/2016 03:02:29,0,246893.0
4567,4a5cf927-5e23-4267-926e-9463e171f71e,22/10/2016 02:02:29,0,246893.0
4568,4a5cf927-5e23-4267-926e-9463e171f71e,22/10/2016 01:02:29,0,246893.0
4569,4a5cf927-5e23-4267-926e-9463e171f71e,22/10/2016 00:02:29,0,246893.0
4570,4a5cf927-5e23-4267-926e-9463e171f71e,21/10/2016 23:02:27,0,246893.0
4571,4a5cf927-5e23-4267-926e-9463e171f71e,21/10/2016 22:02:27,0,246893.0
4572,4a5cf927-5e23-4267-926e-9463e171f71e,21/10/2016 21:02:27,0,246893.0
4573,4a5cf927-5e23-4267-926e-9463e171f71e,21/10/2016 20:02:27,1,246893.0
4574,4a5cf927-5e23-4267-926e-9463e171f71e,21/10/2016 19:02:29,4,246892.0
4575,4a5cf927-5e23-4267-926e-9463e171f71e,21/10/2016 18:02:29,15,246888.0
4576,4a5cf927-5e23-4267-926e-9463e171f71e,21/10/2016 17:02:29,1,246873.0
4577,4a5cf927-5e23-4267-926e-9463e171f71e,21/10/2016 16:02:29,24,246872.0
4578,4a5cf927-5e23-4267-926e-9463e171f71e,21/10/2016 15:02:28,6,246848.0
4579,4a5cf927-5e23-4267-926e-9463e171f71e,21/10/2016 14:02:28,63,246842.0
4580,4a5cf927-5e23-4267-926e-9463e171f71e,21/10/2016 13:02:28,15,246779.0
4581,4a5cf927-5e23-4267-926e-9463e171f71e,21/10/2016 12:02:28,7,246764.0
4582,4a5cf927-5e23-4267-926e-9463e171f71e,21/10/2016 11:05:01,25,246757.0
4583,4a5cf927-5e23-4267-926e-9463e171f71e,21/10/2016 10:05:01,16,246732.0
4584,4a5cf927-5e23-4267-926e-9463e171f71e,21/10/2016 09:05:01,0,246716.0
4585,4a5cf927-5e23-4267-926e-9463e171f71e,21/10/2016 08:05:01,0,246716.0
4586,4a5cf927-5e23-4267-926e-9463e171f71e,21/10/2016 07:02:28,0,246716.0
4587,4a5cf927-5e23-4267-926e-9463e171f71e,21/10/2016 06:02:28,0,246716.0
4588,4a5cf927-5e23-4267-926e-9463e171f71e,21/10/2016 05:02:28,0,246716.0
4589,4a5cf927-5e23-4267-926e-9463e171f71e,21/10/2016 04:02:28,0,246716.0
4590,4a5cf927-5e23-4267-926e-9463e171f71e,21/10/2016 03:02:29,0,246716.0
4591,4a5cf927-5e23-4267-926e-9463e171f71e,21/10/2016 02:02:29,0,246716.0
4592,4a5cf927-5e23-4267-926e-9463e171f71e,21/10/2016 01:02:29,4,246716.0
4593,4a5cf927-5e23-4267-926e-9463e171f71e,21/10/2016 00:02:29,3,246712.0
4594,4a5cf927-5e23-4267-926e-9463e171f71e,20/10/2016 23:02:28,21,246709.0
4595,4a5cf927-5e23-4267-926e-9463e171f71e,20/10/2016 22:02:28,14,246688.0
4596,4a5cf927-5e23-4267-926e-9463e171f71e,20/10/2016 21:02:28,5,246674.0
4597,4a5cf927-5e23-4267-926e-9463e171f71e,20/10/2016 20:02:28,0,246669.0
4598,4a5cf927-5e23-4267-926e-9463e171f71e,20/10/2016 19:03:43,0,246669.0
4599,4a5cf927-5e23-4267-926e-9463e171f71e,20/10/2016 18:03:43,4,246669.0
4600,4a5cf927-5e23-4267-926e-9463e171f71e,20/10/2016 17:03:43,3,246665.0
4601,4a5cf927-5e23-4267-926e-9463e171f71e,20/10/2016 16:03:43,34,246662.0
4602,4a5cf927-5e23-4267-926e-9463e171f71e,20/10/2016 15:02:31,4,246628.0
4603,4a5cf927-5e23-4267-926e-9463e171f71e,20/10/2016 14:02:31,5,246624.0
4604,4a5cf927-5e23-4267-926e-9463e171f71e,20/10/2016 13:02:31,7,246619.0
4605,4a5cf927-5e23-4267-926e-9463e171f71e,20/10/2016 12:02:31,0,246612.0
4606,4a5cf927-5e23-4267-926e-9463e171f71e,20/10/2016 11:02:31,28,246612.0
4607,4a5cf927-5e23-4267-926e-9463e171f71e,20/10/2016 10:02:31,76,246584.0
4608,4a5cf927-5e23-4267-926e-9463e171f71e,20/10/2016 09:02:31,6,246508.0
4609,4a5cf927-5e23-4267-926e-9463e171f71e,20/10/2016 08:02:31,0,246502.0
4610,4a5cf927-5e23-4267-926e-9463e171f71e,20/10/2016 07:02:31,0,246502.0
4611,4a5cf927-5e23-4267-926e-9463e171f71e,20/10/2016 06:02:31,0,246502.0
4612,4a5cf927-5e23-4267-926e-9463e171f71e,20/10/2016 05:02:31,0,246502.0
4613,4a5cf927-5e23-4267-926e-9463e171f71e,20/10/2016 04:02:31,0,246502.0
4614,4a5cf927-5e23-4267-926e-9463e171f71e,20/10/2016 03:02:32,0,246502.0
4615,4a5cf927-5e23-4267-926e-9463e171f71e,20/10/2016 02:02:32,9,246502.0
4616,4a5cf927-5e23-4267-926e-9463e171f71e,20/10/2016 01:02:32,0,246493.0
4617,4a5cf927-5e23-4267-926e-9463e171f71e,20/10/2016 00:02:32,0,246493.0
4618,4a5cf927-5e23-4267-926e-9463e171f71e,19/10/2016 23:02:38,0,246493.0
4619,4a5cf927-5e23-4267-926e-9463e171f71e,19/10/2016 22:02:38,0,246493.0
4620,4a5cf927-5e23-4267-926e-9463e171f71e,19/10/2016 21:02:38,0,246493.0
4621,4a5cf927-5e23-4267-926e-9463e171f71e,19/10/2016 20:02:38,0,246493.0
4622,4a5cf927-5e23-4267-926e-9463e171f71e,19/10/2016 19:02:37,6,246493.0
4623,4a5cf927-5e23-4267-926e-9463e171f71e,19/10/2016 18:02:37,8,246487.0
4624,4a5cf927-5e23-4267-926e-9463e171f71e,19/10/2016 17:02:37,0,246479.0
4625,4a5cf927-5e23-4267-926e-9463e171f71e,19/10/2016 16:02:37,21,246479.0
4626,4a5cf927-5e23-4267-926e-9463e171f71e,19/10/2016 15:02:32,7,246458.0
4627,4a5cf927-5e23-4267-926e-9463e171f71e,19/10/2016 14:02:32,11,246451.0
4628,4a5cf927-5e23-4267-926e-9463e171f71e,19/10/2016 13:02:32,30,246440.0
4629,4a5cf927-5e23-4267-926e-9463e171f71e,19/10/2016 12:02:32,0,246410.0
4630,4a5cf927-5e23-4267-926e-9463e171f71e,19/10/2016 11:05:00,83,246410.0
4631,4a5cf927-5e23-4267-926e-9463e171f71e,19/10/2016 10:05:00,13,246327.0
4632,4a5cf927-5e23-4267-926e-9463e171f71e,19/10/2016 09:05:00,69,246314.0
4633,4a5cf927-5e23-4267-926e-9463e171f71e,19/10/2016 08:05:00,0,246245.0
4634,4a5cf927-5e23-4267-926e-9463e171f71e,19/10/2016 07:02:34,0,246245.0
4635,4a5cf927-5e23-4267-926e-9463e171f71e,19/10/2016 06:02:34,0,246245.0
4636,4a5cf927-5e23-4267-926e-9463e171f71e,19/10/2016 05:02:34,0,246245.0
4637,4a5cf927-5e23-4267-926e-9463e171f71e,19/10/2016 04:02:34,0,246245.0
4638,4a5cf927-5e23-4267-926e-9463e171f71e,19/10/2016 03:02:35,0,246245.0
4639,4a5cf927-5e23-4267-926e-9463e171f71e,19/10/2016 02:02:35,0,246245.0
4640,4a5cf927-5e23-4267-926e-9463e171f71e,19/10/2016 01:02:35,3,246245.0
4641,4a5cf927-5e23-4267-926e-9463e171f71e,19/10/2016 00:02:35,5,246242.0
4642,4a5cf927-5e23-4267-926e-9463e171f71e,18/10/2016 23:02:59,4,246237.0
4643,4a5cf927-5e23-4267-926e-9463e171f71e,18/10/2016 22:02:59,4,246233.0
4644,4a5cf927-5e23-4267-926e-9463e171f71e,18/10/2016 21:02:59,6,246229.0
4645,4a5cf927-5e23-4267-926e-9463e171f71e,18/10/2016 20:02:59,4,246223.0
4646,4a5cf927-5e23-4267-926e-9463e171f71e,18/10/2016 19:08:50,5,246219.0
4647,4a5cf927-5e23-4267-926e-9463e171f71e,18/10/2016 18:08:50,5,246214.0
4648,4a5cf927-5e23-4267-926e-9463e171f71e,18/10/2016 17:08:50,0,246209.0
4649,4a5cf927-5e23-4267-926e-9463e171f71e,18/10/2016 16:08:50,14,246209.0
4650,4a5cf927-5e23-4267-926e-9463e171f71e,18/10/2016 15:03:46,0,246195.0
4651,4a5cf927-5e23-4267-926e-9463e171f71e,18/10/2016 14:03:46,0,246195.0
4652,4a5cf927-5e23-4267-926e-9463e171f71e,18/10/2016 13:03:46,4,246195.0
4653,4a5cf927-5e23-4267-926e-9463e171f71e,18/10/2016 12:03:46,19,246191.0
4654,4a5cf927-5e23-4267-926e-9463e171f71e,18/10/2016 11:02:36,81,246172.0
4655,4a5cf927-5e23-4267-926e-9463e171f71e,18/10/2016 10:02:36,24,246091.0
4656,4a5cf927-5e23-4267-926e-9463e171f71e,18/10/2016 09:02:36,0,246067.0
4657,4a5cf927-5e23-4267-926e-9463e171f71e,18/10/2016 08:02:36,0,246067.0
4658,4a5cf927-5e23-4267-926e-9463e171f71e,18/10/2016 07:03:04,0,246067.0
4659,4a5cf927-5e23-4267-926e-9463e171f71e,18/10/2016 06:03:04,0,246067.0
4660,4a5cf927-5e23-4267-926e-9463e171f71e,18/10/2016 05:03:04,0,246067.0
4661,4a5cf927-5e23-4267-926e-9463e171f71e,18/10/2016 04:03:04,19,246067.0
4662,4a5cf927-5e23-4267-926e-9463e171f71e,17/10/2016 23:03:11,2,246048.0
4663,4a5cf927-5e23-4267-926e-9463e171f71e,17/10/2016 22:03:11,11,246046.0
4664,4a5cf927-5e23-4267-926e-9463e171f71e,17/10/2016 21:03:11,0,246035.0
4665,4a5cf927-5e23-4267-926e-9463e171f71e,17/10/2016 20:03:11,10,246035.0
4666,4a5cf927-5e23-4267-926e-9463e171f71e,17/10/2016 19:04:16,11,246025.0
4667,4a5cf927-5e23-4267-926e-9463e171f71e,17/10/2016 18:04:16,4,246014.0
4668,4a5cf927-5e23-4267-926e-9463e171f71e,17/10/2016 17:04:16,13,246010.0
4669,4a5cf927-5e23-4267-926e-9463e171f71e,17/10/2016 16:04:16,11,245997.0
4670,4a5cf927-5e23-4267-926e-9463e171f71e,17/10/2016 15:02:38,7,245986.0
4671,4a5cf927-5e23-4267-926e-9463e171f71e,17/10/2016 14:02:38,93,245979.0
4672,4a5cf927-5e23-4267-926e-9463e171f71e,17/10/2016 13:02:38,10,245886.0
4673,4a5cf927-5e23-4267-926e-9463e171f71e,17/10/2016 12:02:38,15,245876.0
4674,4a5cf927-5e23-4267-926e-9463e171f71e,17/10/2016 11:02:39,66,245861.0
4675,4a5cf927-5e23-4267-926e-9463e171f71e,17/10/2016 10:02:39,20,245795.0
4676,4a5cf927-5e23-4267-926e-9463e171f71e,17/10/2016 09:02:39,0,245775.0
4677,4a5cf927-5e23-4267-926e-9463e171f71e,17/10/2016 08:02:39,0,245775.0
4678,4a5cf927-5e23-4267-926e-9463e171f71e,17/10/2016 07:02:39,0,245775.0
4679,4a5cf927-5e23-4267-926e-9463e171f71e,17/10/2016 06:02:39,0,245775.0
4680,4a5cf927-5e23-4267-926e-9463e171f71e,17/10/2016 05:02:39,0,245775.0
4681,4a5cf927-5e23-4267-926e-9463e171f71e,17/10/2016 04:02:39,0,245775.0
4682,4a5cf927-5e23-4267-926e-9463e171f71e,17/10/2016 03:02:41,11,245775.0
4683,4a5cf927-5e23-4267-926e-9463e171f71e,17/10/2016 02:02:41,0,245764.0
4684,4a5cf927-5e23-4267-926e-9463e171f71e,17/10/2016 01:02:41,0,245764.0
4685,4a5cf927-5e23-4267-926e-9463e171f71e,17/10/2016 00:02:41,0,245764.0
4686,4a5cf927-5e23-4267-926e-9463e171f71e,16/10/2016 23:02:38,0,245764.0
4687,4a5cf927-5e23-4267-926e-9463e171f71e,16/10/2016 22:02:38,1,245764.0
4688,4a5cf927-5e23-4267-926e-9463e171f71e,16/10/2016 21:02:38,0,245763.0
4689,4a5cf927-5e23-4267-926e-9463e171f71e,16/10/2016 20:02:38,0,245763.0
4690,4a5cf927-5e23-4267-926e-9463e171f71e,16/10/2016 19:02:41,0,245763.0
4691,4a5cf927-5e23-4267-926e-9463e171f71e,16/10/2016 18:02:41,16,245763.0
4692,4a5cf927-5e23-4267-926e-9463e171f71e,16/10/2016 17:02:41,48,245747.0
4693,4a5cf927-5e23-4267-926e-9463e171f71e,16/10/2016 16:02:41,53,245699.0
4694,4a5cf927-5e23-4267-926e-9463e171f71e,16/10/2016 15:02:39,40,245646.0
4695,4a5cf927-5e23-4267-926e-9463e171f71e,16/10/2016 14:02:39,0,245606.0
4696,4a5cf927-5e23-4267-926e-9463e171f71e,16/10/2016 13:02:39,1,245606.0
4697,4a5cf927-5e23-4267-926e-9463e171f71e,16/10/2016 12:02:39,5,245605.0
4698,4a5cf927-5e23-4267-926e-9463e171f71e,16/10/2016 11:02:43,14,245600.0
4699,4a5cf927-5e23-4267-926e-9463e171f71e,16/10/2016 10:02:43,4,245586.0
4700,4a5cf927-5e23-4267-926e-9463e171f71e,16/10/2016 09:02:43,17,245582.0
4701,4a5cf927-5e23-4267-926e-9463e171f71e,16/10/2016 08:02:43,0,245565.0
4702,4a5cf927-5e23-4267-926e-9463e171f71e,16/10/2016 07:07:59,0,245565.0
4703,4a5cf927-5e23-4267-926e-9463e171f71e,16/10/2016 06:07:59,1,245565.0
4704,4a5cf927-5e23-4267-926e-9463e171f71e,16/10/2016 05:07:59,0,245564.0
4705,4a5cf927-5e23-4267-926e-9463e171f71e,16/10/2016 04:07:59,0,245564.0
4706,4a5cf927-5e23-4267-926e-9463e171f71e,16/10/2016 03:02:44,0,245564.0
4707,4a5cf927-5e23-4267-926e-9463e171f71e,16/10/2016 02:02:44,0,245564.0
4708,4a5cf927-5e23-4267-926e-9463e171f71e,16/10/2016 01:02:44,10,245564.0
4709,4a5cf927-5e23-4267-926e-9463e171f71e,16/10/2016 00:02:44,0,245554.0
4710,4a5cf927-5e23-4267-926e-9463e171f71e,15/10/2016 23:02:41,0,245554.0
4711,4a5cf927-5e23-4267-926e-9463e171f71e,15/10/2016 22:02:41,0,245554.0
4712,4a5cf927-5e23-4267-926e-9463e171f71e,15/10/2016 21:02:41,0,245554.0
4713,4a5cf927-5e23-4267-926e-9463e171f71e,15/10/2016 20:02:41,17,245554.0
4714,4a5cf927-5e23-4267-926e-9463e171f71e,15/10/2016 19:02:44,0,245537.0
4715,4a5cf927-5e23-4267-926e-9463e171f71e,15/10/2016 18:02:44,6,245537.0
4716,4a5cf927-5e23-4267-926e-9463e171f71e,15/10/2016 17:02:44,0,245531.0
4717,4a5cf927-5e23-4267-926e-9463e171f71e,15/10/2016 16:02:44,4,245531.0
4718,4a5cf927-5e23-4267-926e-9463e171f71e,15/10/2016 15:02:42,10,245527.0
4719,4a5cf927-5e23-4267-926e-9463e171f71e,15/10/2016 14:02:42,0,245517.0
4720,4a5cf927-5e23-4267-926e-9463e171f71e,15/10/2016 13:02:42,1,245517.0
4721,4a5cf927-5e23-4267-926e-9463e171f71e,15/10/2016 12:02:42,62,245516.0
4722,4a5cf927-5e23-4267-926e-9463e171f71e,15/10/2016 11:02:43,43,245454.0
4723,4a5cf927-5e23-4267-926e-9463e171f71e,15/10/2016 10:02:43,11,245411.0
4724,4a5cf927-5e23-4267-926e-9463e171f71e,15/10/2016 09:02:43,0,245400.0
4725,4a5cf927-5e23-4267-926e-9463e171f71e,15/10/2016 08:02:43,0,245400.0
4726,4a5cf927-5e23-4267-926e-9463e171f71e,15/10/2016 07:02:43,0,245400.0
4727,4a5cf927-5e23-4267-926e-9463e171f71e,15/10/2016 06:02:43,0,245400.0
4728,4a5cf927-5e23-4267-926e-9463e171f71e,15/10/2016 05:02:43,0,245400.0
4729,4a5cf927-5e23-4267-926e-9463e171f71e,15/10/2016 04:02:43,0,245400.0
4730,4a5cf927-5e23-4267-926e-9463e171f71e,15/10/2016 03:02:46,0,245400.0
4731,4a5cf927-5e23-4267-926e-9463e171f71e,15/10/2016 02:02:46,0,245400.0
4732,4a5cf927-5e23-4267-926e-9463e171f71e,15/10/2016 01:02:46,5,245400.0
4733,4a5cf927-5e23-4267-926e-9463e171f71e,15/10/2016 00:02:46,2,245395.0
4734,4a5cf927-5e23-4267-926e-9463e171f71e,14/10/2016 23:02:43,5,245393.0
4735,4a5cf927-5e23-4267-926e-9463e171f71e,14/10/2016 22:02:43,12,245388.0
4736,4a5cf927-5e23-4267-926e-9463e171f71e,14/10/2016 21:02:43,5,245376.0
4737,4a5cf927-5e23-4267-926e-9463e171f71e,14/10/2016 20:02:43,0,245371.0
4738,4a5cf927-5e23-4267-926e-9463e171f71e,14/10/2016 19:03:33,0,245371.0
4739,4a5cf927-5e23-4267-926e-9463e171f71e,14/10/2016 18:03:33,15,245371.0
4740,4a5cf927-5e23-4267-926e-9463e171f71e,14/10/2016 17:03:33,37,245356.0
4741,4a5cf927-5e23-4267-926e-9463e171f71e,14/10/2016 16:03:33,12,245319.0
4742,4a5cf927-5e23-4267-926e-9463e171f71e,14/10/2016 15:02:45,7,245307.0
4743,4a5cf927-5e23-4267-926e-9463e171f71e,14/10/2016 14:02:45,62,245300.0
4744,4a5cf927-5e23-4267-926e-9463e171f71e,14/10/2016 13:02:45,0,245238.0
4745,4a5cf927-5e23-4267-926e-9463e171f71e,14/10/2016 12:02:45,20,245238.0
4746,4a5cf927-5e23-4267-926e-9463e171f71e,14/10/2016 11:02:47,34,245218.0
4747,4a5cf927-5e23-4267-926e-9463e171f71e,14/10/2016 10:02:47,35,245184.0
4748,4a5cf927-5e23-4267-926e-9463e171f71e,14/10/2016 09:02:47,1,245149.0
4749,4a5cf927-5e23-4267-926e-9463e171f71e,14/10/2016 08:02:47,0,245148.0
4750,4a5cf927-5e23-4267-926e-9463e171f71e,14/10/2016 07:02:44,0,245148.0
4751,4a5cf927-5e23-4267-926e-9463e171f71e,14/10/2016 06:02:44,0,245148.0
4752,4a5cf927-5e23-4267-926e-9463e171f71e,14/10/2016 05:02:44,0,245148.0
4753,4a5cf927-5e23-4267-926e-9463e171f71e,14/10/2016 04:02:44,0,245148.0
4754,4a5cf927-5e23-4267-926e-9463e171f71e,14/10/2016 03:02:47,0,245148.0
4755,4a5cf927-5e23-4267-926e-9463e171f71e,14/10/2016 02:02:47,0,245148.0
4756,4a5cf927-5e23-4267-926e-9463e171f71e,14/10/2016 01:02:47,0,245148.0
4757,4a5cf927-5e23-4267-926e-9463e171f71e,14/10/2016 00:02:47,3,245148.0
4758,4a5cf927-5e23-4267-926e-9463e171f71e,13/10/2016 23:02:46,10,245145.0
4759,4a5cf927-5e23-4267-926e-9463e171f71e,13/10/2016 22:02:46,1,245135.0
4760,4a5cf927-5e23-4267-926e-9463e171f71e,13/10/2016 21:02:46,6,245134.0
4761,4a5cf927-5e23-4267-926e-9463e171f71e,13/10/2016 20:02:46,10,245128.0
4762,4a5cf927-5e23-4267-926e-9463e171f71e,13/10/2016 19:05:11,0,245118.0
4763,4a5cf927-5e23-4267-926e-9463e171f71e,13/10/2016 18:05:11,0,245118.0
4764,4a5cf927-5e23-4267-926e-9463e171f71e,13/10/2016 17:05:11,8,245118.0
4765,4a5cf927-5e23-4267-926e-9463e171f71e,13/10/2016 16:05:11,5,245110.0
4766,4a5cf927-5e23-4267-926e-9463e171f71e,13/10/2016 15:03:58,15,245105.0
4767,4a5cf927-5e23-4267-926e-9463e171f71e,13/10/2016 14:03:58,0,245090.0
4768,4a5cf927-5e23-4267-926e-9463e171f71e,13/10/2016 13:03:58,0,245090.0
4769,4a5cf927-5e23-4267-926e-9463e171f71e,13/10/2016 12:03:58,0,245090.0
4770,4a5cf927-5e23-4267-926e-9463e171f71e,13/10/2016 11:02:49,20,245090.0
4771,4a5cf927-5e23-4267-926e-9463e171f71e,13/10/2016 10:02:49,121,245070.0
4772,4a5cf927-5e23-4267-926e-9463e171f71e,13/10/2016 09:02:49,10,244949.0
4773,4a5cf927-5e23-4267-926e-9463e171f71e,13/10/2016 08:02:49,41,244939.0
4774,4a5cf927-5e23-4267-926e-9463e171f71e,12/10/2016 23:02,0,244898.0
4775,4a5cf927-5e23-4267-926e-9463e171f71e,12/10/2016 22:02,12,244898.0
4776,4a5cf927-5e23-4267-926e-9463e171f71e,12/10/2016 21:02,7,244886.0
4777,4a5cf927-5e23-4267-926e-9463e171f71e,12/10/2016 20:02,15,244879.0
4778,4a5cf927-5e23-4267-926e-9463e171f71e,12/10/2016 19:02,0,244864.0
4779,4a5cf927-5e23-4267-926e-9463e171f71e,12/10/2016 18:02,1,244864.0
4780,4a5cf927-5e23-4267-926e-9463e171f71e,12/10/2016 17:02,0,244863.0
4781,4a5cf927-5e23-4267-926e-9463e171f71e,12/10/2016 16:02,0,244863.0
4782,4a5cf927-5e23-4267-926e-9463e171f71e,12/10/2016 15:02,0,244863.0
4783,4a5cf927-5e23-4267-926e-9463e171f71e,12/10/2016 14:02,0,244863.0
4784,4a5cf927-5e23-4267-926e-9463e171f71e,12/10/2016 13:02,17,244863.0
4785,4a5cf927-5e23-4267-926e-9463e171f71e,12/10/2016 12:02,70,244846.0
4786,4a5cf927-5e23-4267-926e-9463e171f71e,12/10/2016 11:02,69,244776.0
4787,4a5cf927-5e23-4267-926e-9463e171f71e,12/10/2016 10:02,16,244707.0
4788,4a5cf927-5e23-4267-926e-9463e171f71e,12/10/2016 9:02,0,244691.0
4789,4a5cf927-5e23-4267-926e-9463e171f71e,12/10/2016 8:02,0,244691.0
4790,4a5cf927-5e23-4267-926e-9463e171f71e,12/10/2016 7:02,0,244691.0
4791,4a5cf927-5e23-4267-926e-9463e171f71e,12/10/2016 6:02,0,244691.0
4792,4a5cf927-5e23-4267-926e-9463e171f71e,12/10/2016 5:02,0,244691.0
4793,4a5cf927-5e23-4267-926e-9463e171f71e,12/10/2016 4:02,0,244691.0
4794,4a5cf927-5e23-4267-926e-9463e171f71e,12/10/2016 3:02,0,244691.0
4795,4a5cf927-5e23-4267-926e-9463e171f71e,12/10/2016 2:02,0,244691.0
4796,4a5cf927-5e23-4267-926e-9463e171f71e,12/10/2016 1:02,1,244691.0
4797,4a5cf927-5e23-4267-926e-9463e171f71e,12/10/2016 0:02,4,244690.0
4798,4a5cf927-5e23-4267-926e-9463e171f71e,11/10/2016 23:02,34,244686.0
4799,4a5cf927-5e23-4267-926e-9463e171f71e,11/10/2016 22:02,33,244652.0
4800,4a5cf927-5e23-4267-926e-9463e171f71e,11/10/2016 21:02,0,244619.0
4801,4a5cf927-5e23-4267-926e-9463e171f71e,11/10/2016 20:02,33,244619.0
4802,4a5cf927-5e23-4267-926e-9463e171f71e,11/10/2016 15:03,0,244586.0
4803,4a5cf927-5e23-4267-926e-9463e171f71e,11/10/2016 14:03,0,244586.0
4804,4a5cf927-5e23-4267-926e-9463e171f71e,11/10/2016 13:03,0,244586.0
4805,4a5cf927-5e23-4267-926e-9463e171f71e,11/10/2016 12:03,0,244586.0
4806,4a5cf927-5e23-4267-926e-9463e171f71e,11/10/2016 11:02,0,244586.0
4807,4a5cf927-5e23-4267-926e-9463e171f71e,11/10/2016 10:02,1,244586.0
4808,4a5cf927-5e23-4267-926e-9463e171f71e,11/10/2016 9:02,0,244585.0
4809,4a5cf927-5e23-4267-926e-9463e171f71e,11/10/2016 8:02,0,244585.0
4810,4a5cf927-5e23-4267-926e-9463e171f71e,11/10/2016 7:02,0,244585.0
4811,4a5cf927-5e23-4267-926e-9463e171f71e,11/10/2016 6:02,0,244585.0
4812,4a5cf927-5e23-4267-926e-9463e171f71e,11/10/2016 5:02,0,244585.0
4813,4a5cf927-5e23-4267-926e-9463e171f71e,11/10/2016 4:02,0,244585.0
4814,4a5cf927-5e23-4267-926e-9463e171f71e,11/10/2016 3:02,0,244585.0
4815,4a5cf927-5e23-4267-926e-9463e171f71e,11/10/2016 2:02,0,244585.0
4816,4a5cf927-5e23-4267-926e-9463e171f71e,11/10/2016 1:02,0,244585.0
4817,4a5cf927-5e23-4267-926e-9463e171f71e,11/10/2016 0:02,0,244585.0
4818,4a5cf927-5e23-4267-926e-9463e171f71e,10/10/2016 23:02,0,244585.0
4819,4a5cf927-5e23-4267-926e-9463e171f71e,10/10/2016 22:02,0,244585.0
4820,4a5cf927-5e23-4267-926e-9463e171f71e,10/10/2016 21:02,0,244585.0
4821,4a5cf927-5e23-4267-926e-9463e171f71e,10/10/2016 20:02,0,244585.0
4822,4a5cf927-5e23-4267-926e-9463e171f71e,10/10/2016 19:02,0,244585.0
4823,4a5cf927-5e23-4267-926e-9463e171f71e,10/10/2016 18:02,0,244585.0
4824,4a5cf927-5e23-4267-926e-9463e171f71e,10/10/2016 17:02,0,244585.0
4825,4a5cf927-5e23-4267-926e-9463e171f71e,10/10/2016 16:02,1,244585.0
4826,4a5cf927-5e23-4267-926e-9463e171f71e,10/10/2016 15:02,0,244584.0
4827,4a5cf927-5e23-4267-926e-9463e171f71e,10/10/2016 14:02,0,244584.0
4828,4a5cf927-5e23-4267-926e-9463e171f71e,10/10/2016 13:02,0,244584.0
4829,4a5cf927-5e23-4267-926e-9463e171f71e,10/10/2016 12:02,4,244584.0
4830,4a5cf927-5e23-4267-926e-9463e171f71e,10/10/2016 11:02,0,244580.0
4831,4a5cf927-5e23-4267-926e-9463e171f71e,10/10/2016 10:02,0,244580.0
4832,4a5cf927-5e23-4267-926e-9463e171f71e,10/10/2016 9:02,0,244580.0
4833,4a5cf927-5e23-4267-926e-9463e171f71e,10/10/2016 8:02,0,244580.0
4834,4a5cf927-5e23-4267-926e-9463e171f71e,10/10/2016 7:02,0,244580.0
4835,4a5cf927-5e23-4267-926e-9463e171f71e,10/10/2016 6:02,0,244580.0
4836,4a5cf927-5e23-4267-926e-9463e171f71e,10/10/2016 5:02,0,244580.0
4837,4a5cf927-5e23-4267-926e-9463e171f71e,10/10/2016 4:02,0,244580.0
4838,4a5cf927-5e23-4267-926e-9463e171f71e,10/10/2016 3:02,0,244580.0
4839,4a5cf927-5e23-4267-926e-9463e171f71e,10/10/2016 2:02,0,244580.0
4840,4a5cf927-5e23-4267-926e-9463e171f71e,10/10/2016 1:02,0,244580.0
4841,4a5cf927-5e23-4267-926e-9463e171f71e,10/10/2016 0:02,1,244580.0
4842,4a5cf927-5e23-4267-926e-9463e171f71e,9/10/2016 19:02,0,244579.0
4843,4a5cf927-5e23-4267-926e-9463e171f71e,9/10/2016 18:02,0,244579.0
4844,4a5cf927-5e23-4267-926e-9463e171f71e,9/10/2016 17:02,0,244579.0
4845,4a5cf927-5e23-4267-926e-9463e171f71e,9/10/2016 16:02,0,244579.0
4846,4a5cf927-5e23-4267-926e-9463e171f71e,9/10/2016 15:02,0,244579.0
4847,4a5cf927-5e23-4267-926e-9463e171f71e,9/10/2016 14:02,0,244579.0
4848,4a5cf927-5e23-4267-926e-9463e171f71e,9/10/2016 13:02,0,244579.0
4849,4a5cf927-5e23-4267-926e-9463e171f71e,9/10/2016 12:02,0,244579.0
4850,4a5cf927-5e23-4267-926e-9463e171f71e,9/10/2016 11:03,0,244579.0
4851,4a5cf927-5e23-4267-926e-9463e171f71e,9/10/2016 10:03,1,244579.0
4852,4a5cf927-5e23-4267-926e-9463e171f71e,9/10/2016 9:03,0,244578.0
4853,4a5cf927-5e23-4267-926e-9463e171f71e,9/10/2016 8:03,0,244578.0
4854,4a5cf927-5e23-4267-926e-9463e171f71e,9/10/2016 7:02,0,244578.0
4855,4a5cf927-5e23-4267-926e-9463e171f71e,9/10/2016 6:02,0,244578.0
4856,4a5cf927-5e23-4267-926e-9463e171f71e,9/10/2016 5:02,0,244578.0
4857,4a5cf927-5e23-4267-926e-9463e171f71e,9/10/2016 4:02,0,244578.0
4858,4a5cf927-5e23-4267-926e-9463e171f71e,8/10/2016 23:03,0,244578.0
4859,4a5cf927-5e23-4267-926e-9463e171f71e,8/10/2016 22:03,0,244578.0
4860,4a5cf927-5e23-4267-926e-9463e171f71e,8/10/2016 21:03,0,244578.0
4861,4a5cf927-5e23-4267-926e-9463e171f71e,8/10/2016 20:03,0,244578.0
4862,4a5cf927-5e23-4267-926e-9463e171f71e,8/10/2016 19:02,0,244578.0
4863,4a5cf927-5e23-4267-926e-9463e171f71e,8/10/2016 18:02,0,244578.0
4864,4a5cf927-5e23-4267-926e-9463e171f71e,8/10/2016 17:02,0,244578.0
4865,4a5cf927-5e23-4267-926e-9463e171f71e,8/10/2016 16:02,0,244578.0
4866,4a5cf927-5e23-4267-926e-9463e171f71e,8/10/2016 15:03,1,244578.0
4867,4a5cf927-5e23-4267-926e-9463e171f71e,8/10/2016 14:03,0,244577.0
4868,4a5cf927-5e23-4267-926e-9463e171f71e,8/10/2016 13:03,0,244577.0
4869,4a5cf927-5e23-4267-926e-9463e171f71e,8/10/2016 12:03,0,244577.0
4870,4a5cf927-5e23-4267-926e-9463e171f71e,8/10/2016 7:03,0,244577.0
4871,4a5cf927-5e23-4267-926e-9463e171f71e,8/10/2016 6:03,0,244577.0
4872,4a5cf927-5e23-4267-926e-9463e171f71e,8/10/2016 5:03,0,244577.0
4873,4a5cf927-5e23-4267-926e-9463e171f71e,8/10/2016 4:03,0,244577.0
4874,4a5cf927-5e23-4267-926e-9463e171f71e,7/10/2016 23:03,1,244577.0
4875,4a5cf927-5e23-4267-926e-9463e171f71e,7/10/2016 22:03,0,244576.0
4876,4a5cf927-5e23-4267-926e-9463e171f71e,7/10/2016 21:03,0,244576.0
4877,4a5cf927-5e23-4267-926e-9463e171f71e,7/10/2016 20:03,0,244576.0
4878,4a5cf927-5e23-4267-926e-9463e171f71e,7/10/2016 19:03,0,244576.0
4879,4a5cf927-5e23-4267-926e-9463e171f71e,7/10/2016 18:03,0,244576.0
4880,4a5cf927-5e23-4267-926e-9463e171f71e,7/10/2016 17:03,0,244576.0
4881,4a5cf927-5e23-4267-926e-9463e171f71e,7/10/2016 16:03,0,244576.0
4882,4a5cf927-5e23-4267-926e-9463e171f71e,7/10/2016 15:03,0,244576.0
4883,4a5cf927-5e23-4267-926e-9463e171f71e,7/10/2016 14:03,0,244576.0
4884,4a5cf927-5e23-4267-926e-9463e171f71e,7/10/2016 13:03,0,244576.0
4885,4a5cf927-5e23-4267-926e-9463e171f71e,7/10/2016 12:03,0,244576.0
4886,4a5cf927-5e23-4267-926e-9463e171f71e,7/10/2016 11:03,0,244576.0
4887,4a5cf927-5e23-4267-926e-9463e171f71e,7/10/2016 10:03,0,244576.0
4888,4a5cf927-5e23-4267-926e-9463e171f71e,7/10/2016 9:03,1,244576.0
4889,4a5cf927-5e23-4267-926e-9463e171f71e,7/10/2016 8:03,0,244575.0
4890,4a5cf927-5e23-4267-926e-9463e171f71e,7/10/2016 7:03,0,244575.0
4891,4a5cf927-5e23-4267-926e-9463e171f71e,7/10/2016 6:03,0,244575.0
4892,4a5cf927-5e23-4267-926e-9463e171f71e,7/10/2016 5:03,0,244575.0
4893,4a5cf927-5e23-4267-926e-9463e171f71e,7/10/2016 4:03,0,244575.0
4894,4a5cf927-5e23-4267-926e-9463e171f71e,7/10/2016 3:03,0,244575.0
4895,4a5cf927-5e23-4267-926e-9463e171f71e,7/10/2016 2:03,0,244575.0
4896,4a5cf927-5e23-4267-926e-9463e171f71e,7/10/2016 1:03,0,244575.0
4897,4a5cf927-5e23-4267-926e-9463e171f71e,7/10/2016 0:03,0,244575.0
4898,4a5cf927-5e23-4267-926e-9463e171f71e,6/10/2016 23:03,0,244575.0
4899,4a5cf927-5e23-4267-926e-9463e171f71e,6/10/2016 22:03,0,244575.0
4900,4a5cf927-5e23-4267-926e-9463e171f71e,6/10/2016 21:03,0,244575.0
4901,4a5cf927-5e23-4267-926e-9463e171f71e,6/10/2016 20:03,0,244575.0
4902,4a5cf927-5e23-4267-926e-9463e171f71e,6/10/2016 19:03,0,244575.0
4903,4a5cf927-5e23-4267-926e-9463e171f71e,6/10/2016 18:03,0,244575.0
4904,4a5cf927-5e23-4267-926e-9463e171f71e,6/10/2016 17:03,0,244575.0
4905,4a5cf927-5e23-4267-926e-9463e171f71e,6/10/2016 16:03,0,244575.0
4906,4a5cf927-5e23-4267-926e-9463e171f71e,6/10/2016 15:03,0,244575.0
4907,4a5cf927-5e23-4267-926e-9463e171f71e,6/10/2016 14:03,0,244575.0
4908,4a5cf927-5e23-4267-926e-9463e171f71e,6/10/2016 13:03,7,244575.0
4909,4a5cf927-5e23-4267-926e-9463e171f71e,6/10/2016 12:03,0,244568.0
4910,4a5cf927-5e23-4267-926e-9463e171f71e,6/10/2016 11:03,0,244568.0
4911,4a5cf927-5e23-4267-926e-9463e171f71e,6/10/2016 10:03,0,244568.0
4912,4a5cf927-5e23-4267-926e-9463e171f71e,6/10/2016 9:03,0,244568.0
4913,4a5cf927-5e23-4267-926e-9463e171f71e,6/10/2016 8:03,0,244568.0
4914,4a5cf927-5e23-4267-926e-9463e171f71e,6/10/2016 7:03,0,244568.0
4915,4a5cf927-5e23-4267-926e-9463e171f71e,6/10/2016 6:03,0,244568.0
4916,4a5cf927-5e23-4267-926e-9463e171f71e,6/10/2016 5:03,0,244568.0
4917,4a5cf927-5e23-4267-926e-9463e171f71e,6/10/2016 4:03,0,244568.0
4918,4a5cf927-5e23-4267-926e-9463e171f71e,6/10/2016 3:03,1,244568.0
4919,4a5cf927-5e23-4267-926e-9463e171f71e,6/10/2016 2:03,0,244567.0
4920,4a5cf927-5e23-4267-926e-9463e171f71e,6/10/2016 1:03,0,244567.0
4921,4a5cf927-5e23-4267-926e-9463e171f71e,6/10/2016 0:03,0,244567.0
4922,4a5cf927-5e23-4267-926e-9463e171f71e,5/10/2016 19:03,0,244567.0
4923,4a5cf927-5e23-4267-926e-9463e171f71e,5/10/2016 18:03,0,244567.0
4924,4a5cf927-5e23-4267-926e-9463e171f71e,5/10/2016 17:03,0,244567.0
4925,4a5cf927-5e23-4267-926e-9463e171f71e,5/10/2016 16:03,0,244567.0
4926,4a5cf927-5e23-4267-926e-9463e171f71e,5/10/2016 15:03,0,244567.0
4927,4a5cf927-5e23-4267-926e-9463e171f71e,5/10/2016 14:03,3,244567.0
4928,4a5cf927-5e23-4267-926e-9463e171f71e,5/10/2016 13:03,34,244564.0
4929,4a5cf927-5e23-4267-926e-9463e171f71e,5/10/2016 12:03,0,244530.0
4930,4a5cf927-5e23-4267-926e-9463e171f71e,5/10/2016 11:04,0,244530.0
4931,4a5cf927-5e23-4267-926e-9463e171f71e,5/10/2016 10:04,0,244530.0
4932,4a5cf927-5e23-4267-926e-9463e171f71e,5/10/2016 9:04,0,244530.0
4933,4a5cf927-5e23-4267-926e-9463e171f71e,5/10/2016 8:04,0,244530.0
4934,4a5cf927-5e23-4267-926e-9463e171f71e,5/10/2016 7:03,0,244530.0
4935,4a5cf927-5e23-4267-926e-9463e171f71e,5/10/2016 6:03,0,244530.0
4936,4a5cf927-5e23-4267-926e-9463e171f71e,5/10/2016 5:03,0,244530.0
4937,4a5cf927-5e23-4267-926e-9463e171f71e,5/10/2016 4:03,0,244530.0
4938,4a5cf927-5e23-4267-926e-9463e171f71e,5/10/2016 3:03,0,244530.0
4939,4a5cf927-5e23-4267-926e-9463e171f71e,5/10/2016 2:03,0,244530.0
4940,4a5cf927-5e23-4267-926e-9463e171f71e,5/10/2016 1:03,0,244530.0
4941,4a5cf927-5e23-4267-926e-9463e171f71e,5/10/2016 0:03,1,244530.0
4942,4a5cf927-5e23-4267-926e-9463e171f71e,4/10/2016 23:03,0,244529.0
4943,4a5cf927-5e23-4267-926e-9463e171f71e,4/10/2016 22:03,0,244529.0
4944,4a5cf927-5e23-4267-926e-9463e171f71e,4/10/2016 21:03,0,244529.0
4945,4a5cf927-5e23-4267-926e-9463e171f71e,4/10/2016 20:03,0,244529.0
4946,4a5cf927-5e23-4267-926e-9463e171f71e,4/10/2016 19:03,0,244529.0
4947,4a5cf927-5e23-4267-926e-9463e171f71e,4/10/2016 18:03,0,244529.0
4948,4a5cf927-5e23-4267-926e-9463e171f71e,4/10/2016 17:03,0,244529.0
4949,4a5cf927-5e23-4267-926e-9463e171f71e,4/10/2016 16:03,0,244529.0
4950,4a5cf927-5e23-4267-926e-9463e171f71e,4/10/2016 15:03,0,244529.0
4951,4a5cf927-5e23-4267-926e-9463e171f71e,4/10/2016 14:03,0,244529.0
4952,4a5cf927-5e23-4267-926e-9463e171f71e,4/10/2016 13:03,11,244529.0
4953,4a5cf927-5e23-4267-926e-9463e171f71e,4/10/2016 12:03,0,244518.0
4954,4a5cf927-5e23-4267-926e-9463e171f71e,4/10/2016 11:03,0,244518.0
4955,4a5cf927-5e23-4267-926e-9463e171f71e,4/10/2016 10:03,0,244518.0
4956,4a5cf927-5e23-4267-926e-9463e171f71e,4/10/2016 9:03,0,244518.0
4957,4a5cf927-5e23-4267-926e-9463e171f71e,4/10/2016 8:03,0,244518.0
4958,4a5cf927-5e23-4267-926e-9463e171f71e,4/10/2016 7:03,0,244518.0
4959,4a5cf927-5e23-4267-926e-9463e171f71e,4/10/2016 6:03,0,244518.0
4960,4a5cf927-5e23-4267-926e-9463e171f71e,4/10/2016 5:03,0,244518.0
4961,4a5cf927-5e23-4267-926e-9463e171f71e,4/10/2016 4:03,0,244518.0
4962,4a5cf927-5e23-4267-926e-9463e171f71e,3/10/2016 23:03,0,244518.0
4963,4a5cf927-5e23-4267-926e-9463e171f71e,3/10/2016 22:03,0,244518.0
4964,4a5cf927-5e23-4267-926e-9463e171f71e,3/10/2016 21:03,1,244518.0
4965,4a5cf927-5e23-4267-926e-9463e171f71e,3/10/2016 20:03,0,244517.0
4966,4a5cf927-5e23-4267-926e-9463e171f71e,3/10/2016 19:03,12,244517.0
4967,4a5cf927-5e23-4267-926e-9463e171f71e,3/10/2016 18:03,0,244505.0
4968,4a5cf927-5e23-4267-926e-9463e171f71e,3/10/2016 17:03,0,244505.0
4969,4a5cf927-5e23-4267-926e-9463e171f71e,3/10/2016 16:03,4,244505.0
4970,4a5cf927-5e23-4267-926e-9463e171f71e,3/10/2016 15:03,4,244501.0
4971,4a5cf927-5e23-4267-926e-9463e171f71e,3/10/2016 14:03,0,244497.0
4972,4a5cf927-5e23-4267-926e-9463e171f71e,3/10/2016 13:03,13,244497.0
4973,4a5cf927-5e23-4267-926e-9463e171f71e,3/10/2016 12:03,0,244484.0
4974,4a5cf927-5e23-4267-926e-9463e171f71e,3/10/2016 11:05,1,244484.0
4975,4a5cf927-5e23-4267-926e-9463e171f71e,3/10/2016 10:05,26,244483.0
4976,4a5cf927-5e23-4267-926e-9463e171f71e,3/10/2016 9:05,30,244457.0
4977,4a5cf927-5e23-4267-926e-9463e171f71e,3/10/2016 8:05,59,244427.0
4978,4a5cf927-5e23-4267-926e-9463e171f71e,3/10/2016 7:03,0,244368.0
4979,4a5cf927-5e23-4267-926e-9463e171f71e,3/10/2016 6:03,0,244368.0
4980,4a5cf927-5e23-4267-926e-9463e171f71e,3/10/2016 5:03,0,244368.0
4981,4a5cf927-5e23-4267-926e-9463e171f71e,3/10/2016 4:03,0,244368.0
4982,4a5cf927-5e23-4267-926e-9463e171f71e,3/10/2016 3:03,0,244368.0
4983,4a5cf927-5e23-4267-926e-9463e171f71e,3/10/2016 2:03,0,244368.0
4984,4a5cf927-5e23-4267-926e-9463e171f71e,3/10/2016 1:03,27,244368.0
4985,4a5cf927-5e23-4267-926e-9463e171f71e,3/10/2016 0:03,0,244341.0
4986,4a5cf927-5e23-4267-926e-9463e171f71e,2/10/2016 23:03,8,244341.0
4987,4a5cf927-5e23-4267-926e-9463e171f71e,2/10/2016 22:03,33,244333.0
4988,4a5cf927-5e23-4267-926e-9463e171f71e,2/10/2016 21:03,61,244300.0
4989,4a5cf927-5e23-4267-926e-9463e171f71e,2/10/2016 20:03,13,244239.0
4990,4a5cf927-5e23-4267-926e-9463e171f71e,2/10/2016 19:05,5,244226.0
4991,4a5cf927-5e23-4267-926e-9463e171f71e,2/10/2016 18:05,26,244221.0
4992,4a5cf927-5e23-4267-926e-9463e171f71e,2/10/2016 17:05,0,244195.0
4993,4a5cf927-5e23-4267-926e-9463e171f71e,2/10/2016 16:05,42,244195.0
4994,4a5cf927-5e23-4267-926e-9463e171f71e,2/10/2016 15:03,47,244153.0
4995,4a5cf927-5e23-4267-926e-9463e171f71e,2/10/2016 14:03,6,244106.0
4996,4a5cf927-5e23-4267-926e-9463e171f71e,2/10/2016 13:03,1,244100.0
4997,4a5cf927-5e23-4267-926e-9463e171f71e,2/10/2016 12:03,96,244099.0
4998,4a5cf927-5e23-4267-926e-9463e171f71e,2/10/2016 11:03,25,244003.0
4999,4a5cf927-5e23-4267-926e-9463e171f71e,2/10/2016 10:03,12,243978.0
5000,4a5cf927-5e23-4267-926e-9463e171f71e,2/10/2016 9:03,7,243966.0
5001,4a5cf927-5e23-4267-926e-9463e171f71e,2/10/2016 8:03,0,243959.0
5002,4a5cf927-5e23-4267-926e-9463e171f71e,2/10/2016 7:03,0,243959.0
5003,4a5cf927-5e23-4267-926e-9463e171f71e,2/10/2016 6:03,0,243959.0
5004,4a5cf927-5e23-4267-926e-9463e171f71e,2/10/2016 5:03,0,243959.0
5005,4a5cf927-5e23-4267-926e-9463e171f71e,2/10/2016 4:03,0,243959.0
5006,4a5cf927-5e23-4267-926e-9463e171f71e,2/10/2016 3:03,0,243959.0
5007,4a5cf927-5e23-4267-926e-9463e171f71e,2/10/2016 2:03,0,243959.0
5008,4a5cf927-5e23-4267-926e-9463e171f71e,2/10/2016 1:03,5,243959.0
5009,4a5cf927-5e23-4267-926e-9463e171f71e,2/10/2016 0:03,18,243954.0
5010,4a5cf927-5e23-4267-926e-9463e171f71e,1/10/2016 23:03,12,243936.0
5011,4a5cf927-5e23-4267-926e-9463e171f71e,1/10/2016 22:03,5,243924.0
5012,4a5cf927-5e23-4267-926e-9463e171f71e,1/10/2016 21:03,9,243919.0
5013,4a5cf927-5e23-4267-926e-9463e171f71e,1/10/2016 20:03,14,243910.0
5014,4a5cf927-5e23-4267-926e-9463e171f71e,1/10/2016 19:03,1,243896.0
5015,4a5cf927-5e23-4267-926e-9463e171f71e,1/10/2016 18:03,13,243895.0
5016,4a5cf927-5e23-4267-926e-9463e171f71e,1/10/2016 17:03,3,243882.0
5017,4a5cf927-5e23-4267-926e-9463e171f71e,1/10/2016 16:03,16,243879.0
5018,4a5cf927-5e23-4267-926e-9463e171f71e,1/10/2016 15:03,8,243863.0
5019,4a5cf927-5e23-4267-926e-9463e171f71e,1/10/2016 14:03,9,243855.0
5020,4a5cf927-5e23-4267-926e-9463e171f71e,1/10/2016 13:03,12,243846.0
5021,4a5cf927-5e23-4267-926e-9463e171f71e,1/10/2016 12:03,10,243834.0
5022,4a5cf927-5e23-4267-926e-9463e171f71e,1/10/2016 11:03,19,243824.0
5023,4a5cf927-5e23-4267-926e-9463e171f71e,1/10/2016 10:03,5,243805.0
5024,4a5cf927-5e23-4267-926e-9463e171f71e,1/10/2016 9:03,47,243800.0
5025,4a5cf927-5e23-4267-926e-9463e171f71e,1/10/2016 8:03,0,243753.0
5026,4a5cf927-5e23-4267-926e-9463e171f71e,1/10/2016 7:03,0,243753.0
5027,4a5cf927-5e23-4267-926e-9463e171f71e,1/10/2016 6:03,0,243753.0
5028,4a5cf927-5e23-4267-926e-9463e171f71e,1/10/2016 5:03,0,243753.0
5029,4a5cf927-5e23-4267-926e-9463e171f71e,1/10/2016 4:03,0,243753.0
5030,4a5cf927-5e23-4267-926e-9463e171f71e,1/10/2016 3:03,4,243753.0
5031,4a5cf927-5e23-4267-926e-9463e171f71e,1/10/2016 2:03,8,243749.0
5032,4a5cf927-5e23-4267-926e-9463e171f71e,1/10/2016 1:03,0,243741.0
5033,4a5cf927-5e23-4267-926e-9463e171f71e,1/10/2016 0:03,0,243741.0
5034,4a5cf927-5e23-4267-926e-9463e171f71e,30/09/2016 23:03:19,0,243741.0
5035,4a5cf927-5e23-4267-926e-9463e171f71e,30/09/2016 22:03:19,0,243741.0
5036,4a5cf927-5e23-4267-926e-9463e171f71e,30/09/2016 21:03:19,0,243741.0
5037,4a5cf927-5e23-4267-926e-9463e171f71e,30/09/2016 20:03:19,0,243741.0
5038,4a5cf927-5e23-4267-926e-9463e171f71e,30/09/2016 19:03:24,27,243741.0
5039,4a5cf927-5e23-4267-926e-9463e171f71e,30/09/2016 18:03:24,1,243714.0
5040,4a5cf927-5e23-4267-926e-9463e171f71e,30/09/2016 17:03:24,33,243713.0
5041,4a5cf927-5e23-4267-926e-9463e171f71e,30/09/2016 16:03:24,72,243680.0
5042,4a5cf927-5e23-4267-926e-9463e171f71e,30/09/2016 15:03:18,6,243608.0
5043,4a5cf927-5e23-4267-926e-9463e171f71e,30/09/2016 14:03:18,9,243602.0
5044,4a5cf927-5e23-4267-926e-9463e171f71e,30/09/2016 13:03:18,40,243593.0
5045,4a5cf927-5e23-4267-926e-9463e171f71e,30/09/2016 12:03:18,7,243553.0
5046,4a5cf927-5e23-4267-926e-9463e171f71e,30/09/2016 11:03:21,18,243546.0
5047,4a5cf927-5e23-4267-926e-9463e171f71e,30/09/2016 10:03:21,32,243528.0
5048,4a5cf927-5e23-4267-926e-9463e171f71e,30/09/2016 09:03:21,0,243496.0
5049,4a5cf927-5e23-4267-926e-9463e171f71e,30/09/2016 08:03:21,0,243496.0
5050,4a5cf927-5e23-4267-926e-9463e171f71e,30/09/2016 07:03:19,0,243496.0
5051,4a5cf927-5e23-4267-926e-9463e171f71e,30/09/2016 06:03:19,0,243496.0
5052,4a5cf927-5e23-4267-926e-9463e171f71e,30/09/2016 05:03:19,0,243496.0
5053,4a5cf927-5e23-4267-926e-9463e171f71e,30/09/2016 04:03:19,9,243496.0
5054,4a5cf927-5e23-4267-926e-9463e171f71e,30/09/2016 03:03:22,8,243487.0
5055,4a5cf927-5e23-4267-926e-9463e171f71e,30/09/2016 02:03:22,4,243479.0
5056,4a5cf927-5e23-4267-926e-9463e171f71e,30/09/2016 01:03:22,7,243475.0
5057,4a5cf927-5e23-4267-926e-9463e171f71e,30/09/2016 00:03:22,0,243468.0
5058,4a5cf927-5e23-4267-926e-9463e171f71e,29/09/2016 23:03:20,0,243468.0
5059,4a5cf927-5e23-4267-926e-9463e171f71e,29/09/2016 22:03:20,0,243468.0
5060,4a5cf927-5e23-4267-926e-9463e171f71e,29/09/2016 21:03:20,0,243468.0
5061,4a5cf927-5e23-4267-926e-9463e171f71e,29/09/2016 20:03:20,4,243468.0
5062,4a5cf927-5e23-4267-926e-9463e171f71e,29/09/2016 19:03:20,19,243464.0
5063,4a5cf927-5e23-4267-926e-9463e171f71e,29/09/2016 18:03:20,4,243445.0
5064,4a5cf927-5e23-4267-926e-9463e171f71e,29/09/2016 17:03:20,0,243441.0
5065,4a5cf927-5e23-4267-926e-9463e171f71e,29/09/2016 16:03:20,12,243441.0
5066,4a5cf927-5e23-4267-926e-9463e171f71e,29/09/2016 15:03:21,15,243429.0
5067,4a5cf927-5e23-4267-926e-9463e171f71e,29/09/2016 14:03:21,56,243414.0
5068,4a5cf927-5e23-4267-926e-9463e171f71e,29/09/2016 13:03:21,0,243358.0
5069,4a5cf927-5e23-4267-926e-9463e171f71e,29/09/2016 12:03:21,0,243358.0
5070,4a5cf927-5e23-4267-926e-9463e171f71e,29/09/2016 11:03:22,0,243358.0
5071,4a5cf927-5e23-4267-926e-9463e171f71e,29/09/2016 10:03:22,5,243358.0
5072,4a5cf927-5e23-4267-926e-9463e171f71e,29/09/2016 09:03:22,13,243353.0
5073,4a5cf927-5e23-4267-926e-9463e171f71e,29/09/2016 08:03:22,26,243340.0
5074,4a5cf927-5e23-4267-926e-9463e171f71e,29/09/2016 07:03:23,0,243314.0
5075,4a5cf927-5e23-4267-926e-9463e171f71e,29/09/2016 06:03:23,0,243314.0
5076,4a5cf927-5e23-4267-926e-9463e171f71e,29/09/2016 05:03:23,0,243314.0
5077,4a5cf927-5e23-4267-926e-9463e171f71e,29/09/2016 04:03:23,0,243314.0
5078,4a5cf927-5e23-4267-926e-9463e171f71e,29/09/2016 03:03:23,0,243314.0
5079,4a5cf927-5e23-4267-926e-9463e171f71e,29/09/2016 02:03:23,3,243314.0
5080,4a5cf927-5e23-4267-926e-9463e171f71e,29/09/2016 01:03:23,4,243311.0
5081,4a5cf927-5e23-4267-926e-9463e171f71e,29/09/2016 00:03:23,8,243307.0
5082,4a5cf927-5e23-4267-926e-9463e171f71e,28/09/2016 23:03:21,0,243299.0
5083,4a5cf927-5e23-4267-926e-9463e171f71e,28/09/2016 22:03:21,8,243299.0
5084,4a5cf927-5e23-4267-926e-9463e171f71e,28/09/2016 21:03:21,0,243291.0
5085,4a5cf927-5e23-4267-926e-9463e171f71e,28/09/2016 20:03:21,0,243291.0
5086,4a5cf927-5e23-4267-926e-9463e171f71e,28/09/2016 19:03:24,6,243291.0
5087,4a5cf927-5e23-4267-926e-9463e171f71e,28/09/2016 18:03:24,7,243285.0
5088,4a5cf927-5e23-4267-926e-9463e171f71e,28/09/2016 17:03:24,28,243278.0
5089,4a5cf927-5e23-4267-926e-9463e171f71e,28/09/2016 16:03:24,63,243250.0
5090,4a5cf927-5e23-4267-926e-9463e171f71e,28/09/2016 15:03:22,7,243187.0
5091,4a5cf927-5e23-4267-926e-9463e171f71e,28/09/2016 14:03:22,20,243180.0
5092,4a5cf927-5e23-4267-926e-9463e171f71e,28/09/2016 13:03:22,25,243160.0
5093,4a5cf927-5e23-4267-926e-9463e171f71e,28/09/2016 12:03:22,8,243135.0
5094,4a5cf927-5e23-4267-926e-9463e171f71e,28/09/2016 11:03:24,23,243127.0
5095,4a5cf927-5e23-4267-926e-9463e171f71e,28/09/2016 10:03:24,90,243104.0
5096,4a5cf927-5e23-4267-926e-9463e171f71e,28/09/2016 09:03:24,0,243014.0
5097,4a5cf927-5e23-4267-926e-9463e171f71e,28/09/2016 08:03:24,0,243014.0
5098,4a5cf927-5e23-4267-926e-9463e171f71e,28/09/2016 07:03:25,1,243014.0
5099,4a5cf927-5e23-4267-926e-9463e171f71e,28/09/2016 06:03:25,0,243013.0
5100,4a5cf927-5e23-4267-926e-9463e171f71e,28/09/2016 05:03:25,0,243013.0
5101,4a5cf927-5e23-4267-926e-9463e171f71e,28/09/2016 04:03:25,0,243013.0
5102,4a5cf927-5e23-4267-926e-9463e171f71e,28/09/2016 03:03:27,0,243013.0
5103,4a5cf927-5e23-4267-926e-9463e171f71e,28/09/2016 02:03:27,3,243013.0
5104,4a5cf927-5e23-4267-926e-9463e171f71e,28/09/2016 01:03:27,0,243010.0
5105,4a5cf927-5e23-4267-926e-9463e171f71e,28/09/2016 00:03:27,10,243010.0
5106,4a5cf927-5e23-4267-926e-9463e171f71e,27/09/2016 23:03:31,3,243000.0
5107,4a5cf927-5e23-4267-926e-9463e171f71e,27/09/2016 22:03:31,6,242997.0
5108,4a5cf927-5e23-4267-926e-9463e171f71e,27/09/2016 21:03:31,0,242991.0
5109,4a5cf927-5e23-4267-926e-9463e171f71e,27/09/2016 20:03:31,4,242991.0
5110,4a5cf927-5e23-4267-926e-9463e171f71e,27/09/2016 19:03:26,0,242987.0
5111,4a5cf927-5e23-4267-926e-9463e171f71e,27/09/2016 18:03:26,13,242987.0
5112,4a5cf927-5e23-4267-926e-9463e171f71e,27/09/2016 17:03:26,0,242974.0
5113,4a5cf927-5e23-4267-926e-9463e171f71e,27/09/2016 16:03:26,16,242974.0
5114,4a5cf927-5e23-4267-926e-9463e171f71e,27/09/2016 15:03:27,12,242958.0
5115,4a5cf927-5e23-4267-926e-9463e171f71e,27/09/2016 14:03:27,0,242946.0
5116,4a5cf927-5e23-4267-926e-9463e171f71e,27/09/2016 13:03:27,0,242946.0
5117,4a5cf927-5e23-4267-926e-9463e171f71e,27/09/2016 12:03:27,0,242946.0
5118,4a5cf927-5e23-4267-926e-9463e171f71e,27/09/2016 11:03:26,26,242946.0
5119,4a5cf927-5e23-4267-926e-9463e171f71e,27/09/2016 10:03:26,76,242920.0
5120,4a5cf927-5e23-4267-926e-9463e171f71e,27/09/2016 09:03:26,67,242844.0
5121,4a5cf927-5e23-4267-926e-9463e171f71e,27/09/2016 08:03:26,0,242777.0
5122,4a5cf927-5e23-4267-926e-9463e171f71e,27/09/2016 07:03:26,0,242777.0
5123,4a5cf927-5e23-4267-926e-9463e171f71e,27/09/2016 06:03:26,0,242777.0
5124,4a5cf927-5e23-4267-926e-9463e171f71e,27/09/2016 05:03:26,0,242777.0
5125,4a5cf927-5e23-4267-926e-9463e171f71e,27/09/2016 04:03:26,12,242777.0
5126,4a5cf927-5e23-4267-926e-9463e171f71e,26/09/2016 23:03:28,1,242765.0
5127,4a5cf927-5e23-4267-926e-9463e171f71e,26/09/2016 22:03:28,6,242764.0
5128,4a5cf927-5e23-4267-926e-9463e171f71e,26/09/2016 21:03:28,0,242758.0
5129,4a5cf927-5e23-4267-926e-9463e171f71e,26/09/2016 20:03:28,0,242758.0
5130,4a5cf927-5e23-4267-926e-9463e171f71e,26/09/2016 19:03:30,11,242758.0
5131,4a5cf927-5e23-4267-926e-9463e171f71e,26/09/2016 18:03:30,16,242747.0
5132,4a5cf927-5e23-4267-926e-9463e171f71e,26/09/2016 17:03:30,0,242731.0
5133,4a5cf927-5e23-4267-926e-9463e171f71e,26/09/2016 16:03:30,9,242731.0
5134,4a5cf927-5e23-4267-926e-9463e171f71e,26/09/2016 15:03:38,3,242722.0
5135,4a5cf927-5e23-4267-926e-9463e171f71e,26/09/2016 14:03:38,0,242719.0
5136,4a5cf927-5e23-4267-926e-9463e171f71e,26/09/2016 13:03:38,11,242719.0
5137,4a5cf927-5e23-4267-926e-9463e171f71e,26/09/2016 12:03:38,13,242708.0
5138,4a5cf927-5e23-4267-926e-9463e171f71e,26/09/2016 11:03:40,51,242695.0
5139,4a5cf927-5e23-4267-926e-9463e171f71e,26/09/2016 10:03:40,21,242644.0
5140,4a5cf927-5e23-4267-926e-9463e171f71e,26/09/2016 09:03:40,62,242623.0
5141,4a5cf927-5e23-4267-926e-9463e171f71e,26/09/2016 08:03:40,0,242561.0
5142,4a5cf927-5e23-4267-926e-9463e171f71e,26/09/2016 07:03:31,0,242561.0
5143,4a5cf927-5e23-4267-926e-9463e171f71e,26/09/2016 06:03:31,0,242561.0
5144,4a5cf927-5e23-4267-926e-9463e171f71e,26/09/2016 05:03:31,0,242561.0
5145,4a5cf927-5e23-4267-926e-9463e171f71e,26/09/2016 04:03:31,0,242561.0
5146,4a5cf927-5e23-4267-926e-9463e171f71e,26/09/2016 03:03:33,0,242561.0
5147,4a5cf927-5e23-4267-926e-9463e171f71e,26/09/2016 02:03:33,6,242561.0
5148,4a5cf927-5e23-4267-926e-9463e171f71e,26/09/2016 01:03:33,0,242555.0
5149,4a5cf927-5e23-4267-926e-9463e171f71e,26/09/2016 00:03:33,0,242555.0
5150,4a5cf927-5e23-4267-926e-9463e171f71e,25/09/2016 23:03:28,0,242555.0
5151,4a5cf927-5e23-4267-926e-9463e171f71e,25/09/2016 22:03:28,0,242555.0
5152,4a5cf927-5e23-4267-926e-9463e171f71e,25/09/2016 21:03:28,1,242555.0
5153,4a5cf927-5e23-4267-926e-9463e171f71e,25/09/2016 20:03:28,0,242554.0
5154,4a5cf927-5e23-4267-926e-9463e171f71e,25/09/2016 19:03:32,7,242554.0
5155,4a5cf927-5e23-4267-926e-9463e171f71e,25/09/2016 18:03:32,79,242547.0
5156,4a5cf927-5e23-4267-926e-9463e171f71e,25/09/2016 17:03:32,23,242468.0
5157,4a5cf927-5e23-4267-926e-9463e171f71e,25/09/2016 16:03:32,12,242445.0
5158,4a5cf927-5e23-4267-926e-9463e171f71e,25/09/2016 15:03:28,76,242433.0
5159,4a5cf927-5e23-4267-926e-9463e171f71e,25/09/2016 14:03:28,9,242357.0
5160,4a5cf927-5e23-4267-926e-9463e171f71e,25/09/2016 13:03:28,0,242348.0
5161,4a5cf927-5e23-4267-926e-9463e171f71e,25/09/2016 12:03:28,2,242348.0
5162,4a5cf927-5e23-4267-926e-9463e171f71e,25/09/2016 11:03:36,27,242346.0
5163,4a5cf927-5e23-4267-926e-9463e171f71e,25/09/2016 10:03:36,7,242319.0
5164,4a5cf927-5e23-4267-926e-9463e171f71e,25/09/2016 09:03:36,8,242312.0
5165,4a5cf927-5e23-4267-926e-9463e171f71e,25/09/2016 08:03:36,17,242304.0
5166,4a5cf927-5e23-4267-926e-9463e171f71e,25/09/2016 07:03:34,0,242287.0
5167,4a5cf927-5e23-4267-926e-9463e171f71e,25/09/2016 06:03:34,0,242287.0
5168,4a5cf927-5e23-4267-926e-9463e171f71e,25/09/2016 05:03:34,0,242287.0
5169,4a5cf927-5e23-4267-926e-9463e171f71e,25/09/2016 04:03:34,0,242287.0
5170,4a5cf927-5e23-4267-926e-9463e171f71e,25/09/2016 03:03:31,0,242287.0
5171,4a5cf927-5e23-4267-926e-9463e171f71e,25/09/2016 02:03:31,0,242287.0
5172,4a5cf927-5e23-4267-926e-9463e171f71e,25/09/2016 01:03:31,3,242287.0
5173,4a5cf927-5e23-4267-926e-9463e171f71e,25/09/2016 00:03:31,9,242284.0
5174,4a5cf927-5e23-4267-926e-9463e171f71e,24/09/2016 23:03:33,2,242275.0
5175,4a5cf927-5e23-4267-926e-9463e171f71e,24/09/2016 22:03:33,0,242273.0
5176,4a5cf927-5e23-4267-926e-9463e171f71e,24/09/2016 21:03:33,3,242273.0
5177,4a5cf927-5e23-4267-926e-9463e171f71e,24/09/2016 20:03:33,4,242270.0
5178,4a5cf927-5e23-4267-926e-9463e171f71e,24/09/2016 19:03:31,0,242266.0
5179,4a5cf927-5e23-4267-926e-9463e171f71e,24/09/2016 18:03:31,22,242266.0
5180,4a5cf927-5e23-4267-926e-9463e171f71e,24/09/2016 17:03:31,16,242244.0
5181,4a5cf927-5e23-4267-926e-9463e171f71e,24/09/2016 16:03:31,38,242228.0
5182,4a5cf927-5e23-4267-926e-9463e171f71e,24/09/2016 15:03:55,7,242190.0
5183,4a5cf927-5e23-4267-926e-9463e171f71e,24/09/2016 14:03:55,3,242183.0
5184,4a5cf927-5e23-4267-926e-9463e171f71e,24/09/2016 13:03:55,0,242180.0
5185,4a5cf927-5e23-4267-926e-9463e171f71e,24/09/2016 12:03:55,111,242180.0
5186,4a5cf927-5e23-4267-926e-9463e171f71e,24/09/2016 07:03:34,0,242069.0
5187,4a5cf927-5e23-4267-926e-9463e171f71e,24/09/2016 06:03:34,0,242069.0
5188,4a5cf927-5e23-4267-926e-9463e171f71e,24/09/2016 05:03:34,0,242069.0
5189,4a5cf927-5e23-4267-926e-9463e171f71e,24/09/2016 04:03:34,0,242069.0
5190,4a5cf927-5e23-4267-926e-9463e171f71e,24/09/2016 03:03:35,0,242069.0
5191,4a5cf927-5e23-4267-926e-9463e171f71e,24/09/2016 02:03:35,0,242069.0
5192,4a5cf927-5e23-4267-926e-9463e171f71e,24/09/2016 01:03:35,4,242069.0
5193,4a5cf927-5e23-4267-926e-9463e171f71e,24/09/2016 00:03:35,16,242065.0
5194,4a5cf927-5e23-4267-926e-9463e171f71e,23/09/2016 19:03:37,7,242049.0
5195,4a5cf927-5e23-4267-926e-9463e171f71e,23/09/2016 18:03:37,4,242042.0
5196,4a5cf927-5e23-4267-926e-9463e171f71e,23/09/2016 17:03:37,1,242038.0
5197,4a5cf927-5e23-4267-926e-9463e171f71e,23/09/2016 16:03:37,16,242037.0
5198,4a5cf927-5e23-4267-926e-9463e171f71e,23/09/2016 15:04:27,3,242021.0
5199,4a5cf927-5e23-4267-926e-9463e171f71e,23/09/2016 14:04:27,2,242018.0
5200,4a5cf927-5e23-4267-926e-9463e171f71e,23/09/2016 13:04:27,10,242016.0
5201,4a5cf927-5e23-4267-926e-9463e171f71e,23/09/2016 12:04:27,1,242006.0
5202,4a5cf927-5e23-4267-926e-9463e171f71e,23/09/2016 11:03:38,49,242005.0
5203,4a5cf927-5e23-4267-926e-9463e171f71e,23/09/2016 10:03:38,98,241956.0
5204,4a5cf927-5e23-4267-926e-9463e171f71e,23/09/2016 09:03:38,0,241858.0
5205,4a5cf927-5e23-4267-926e-9463e171f71e,23/09/2016 08:03:38,0,241858.0
5206,4a5cf927-5e23-4267-926e-9463e171f71e,23/09/2016 07:03:40,0,241858.0
5207,4a5cf927-5e23-4267-926e-9463e171f71e,23/09/2016 06:03:40,0,241858.0
5208,4a5cf927-5e23-4267-926e-9463e171f71e,23/09/2016 05:03:40,0,241858.0
5209,4a5cf927-5e23-4267-926e-9463e171f71e,23/09/2016 04:03:40,0,241858.0
5210,4a5cf927-5e23-4267-926e-9463e171f71e,23/09/2016 03:03:38,15,241858.0
5211,4a5cf927-5e23-4267-926e-9463e171f71e,23/09/2016 02:03:38,0,241843.0
5212,4a5cf927-5e23-4267-926e-9463e171f71e,23/09/2016 01:03:38,0,241843.0
5213,4a5cf927-5e23-4267-926e-9463e171f71e,23/09/2016 00:03:38,0,241843.0
5214,4a5cf927-5e23-4267-926e-9463e171f71e,22/09/2016 23:03:37,0,241843.0
5215,4a5cf927-5e23-4267-926e-9463e171f71e,22/09/2016 22:03:37,0,241843.0
5216,4a5cf927-5e23-4267-926e-9463e171f71e,22/09/2016 21:03:37,0,241843.0
5217,4a5cf927-5e23-4267-926e-9463e171f71e,22/09/2016 20:03:37,133,241843.0
5218,4a5cf927-5e23-4267-926e-9463e171f71e,22/09/2016 15:03:35,7,241710.0
5219,4a5cf927-5e23-4267-926e-9463e171f71e,22/09/2016 14:03:35,6,241703.0
5220,4a5cf927-5e23-4267-926e-9463e171f71e,22/09/2016 13:03:35,8,241697.0
5221,4a5cf927-5e23-4267-926e-9463e171f71e,22/09/2016 12:03:35,11,241689.0
5222,4a5cf927-5e23-4267-926e-9463e171f71e,22/09/2016 11:03:40,36,241678.0
5223,4a5cf927-5e23-4267-926e-9463e171f71e,22/09/2016 10:03:40,84,241642.0
5224,4a5cf927-5e23-4267-926e-9463e171f71e,22/09/2016 09:03:40,19,241558.0
5225,4a5cf927-5e23-4267-926e-9463e171f71e,22/09/2016 08:03:40,0,241539.0
5226,4a5cf927-5e23-4267-926e-9463e171f71e,22/09/2016 07:03:38,0,241539.0
5227,4a5cf927-5e23-4267-926e-9463e171f71e,22/09/2016 06:03:38,0,241539.0
5228,4a5cf927-5e23-4267-926e-9463e171f71e,22/09/2016 05:03:38,0,241539.0
5229,4a5cf927-5e23-4267-926e-9463e171f71e,22/09/2016 04:03:38,0,241539.0
5230,4a5cf927-5e23-4267-926e-9463e171f71e,22/09/2016 03:03:40,10,241539.0
5231,4a5cf927-5e23-4267-926e-9463e171f71e,22/09/2016 02:03:40,5,241529.0
5232,4a5cf927-5e23-4267-926e-9463e171f71e,22/09/2016 01:03:40,0,241524.0
5233,4a5cf927-5e23-4267-926e-9463e171f71e,22/09/2016 00:03:40,0,241524.0
5234,4a5cf927-5e23-4267-926e-9463e171f71e,21/09/2016 23:03:39,17,241524.0
5235,4a5cf927-5e23-4267-926e-9463e171f71e,21/09/2016 22:03:39,0,241507.0
5236,4a5cf927-5e23-4267-926e-9463e171f71e,21/09/2016 21:03:39,0,241507.0
5237,4a5cf927-5e23-4267-926e-9463e171f71e,21/09/2016 20:03:39,6,241507.0
5238,4a5cf927-5e23-4267-926e-9463e171f71e,21/09/2016 19:03:40,10,241501.0
5239,4a5cf927-5e23-4267-926e-9463e171f71e,21/09/2016 18:03:40,83,241491.0
5240,4a5cf927-5e23-4267-926e-9463e171f71e,21/09/2016 17:03:40,7,241408.0
5241,4a5cf927-5e23-4267-926e-9463e171f71e,21/09/2016 16:03:40,17,241401.0
5242,4a5cf927-5e23-4267-926e-9463e171f71e,21/09/2016 15:03:38,86,241384.0
5243,4a5cf927-5e23-4267-926e-9463e171f71e,21/09/2016 14:03:38,15,241298.0
5244,4a5cf927-5e23-4267-926e-9463e171f71e,21/09/2016 13:03:38,22,241283.0
5245,4a5cf927-5e23-4267-926e-9463e171f71e,21/09/2016 12:03:38,10,241261.0
5246,4a5cf927-5e23-4267-926e-9463e171f71e,21/09/2016 11:03:42,44,241251.0
5247,4a5cf927-5e23-4267-926e-9463e171f71e,21/09/2016 10:03:42,58,241207.0
5248,4a5cf927-5e23-4267-926e-9463e171f71e,21/09/2016 09:03:42,10,241149.0
5249,4a5cf927-5e23-4267-926e-9463e171f71e,21/09/2016 08:03:42,0,241139.0
5250,4a5cf927-5e23-4267-926e-9463e171f71e,21/09/2016 07:03:40,0,241139.0
5251,4a5cf927-5e23-4267-926e-9463e171f71e,21/09/2016 06:03:40,0,241139.0
5252,4a5cf927-5e23-4267-926e-9463e171f71e,21/09/2016 05:03:40,0,241139.0
5253,4a5cf927-5e23-4267-926e-9463e171f71e,21/09/2016 04:03:40,0,241139.0
5254,4a5cf927-5e23-4267-926e-9463e171f71e,21/09/2016 03:03:48,0,241139.0
5255,4a5cf927-5e23-4267-926e-9463e171f71e,21/09/2016 02:03:48,0,241139.0
5256,4a5cf927-5e23-4267-926e-9463e171f71e,21/09/2016 01:03:48,14,241139.0
5257,4a5cf927-5e23-4267-926e-9463e171f71e,21/09/2016 00:03:48,18,241125.0
5258,4a5cf927-5e23-4267-926e-9463e171f71e,20/09/2016 23:03:41,0,241107.0
5259,4a5cf927-5e23-4267-926e-9463e171f71e,20/09/2016 22:03:41,8,241107.0
5260,4a5cf927-5e23-4267-926e-9463e171f71e,20/09/2016 21:03:41,0,241099.0
5261,4a5cf927-5e23-4267-926e-9463e171f71e,20/09/2016 20:03:41,47,241099.0
5262,4a5cf927-5e23-4267-926e-9463e171f71e,20/09/2016 15:03:41,15,241052.0
5263,4a5cf927-5e23-4267-926e-9463e171f71e,20/09/2016 14:03:41,9,241037.0
5264,4a5cf927-5e23-4267-926e-9463e171f71e,20/09/2016 13:03:41,0,241028.0
5265,4a5cf927-5e23-4267-926e-9463e171f71e,20/09/2016 12:03:41,0,241028.0
5266,4a5cf927-5e23-4267-926e-9463e171f71e,20/09/2016 11:03:43,28,241028.0
5267,4a5cf927-5e23-4267-926e-9463e171f71e,20/09/2016 10:03:43,115,241000.0
5268,4a5cf927-5e23-4267-926e-9463e171f71e,20/09/2016 09:03:43,65,240885.0
5269,4a5cf927-5e23-4267-926e-9463e171f71e,20/09/2016 08:03:43,0,240820.0
5270,4a5cf927-5e23-4267-926e-9463e171f71e,20/09/2016 07:03:42,0,240820.0
5271,4a5cf927-5e23-4267-926e-9463e171f71e,20/09/2016 06:03:42,0,240820.0
5272,4a5cf927-5e23-4267-926e-9463e171f71e,20/09/2016 05:03:42,0,240820.0
5273,4a5cf927-5e23-4267-926e-9463e171f71e,20/09/2016 04:03:42,0,240820.0
5274,4a5cf927-5e23-4267-926e-9463e171f71e,20/09/2016 03:03:47,6,240820.0
5275,4a5cf927-5e23-4267-926e-9463e171f71e,20/09/2016 02:03:47,0,240814.0
5276,4a5cf927-5e23-4267-926e-9463e171f71e,20/09/2016 01:03:47,3,240814.0
5277,4a5cf927-5e23-4267-926e-9463e171f71e,20/09/2016 00:03:47,8,240811.0
5278,4a5cf927-5e23-4267-926e-9463e171f71e,19/09/2016 23:03:44,6,240803.0
5279,4a5cf927-5e23-4267-926e-9463e171f71e,19/09/2016 22:03:44,13,240797.0
5280,4a5cf927-5e23-4267-926e-9463e171f71e,19/09/2016 21:03:44,0,240784.0
5281,4a5cf927-5e23-4267-926e-9463e171f71e,19/09/2016 20:03:44,0,240784.0
5282,4a5cf927-5e23-4267-926e-9463e171f71e,19/09/2016 19:10:49,0,240784.0
5283,4a5cf927-5e23-4267-926e-9463e171f71e,19/09/2016 18:10:49,7,240784.0
5284,4a5cf927-5e23-4267-926e-9463e171f71e,19/09/2016 17:10:49,18,240777.0
5285,4a5cf927-5e23-4267-926e-9463e171f71e,19/09/2016 16:10:49,21,240759.0
5286,4a5cf927-5e23-4267-926e-9463e171f71e,19/09/2016 15:03:44,0,240738.0
5287,4a5cf927-5e23-4267-926e-9463e171f71e,19/09/2016 14:03:44,0,240738.0
5288,4a5cf927-5e23-4267-926e-9463e171f71e,19/09/2016 13:03:44,1,240738.0
5289,4a5cf927-5e23-4267-926e-9463e171f71e,19/09/2016 12:03:44,0,240737.0
5290,4a5cf927-5e23-4267-926e-9463e171f71e,19/09/2016 11:03:48,4,240737.0
5291,4a5cf927-5e23-4267-926e-9463e171f71e,19/09/2016 10:03:48,95,240733.0
5292,4a5cf927-5e23-4267-926e-9463e171f71e,19/09/2016 09:03:48,61,240638.0
5293,4a5cf927-5e23-4267-926e-9463e171f71e,19/09/2016 08:03:48,0,240577.0
5294,4a5cf927-5e23-4267-926e-9463e171f71e,19/09/2016 07:03:44,6,240577.0
5295,4a5cf927-5e23-4267-926e-9463e171f71e,19/09/2016 06:03:44,0,240571.0
5296,4a5cf927-5e23-4267-926e-9463e171f71e,19/09/2016 05:03:44,0,240571.0
5297,4a5cf927-5e23-4267-926e-9463e171f71e,19/09/2016 04:03:44,18,240571.0
5298,4a5cf927-5e23-4267-926e-9463e171f71e,18/09/2016 23:03:45,12,240553.0
5299,4a5cf927-5e23-4267-926e-9463e171f71e,18/09/2016 22:03:45,12,240541.0
5300,4a5cf927-5e23-4267-926e-9463e171f71e,18/09/2016 21:03:45,0,240529.0
5301,4a5cf927-5e23-4267-926e-9463e171f71e,18/09/2016 20:03:45,5,240529.0
5302,4a5cf927-5e23-4267-926e-9463e171f71e,18/09/2016 19:03:46,0,240524.0
5303,4a5cf927-5e23-4267-926e-9463e171f71e,18/09/2016 18:03:46,0,240524.0
5304,4a5cf927-5e23-4267-926e-9463e171f71e,18/09/2016 17:03:46,0,240524.0
5305,4a5cf927-5e23-4267-926e-9463e171f71e,18/09/2016 16:03:46,0,240524.0
5306,4a5cf927-5e23-4267-926e-9463e171f71e,18/09/2016 15:03:54,1,240524.0
5307,4a5cf927-5e23-4267-926e-9463e171f71e,18/09/2016 14:03:54,0,240523.0
5308,4a5cf927-5e23-4267-926e-9463e171f71e,18/09/2016 13:03:54,3,240523.0
5309,4a5cf927-5e23-4267-926e-9463e171f71e,18/09/2016 12:03:54,84,240520.0
5310,4a5cf927-5e23-4267-926e-9463e171f71e,18/09/2016 11:03:47,14,240436.0
5311,4a5cf927-5e23-4267-926e-9463e171f71e,18/09/2016 10:03:47,0,240422.0
5312,4a5cf927-5e23-4267-926e-9463e171f71e,18/09/2016 09:03:47,0,240422.0
5313,4a5cf927-5e23-4267-926e-9463e171f71e,18/09/2016 08:03:47,0,240422.0
5314,4a5cf927-5e23-4267-926e-9463e171f71e,18/09/2016 03:03:48,0,240422.0
5315,4a5cf927-5e23-4267-926e-9463e171f71e,18/09/2016 02:03:48,0,240422.0
5316,4a5cf927-5e23-4267-926e-9463e171f71e,18/09/2016 01:03:48,3,240422.0
5317,4a5cf927-5e23-4267-926e-9463e171f71e,18/09/2016 00:03:48,10,240419.0
5318,4a5cf927-5e23-4267-926e-9463e171f71e,17/09/2016 23:03:52,12,240409.0
5319,4a5cf927-5e23-4267-926e-9463e171f71e,17/09/2016 22:03:52,1,240397.0
5320,4a5cf927-5e23-4267-926e-9463e171f71e,17/09/2016 21:03:52,0,240396.0
5321,4a5cf927-5e23-4267-926e-9463e171f71e,17/09/2016 20:03:52,0,240396.0
5322,4a5cf927-5e23-4267-926e-9463e171f71e,17/09/2016 19:03:49,9,240396.0
5323,4a5cf927-5e23-4267-926e-9463e171f71e,17/09/2016 18:03:49,14,240387.0
5324,4a5cf927-5e23-4267-926e-9463e171f71e,17/09/2016 17:03:49,56,240373.0
5325,4a5cf927-5e23-4267-926e-9463e171f71e,17/09/2016 16:03:49,75,240317.0
5326,4a5cf927-5e23-4267-926e-9463e171f71e,17/09/2016 15:03:49,17,240242.0
5327,4a5cf927-5e23-4267-926e-9463e171f71e,17/09/2016 14:03:49,3,240225.0
5328,4a5cf927-5e23-4267-926e-9463e171f71e,17/09/2016 13:03:49,0,240222.0
5329,4a5cf927-5e23-4267-926e-9463e171f71e,17/09/2016 12:03:49,41,240222.0
5330,4a5cf927-5e23-4267-926e-9463e171f71e,17/09/2016 11:03:56,37,240181.0
5331,4a5cf927-5e23-4267-926e-9463e171f71e,17/09/2016 10:03:56,69,240144.0
5332,4a5cf927-5e23-4267-926e-9463e171f71e,17/09/2016 09:03:56,0,240075.0
5333,4a5cf927-5e23-4267-926e-9463e171f71e,17/09/2016 08:03:56,0,240075.0
5334,4a5cf927-5e23-4267-926e-9463e171f71e,17/09/2016 03:03:50,0,240075.0
5335,4a5cf927-5e23-4267-926e-9463e171f71e,17/09/2016 02:03:50,0,240075.0
5336,4a5cf927-5e23-4267-926e-9463e171f71e,17/09/2016 01:03:50,14,240075.0
5337,4a5cf927-5e23-4267-926e-9463e171f71e,17/09/2016 00:03:50,5,240061.0
5338,4a5cf927-5e23-4267-926e-9463e171f71e,16/09/2016 23:03:49,12,240056.0
5339,4a5cf927-5e23-4267-926e-9463e171f71e,16/09/2016 22:03:49,12,240044.0
5340,4a5cf927-5e23-4267-926e-9463e171f71e,16/09/2016 21:03:49,0,240032.0
5341,4a5cf927-5e23-4267-926e-9463e171f71e,16/09/2016 20:03:49,0,240032.0
5342,4a5cf927-5e23-4267-926e-9463e171f71e,16/09/2016 19:03:56,0,240032.0
5343,4a5cf927-5e23-4267-926e-9463e171f71e,16/09/2016 18:03:56,9,240032.0
5344,4a5cf927-5e23-4267-926e-9463e171f71e,16/09/2016 17:03:56,0,240023.0
5345,4a5cf927-5e23-4267-926e-9463e171f71e,16/09/2016 16:03:56,15,240023.0
5346,4a5cf927-5e23-4267-926e-9463e171f71e,16/09/2016 11:03:52,22,240008.0
5347,4a5cf927-5e23-4267-926e-9463e171f71e,16/09/2016 10:03:52,52,239986.0
5348,4a5cf927-5e23-4267-926e-9463e171f71e,16/09/2016 09:03:52,0,239934.0
5349,4a5cf927-5e23-4267-926e-9463e171f71e,16/09/2016 08:03:52,0,239934.0
5350,4a5cf927-5e23-4267-926e-9463e171f71e,16/09/2016 03:03:53,0,239934.0
5351,4a5cf927-5e23-4267-926e-9463e171f71e,16/09/2016 02:03:53,0,239934.0
5352,4a5cf927-5e23-4267-926e-9463e171f71e,16/09/2016 01:03:53,13,239934.0
5353,4a5cf927-5e23-4267-926e-9463e171f71e,16/09/2016 00:03:53,11,239921.0
5354,4a5cf927-5e23-4267-926e-9463e171f71e,15/09/2016 23:03:52,0,239910.0
5355,4a5cf927-5e23-4267-926e-9463e171f71e,15/09/2016 22:03:52,5,239910.0
5356,4a5cf927-5e23-4267-926e-9463e171f71e,15/09/2016 21:03:52,0,239905.0
5357,4a5cf927-5e23-4267-926e-9463e171f71e,15/09/2016 20:03:52,8,239905.0
5358,4a5cf927-5e23-4267-926e-9463e171f71e,15/09/2016 19:03:55,0,239897.0
5359,4a5cf927-5e23-4267-926e-9463e171f71e,15/09/2016 18:03:55,4,239897.0
5360,4a5cf927-5e23-4267-926e-9463e171f71e,15/09/2016 17:03:55,9,239893.0
5361,4a5cf927-5e23-4267-926e-9463e171f71e,15/09/2016 16:03:55,11,239884.0
5362,4a5cf927-5e23-4267-926e-9463e171f71e,15/09/2016 15:03:55,13,239873.0
5363,4a5cf927-5e23-4267-926e-9463e171f71e,15/09/2016 14:03:55,0,239860.0
5364,4a5cf927-5e23-4267-926e-9463e171f71e,15/09/2016 13:03:55,0,239860.0
5365,4a5cf927-5e23-4267-926e-9463e171f71e,15/09/2016 12:03:55,124,239860.0
5366,4a5cf927-5e23-4267-926e-9463e171f71e,15/09/2016 07:03:55,0,239736.0
5367,4a5cf927-5e23-4267-926e-9463e171f71e,15/09/2016 06:03:55,0,239736.0
5368,4a5cf927-5e23-4267-926e-9463e171f71e,15/09/2016 05:03:55,0,239736.0
5369,4a5cf927-5e23-4267-926e-9463e171f71e,15/09/2016 04:03:55,0,239736.0
5370,4a5cf927-5e23-4267-926e-9463e171f71e,15/09/2016 03:03:56,0,239736.0
5371,4a5cf927-5e23-4267-926e-9463e171f71e,15/09/2016 02:03:56,4,239736.0
5372,4a5cf927-5e23-4267-926e-9463e171f71e,15/09/2016 01:03:56,8,239732.0
5373,4a5cf927-5e23-4267-926e-9463e171f71e,15/09/2016 00:03:56,1,239724.0
5374,4a5cf927-5e23-4267-926e-9463e171f71e,14/09/2016 23:03:55,6,239723.0
5375,4a5cf927-5e23-4267-926e-9463e171f71e,14/09/2016 22:03:55,0,239717.0
5376,4a5cf927-5e23-4267-926e-9463e171f71e,14/09/2016 21:03:55,0,239717.0
5377,4a5cf927-5e23-4267-926e-9463e171f71e,14/09/2016 20:03:55,0,239717.0
5378,4a5cf927-5e23-4267-926e-9463e171f71e,14/09/2016 19:03:59,12,239717.0
5379,4a5cf927-5e23-4267-926e-9463e171f71e,14/09/2016 18:03:59,62,239705.0
5380,4a5cf927-5e23-4267-926e-9463e171f71e,14/09/2016 17:03:59,1,239643.0
5381,4a5cf927-5e23-4267-926e-9463e171f71e,14/09/2016 16:03:59,26,239642.0
5382,4a5cf927-5e23-4267-926e-9463e171f71e,14/09/2016 15:03:58,5,239616.0
5383,4a5cf927-5e23-4267-926e-9463e171f71e,14/09/2016 14:03:58,5,239611.0
5384,4a5cf927-5e23-4267-926e-9463e171f71e,14/09/2016 13:03:58,9,239606.0
5385,4a5cf927-5e23-4267-926e-9463e171f71e,14/09/2016 12:03:58,97,239597.0
5386,4a5cf927-5e23-4267-926e-9463e171f71e,14/09/2016 07:04:10,1,239500.0
5387,4a5cf927-5e23-4267-926e-9463e171f71e,14/09/2016 06:04:10,0,239499.0
5388,4a5cf927-5e23-4267-926e-9463e171f71e,14/09/2016 05:04:10,0,239499.0
5389,4a5cf927-5e23-4267-926e-9463e171f71e,14/09/2016 04:04:10,6,239499.0
5390,4a5cf927-5e23-4267-926e-9463e171f71e,13/09/2016 23:04:18,0,239493.0
5391,4a5cf927-5e23-4267-926e-9463e171f71e,13/09/2016 22:04:18,1,239493.0
5392,4a5cf927-5e23-4267-926e-9463e171f71e,13/09/2016 21:04:18,0,239492.0
5393,4a5cf927-5e23-4267-926e-9463e171f71e,13/09/2016 20:04:18,12,239492.0
5394,4a5cf927-5e23-4267-926e-9463e171f71e,13/09/2016 19:04:07,4,239480.0
5395,4a5cf927-5e23-4267-926e-9463e171f71e,13/09/2016 18:04:07,12,239476.0
5396,4a5cf927-5e23-4267-926e-9463e171f71e,13/09/2016 17:04:07,3,239464.0
5397,4a5cf927-5e23-4267-926e-9463e171f71e,13/09/2016 16:04:07,17,239461.0
5398,4a5cf927-5e23-4267-926e-9463e171f71e,13/09/2016 15:03:58,71,239444.0
5399,4a5cf927-5e23-4267-926e-9463e171f71e,13/09/2016 14:03:58,0,239373.0
5400,4a5cf927-5e23-4267-926e-9463e171f71e,13/09/2016 13:03:58,0,239373.0
5401,4a5cf927-5e23-4267-926e-9463e171f71e,13/09/2016 12:03:58,42,239373.0
5402,4a5cf927-5e23-4267-926e-9463e171f71e,13/09/2016 07:04:00,0,239331.0
5403,4a5cf927-5e23-4267-926e-9463e171f71e,13/09/2016 06:04:00,0,239331.0
5404,4a5cf927-5e23-4267-926e-9463e171f71e,13/09/2016 05:04:00,0,239331.0
5405,4a5cf927-5e23-4267-926e-9463e171f71e,13/09/2016 04:04:00,31,239331.0
5406,4a5cf927-5e23-4267-926e-9463e171f71e,12/9/2016 23:04,5,239300.0
5407,4a5cf927-5e23-4267-926e-9463e171f71e,12/9/2016 22:04,0,239295.0
5408,4a5cf927-5e23-4267-926e-9463e171f71e,12/9/2016 21:04,0,239295.0
5409,4a5cf927-5e23-4267-926e-9463e171f71e,12/9/2016 20:04,38,239295.0
5410,4a5cf927-5e23-4267-926e-9463e171f71e,12/9/2016 15:04,4,239257.0
5411,4a5cf927-5e23-4267-926e-9463e171f71e,12/9/2016 14:04,0,239253.0
5412,4a5cf927-5e23-4267-926e-9463e171f71e,12/9/2016 13:04,1,239253.0
5413,4a5cf927-5e23-4267-926e-9463e171f71e,12/9/2016 12:04,0,239252.0
5414,4a5cf927-5e23-4267-926e-9463e171f71e,12/9/2016 11:04,33,239252.0
5415,4a5cf927-5e23-4267-926e-9463e171f71e,12/9/2016 10:04,57,239219.0
5416,4a5cf927-5e23-4267-926e-9463e171f71e,12/9/2016 9:04,50,239162.0
5417,4a5cf927-5e23-4267-926e-9463e171f71e,12/9/2016 8:04,0,239112.0
5418,4a5cf927-5e23-4267-926e-9463e171f71e,12/9/2016 3:04,0,239112.0
5419,4a5cf927-5e23-4267-926e-9463e171f71e,12/9/2016 2:04,14,239112.0
5420,4a5cf927-5e23-4267-926e-9463e171f71e,12/9/2016 1:04,0,239098.0
5421,4a5cf927-5e23-4267-926e-9463e171f71e,12/9/2016 0:04,0,239098.0
5422,4a5cf927-5e23-4267-926e-9463e171f71e,11/9/2016 23:04,0,239098.0
5423,4a5cf927-5e23-4267-926e-9463e171f71e,11/9/2016 22:04,0,239098.0
5424,4a5cf927-5e23-4267-926e-9463e171f71e,11/9/2016 21:04,0,239098.0
5425,4a5cf927-5e23-4267-926e-9463e171f71e,11/9/2016 20:04,7,239098.0
5426,4a5cf927-5e23-4267-926e-9463e171f71e,11/9/2016 19:04,12,239091.0
5427,4a5cf927-5e23-4267-926e-9463e171f71e,11/9/2016 18:04,5,239079.0
5428,4a5cf927-5e23-4267-926e-9463e171f71e,11/9/2016 17:04,4,239074.0
5429,4a5cf927-5e23-4267-926e-9463e171f71e,11/9/2016 16:04,24,239070.0
5430,4a5cf927-5e23-4267-926e-9463e171f71e,11/9/2016 15:04,78,239046.0
5431,4a5cf927-5e23-4267-926e-9463e171f71e,11/9/2016 14:04,8,238968.0
5432,4a5cf927-5e23-4267-926e-9463e171f71e,11/9/2016 13:04,23,238960.0
5433,4a5cf927-5e23-4267-926e-9463e171f71e,11/9/2016 12:04,13,238937.0
5434,4a5cf927-5e23-4267-926e-9463e171f71e,11/9/2016 11:04,41,238924.0
5435,4a5cf927-5e23-4267-926e-9463e171f71e,11/9/2016 10:04,0,238883.0
5436,4a5cf927-5e23-4267-926e-9463e171f71e,11/9/2016 9:04,0,238883.0
5437,4a5cf927-5e23-4267-926e-9463e171f71e,11/9/2016 8:04,0,238883.0
5438,4a5cf927-5e23-4267-926e-9463e171f71e,11/9/2016 7:04,0,238883.0
5439,4a5cf927-5e23-4267-926e-9463e171f71e,11/9/2016 6:04,0,238883.0
5440,4a5cf927-5e23-4267-926e-9463e171f71e,11/9/2016 5:04,0,238883.0
5441,4a5cf927-5e23-4267-926e-9463e171f71e,11/9/2016 4:04,0,238883.0
5442,4a5cf927-5e23-4267-926e-9463e171f71e,11/9/2016 3:04,11,238883.0
5443,4a5cf927-5e23-4267-926e-9463e171f71e,11/9/2016 2:04,1,238872.0
5444,4a5cf927-5e23-4267-926e-9463e171f71e,11/9/2016 1:04,0,238871.0
5445,4a5cf927-5e23-4267-926e-9463e171f71e,11/9/2016 0:04,3,238871.0
5446,4a5cf927-5e23-4267-926e-9463e171f71e,10/9/2016 23:04,0,238868.0
5447,4a5cf927-5e23-4267-926e-9463e171f71e,10/9/2016 22:04,0,238868.0
5448,4a5cf927-5e23-4267-926e-9463e171f71e,10/9/2016 21:04,0,238868.0
5449,4a5cf927-5e23-4267-926e-9463e171f71e,10/9/2016 20:04,5,238868.0
5450,4a5cf927-5e23-4267-926e-9463e171f71e,10/9/2016 19:04,48,238863.0
5451,4a5cf927-5e23-4267-926e-9463e171f71e,10/9/2016 18:04,106,238815.0
5452,4a5cf927-5e23-4267-926e-9463e171f71e,10/9/2016 17:04,23,238709.0
5453,4a5cf927-5e23-4267-926e-9463e171f71e,10/9/2016 16:04,21,238686.0
5454,4a5cf927-5e23-4267-926e-9463e171f71e,10/9/2016 15:04,3,238665.0
5455,4a5cf927-5e23-4267-926e-9463e171f71e,10/9/2016 14:04,7,238662.0
5456,4a5cf927-5e23-4267-926e-9463e171f71e,10/9/2016 13:04,32,238655.0
5457,4a5cf927-5e23-4267-926e-9463e171f71e,10/9/2016 12:04,43,238623.0
5458,4a5cf927-5e23-4267-926e-9463e171f71e,10/9/2016 11:04,0,238580.0
5459,4a5cf927-5e23-4267-926e-9463e171f71e,10/9/2016 10:04,0,238580.0
5460,4a5cf927-5e23-4267-926e-9463e171f71e,10/9/2016 9:04,0,238580.0
5461,4a5cf927-5e23-4267-926e-9463e171f71e,10/9/2016 8:04,0,238580.0
5462,4a5cf927-5e23-4267-926e-9463e171f71e,10/9/2016 7:04,0,238580.0
5463,4a5cf927-5e23-4267-926e-9463e171f71e,10/9/2016 6:04,0,238580.0
5464,4a5cf927-5e23-4267-926e-9463e171f71e,10/9/2016 5:04,0,238580.0
5465,4a5cf927-5e23-4267-926e-9463e171f71e,10/9/2016 4:04,0,238580.0
5466,4a5cf927-5e23-4267-926e-9463e171f71e,10/9/2016 3:05,16,238580.0
5467,4a5cf927-5e23-4267-926e-9463e171f71e,10/9/2016 2:05,0,238564.0
5468,4a5cf927-5e23-4267-926e-9463e171f71e,10/9/2016 1:05,0,238564.0
5469,4a5cf927-5e23-4267-926e-9463e171f71e,10/9/2016 0:05,0,238564.0
5470,4a5cf927-5e23-4267-926e-9463e171f71e,9/9/2016 23:04,0,238564.0
5471,4a5cf927-5e23-4267-926e-9463e171f71e,9/9/2016 22:04,4,238564.0
5472,4a5cf927-5e23-4267-926e-9463e171f71e,9/9/2016 21:04,11,238560.0
5473,4a5cf927-5e23-4267-926e-9463e171f71e,9/9/2016 20:04,1,238549.0
5474,4a5cf927-5e23-4267-926e-9463e171f71e,9/9/2016 19:04,6,238548.0
5475,4a5cf927-5e23-4267-926e-9463e171f71e,9/9/2016 18:04,12,238542.0
5476,4a5cf927-5e23-4267-926e-9463e171f71e,9/9/2016 17:04,0,238530.0
5477,4a5cf927-5e23-4267-926e-9463e171f71e,9/9/2016 16:04,14,238530.0
5478,4a5cf927-5e23-4267-926e-9463e171f71e,9/9/2016 15:04,88,238516.0
5479,4a5cf927-5e23-4267-926e-9463e171f71e,9/9/2016 14:04,0,238428.0
5480,4a5cf927-5e23-4267-926e-9463e171f71e,9/9/2016 13:04,0,238428.0
5481,4a5cf927-5e23-4267-926e-9463e171f71e,9/9/2016 12:04,3,238428.0
5482,4a5cf927-5e23-4267-926e-9463e171f71e,9/9/2016 11:05,26,238425.0
5483,4a5cf927-5e23-4267-926e-9463e171f71e,9/9/2016 10:05,0,238399.0
5484,4a5cf927-5e23-4267-926e-9463e171f71e,9/9/2016 9:05,0,238399.0
5485,4a5cf927-5e23-4267-926e-9463e171f71e,9/9/2016 8:05,1,238399.0
5486,4a5cf927-5e23-4267-926e-9463e171f71e,9/9/2016 7:04,0,238398.0
5487,4a5cf927-5e23-4267-926e-9463e171f71e,9/9/2016 6:04,0,238398.0
5488,4a5cf927-5e23-4267-926e-9463e171f71e,9/9/2016 5:04,0,238398.0
5489,4a5cf927-5e23-4267-926e-9463e171f71e,9/9/2016 4:04,34,238398.0
5490,4a5cf927-5e23-4267-926e-9463e171f71e,8/9/2016 19:04,5,238364.0
5491,4a5cf927-5e23-4267-926e-9463e171f71e,8/9/2016 18:04,9,238359.0
5492,4a5cf927-5e23-4267-926e-9463e171f71e,8/9/2016 17:04,10,238350.0
5493,4a5cf927-5e23-4267-926e-9463e171f71e,8/9/2016 16:04,25,238340.0
5494,4a5cf927-5e23-4267-926e-9463e171f71e,8/9/2016 15:04,65,238315.0
5495,4a5cf927-5e23-4267-926e-9463e171f71e,8/9/2016 14:04,5,238250.0
5496,4a5cf927-5e23-4267-926e-9463e171f71e,8/9/2016 13:04,8,238245.0
5497,4a5cf927-5e23-4267-926e-9463e171f71e,8/9/2016 12:04,10,238237.0
5498,4a5cf927-5e23-4267-926e-9463e171f71e,8/9/2016 11:04,29,238227.0
5499,4a5cf927-5e23-4267-926e-9463e171f71e,8/9/2016 10:04,57,238198.0
5500,4a5cf927-5e23-4267-926e-9463e171f71e,8/9/2016 9:04,0,238141.0
5501,4a5cf927-5e23-4267-926e-9463e171f71e,8/9/2016 8:04,0,238141.0
5502,4a5cf927-5e23-4267-926e-9463e171f71e,8/9/2016 7:04,0,238141.0
5503,4a5cf927-5e23-4267-926e-9463e171f71e,8/9/2016 6:04,0,238141.0
5504,4a5cf927-5e23-4267-926e-9463e171f71e,8/9/2016 5:04,0,238141.0
5505,4a5cf927-5e23-4267-926e-9463e171f71e,8/9/2016 4:04,0,238141.0
5506,4a5cf927-5e23-4267-926e-9463e171f71e,8/9/2016 3:05,0,238141.0
5507,4a5cf927-5e23-4267-926e-9463e171f71e,8/9/2016 2:05,0,238141.0
5508,4a5cf927-5e23-4267-926e-9463e171f71e,8/9/2016 1:05,0,238141.0
5509,4a5cf927-5e23-4267-926e-9463e171f71e,8/9/2016 0:05,3,238141.0
5510,4a5cf927-5e23-4267-926e-9463e171f71e,7/9/2016 23:04,19,238138.0
5511,4a5cf927-5e23-4267-926e-9463e171f71e,7/9/2016 22:04,0,238119.0
5512,4a5cf927-5e23-4267-926e-9463e171f71e,7/9/2016 21:04,0,238119.0
5513,4a5cf927-5e23-4267-926e-9463e171f71e,7/9/2016 20:04,11,238119.0
5514,4a5cf927-5e23-4267-926e-9463e171f71e,7/9/2016 19:04,63,238108.0
5515,4a5cf927-5e23-4267-926e-9463e171f71e,7/9/2016 18:04,10,238045.0
5516,4a5cf927-5e23-4267-926e-9463e171f71e,7/9/2016 17:04,6,238035.0
5517,4a5cf927-5e23-4267-926e-9463e171f71e,7/9/2016 16:04,10,238029.0
5518,4a5cf927-5e23-4267-926e-9463e171f71e,7/9/2016 15:04,16,238019.0
5519,4a5cf927-5e23-4267-926e-9463e171f71e,7/9/2016 14:04,26,238003.0
5520,4a5cf927-5e23-4267-926e-9463e171f71e,7/9/2016 13:04,40,237977.0
5521,4a5cf927-5e23-4267-926e-9463e171f71e,7/9/2016 12:04,65,237937.0
5522,4a5cf927-5e23-4267-926e-9463e171f71e,7/9/2016 11:04,15,237872.0
5523,4a5cf927-5e23-4267-926e-9463e171f71e,7/9/2016 10:04,5,237857.0
5524,4a5cf927-5e23-4267-926e-9463e171f71e,7/9/2016 9:04,0,237852.0
5525,4a5cf927-5e23-4267-926e-9463e171f71e,7/9/2016 8:04,1,237852.0
5526,4a5cf927-5e23-4267-926e-9463e171f71e,7/9/2016 7:04,0,237851.0
5527,4a5cf927-5e23-4267-926e-9463e171f71e,7/9/2016 6:04,0,237851.0
5528,4a5cf927-5e23-4267-926e-9463e171f71e,7/9/2016 5:04,0,237851.0
5529,4a5cf927-5e23-4267-926e-9463e171f71e,7/9/2016 4:04,0,237851.0
5530,4a5cf927-5e23-4267-926e-9463e171f71e,7/9/2016 3:04,0,237851.0
5531,4a5cf927-5e23-4267-926e-9463e171f71e,7/9/2016 2:04,3,237851.0
5532,4a5cf927-5e23-4267-926e-9463e171f71e,7/9/2016 1:04,0,237848.0
5533,4a5cf927-5e23-4267-926e-9463e171f71e,7/9/2016 0:04,0,237848.0
5534,4a5cf927-5e23-4267-926e-9463e171f71e,6/9/2016 23:04,0,237848.0
5535,4a5cf927-5e23-4267-926e-9463e171f71e,6/9/2016 22:04,0,237848.0
5536,4a5cf927-5e23-4267-926e-9463e171f71e,6/9/2016 21:04,0,237848.0
5537,4a5cf927-5e23-4267-926e-9463e171f71e,6/9/2016 20:04,0,237848.0
5538,4a5cf927-5e23-4267-926e-9463e171f71e,6/9/2016 19:04,4,237848.0
5539,4a5cf927-5e23-4267-926e-9463e171f71e,6/9/2016 18:04,89,237844.0
5540,4a5cf927-5e23-4267-926e-9463e171f71e,6/9/2016 17:04,14,237755.0
5541,4a5cf927-5e23-4267-926e-9463e171f71e,6/9/2016 16:04,12,237741.0
5542,4a5cf927-5e23-4267-926e-9463e171f71e,6/9/2016 15:04,60,237729.0
5543,4a5cf927-5e23-4267-926e-9463e171f71e,6/9/2016 14:04,1,237669.0
5544,4a5cf927-5e23-4267-926e-9463e171f71e,6/9/2016 13:04,0,237668.0
5545,4a5cf927-5e23-4267-926e-9463e171f71e,6/9/2016 12:04,59,237668.0
5546,4a5cf927-5e23-4267-926e-9463e171f71e,6/9/2016 7:04,0,237609.0
5547,4a5cf927-5e23-4267-926e-9463e171f71e,6/9/2016 6:04,0,237609.0
5548,4a5cf927-5e23-4267-926e-9463e171f71e,6/9/2016 5:04,0,237609.0
5549,4a5cf927-5e23-4267-926e-9463e171f71e,6/9/2016 4:04,0,237609.0
5550,4a5cf927-5e23-4267-926e-9463e171f71e,6/9/2016 3:04,0,237609.0
5551,4a5cf927-5e23-4267-926e-9463e171f71e,6/9/2016 2:04,0,237609.0
5552,4a5cf927-5e23-4267-926e-9463e171f71e,6/9/2016 1:04,4,237609.0
5553,4a5cf927-5e23-4267-926e-9463e171f71e,6/9/2016 0:04,76,237605.0
5554,4a5cf927-5e23-4267-926e-9463e171f71e,5/9/2016 15:04,36,237529.0
5555,4a5cf927-5e23-4267-926e-9463e171f71e,5/9/2016 14:04,0,237493.0
5556,4a5cf927-5e23-4267-926e-9463e171f71e,5/9/2016 13:04,7,237493.0
5557,4a5cf927-5e23-4267-926e-9463e171f71e,5/9/2016 12:04,29,237486.0
5558,4a5cf927-5e23-4267-926e-9463e171f71e,5/9/2016 11:04,20,237457.0
5559,4a5cf927-5e23-4267-926e-9463e171f71e,5/9/2016 10:04,0,237437.0
5560,4a5cf927-5e23-4267-926e-9463e171f71e,5/9/2016 9:04,0,237437.0
5561,4a5cf927-5e23-4267-926e-9463e171f71e,5/9/2016 8:04,0,237437.0
5562,4a5cf927-5e23-4267-926e-9463e171f71e,5/9/2016 3:04,0,237437.0
5563,4a5cf927-5e23-4267-926e-9463e171f71e,5/9/2016 2:04,7,237437.0
5564,4a5cf927-5e23-4267-926e-9463e171f71e,5/9/2016 1:04,8,237430.0
5565,4a5cf927-5e23-4267-926e-9463e171f71e,5/9/2016 0:04,0,237422.0
5566,4a5cf927-5e23-4267-926e-9463e171f71e,4/9/2016 23:04,0,237422.0
5567,4a5cf927-5e23-4267-926e-9463e171f71e,4/9/2016 22:04,0,237422.0
5568,4a5cf927-5e23-4267-926e-9463e171f71e,4/9/2016 21:04,7,237422.0
5569,4a5cf927-5e23-4267-926e-9463e171f71e,4/9/2016 20:04,86,237415.0
5570,4a5cf927-5e23-4267-926e-9463e171f71e,4/9/2016 19:05,48,237329.0
5571,4a5cf927-5e23-4267-926e-9463e171f71e,4/9/2016 18:05,5,237281.0
5572,4a5cf927-5e23-4267-926e-9463e171f71e,4/9/2016 17:05,3,237276.0
5573,4a5cf927-5e23-4267-926e-9463e171f71e,4/9/2016 16:05,29,237273.0
5574,4a5cf927-5e23-4267-926e-9463e171f71e,4/9/2016 15:04,0,237244.0
5575,4a5cf927-5e23-4267-926e-9463e171f71e,4/9/2016 14:04,14,237244.0
5576,4a5cf927-5e23-4267-926e-9463e171f71e,4/9/2016 13:04,11,237230.0
5577,4a5cf927-5e23-4267-926e-9463e171f71e,4/9/2016 12:04,34,237219.0
5578,4a5cf927-5e23-4267-926e-9463e171f71e,4/9/2016 11:04,19,237185.0
5579,4a5cf927-5e23-4267-926e-9463e171f71e,4/9/2016 10:04,0,237166.0
5580,4a5cf927-5e23-4267-926e-9463e171f71e,4/9/2016 9:04,0,237166.0
5581,4a5cf927-5e23-4267-926e-9463e171f71e,4/9/2016 8:04,0,237166.0
5582,4a5cf927-5e23-4267-926e-9463e171f71e,4/9/2016 7:04,0,237166.0
5583,4a5cf927-5e23-4267-926e-9463e171f71e,4/9/2016 6:04,0,237166.0
5584,4a5cf927-5e23-4267-926e-9463e171f71e,4/9/2016 5:04,0,237166.0
5585,4a5cf927-5e23-4267-926e-9463e171f71e,4/9/2016 4:04,0,237166.0
5586,4a5cf927-5e23-4267-926e-9463e171f71e,4/9/2016 3:04,3,237166.0
5587,4a5cf927-5e23-4267-926e-9463e171f71e,4/9/2016 2:04,5,237163.0
5588,4a5cf927-5e23-4267-926e-9463e171f71e,4/9/2016 1:04,0,237158.0
5589,4a5cf927-5e23-4267-926e-9463e171f71e,4/9/2016 0:04,0,237158.0
5590,4a5cf927-5e23-4267-926e-9463e171f71e,3/9/2016 23:04,0,237158.0
5591,4a5cf927-5e23-4267-926e-9463e171f71e,3/9/2016 22:04,0,237158.0
5592,4a5cf927-5e23-4267-926e-9463e171f71e,3/9/2016 21:04,7,237158.0
5593,4a5cf927-5e23-4267-926e-9463e171f71e,3/9/2016 20:04,0,237151.0
5594,4a5cf927-5e23-4267-926e-9463e171f71e,3/9/2016 19:06,4,237151.0
5595,4a5cf927-5e23-4267-926e-9463e171f71e,3/9/2016 18:06,7,237147.0
5596,4a5cf927-5e23-4267-926e-9463e171f71e,3/9/2016 17:06,4,237140.0
5597,4a5cf927-5e23-4267-926e-9463e171f71e,3/9/2016 16:06,37,237136.0
5598,4a5cf927-5e23-4267-926e-9463e171f71e,3/9/2016 15:04,77,237099.0
5599,4a5cf927-5e23-4267-926e-9463e171f71e,3/9/2016 14:04,0,237022.0
5600,4a5cf927-5e23-4267-926e-9463e171f71e,3/9/2016 13:04,0,237022.0
5601,4a5cf927-5e23-4267-926e-9463e171f71e,3/9/2016 12:04,32,237022.0
5602,4a5cf927-5e23-4267-926e-9463e171f71e,3/9/2016 11:05,12,236990.0
5603,4a5cf927-5e23-4267-926e-9463e171f71e,3/9/2016 10:05,0,236978.0
5604,4a5cf927-5e23-4267-926e-9463e171f71e,3/9/2016 9:05,0,236978.0
5605,4a5cf927-5e23-4267-926e-9463e171f71e,3/9/2016 8:05,0,236978.0
5606,4a5cf927-5e23-4267-926e-9463e171f71e,3/9/2016 7:04,0,236978.0
5607,4a5cf927-5e23-4267-926e-9463e171f71e,3/9/2016 6:04,0,236978.0
5608,4a5cf927-5e23-4267-926e-9463e171f71e,3/9/2016 5:04,0,236978.0
5609,4a5cf927-5e23-4267-926e-9463e171f71e,3/9/2016 4:04,0,236978.0
5610,4a5cf927-5e23-4267-926e-9463e171f71e,3/9/2016 3:04,0,236978.0
5611,4a5cf927-5e23-4267-926e-9463e171f71e,3/9/2016 2:04,12,236978.0
5612,4a5cf927-5e23-4267-926e-9463e171f71e,3/9/2016 1:04,0,236966.0
5613,4a5cf927-5e23-4267-926e-9463e171f71e,3/9/2016 0:04,0,236966.0
5614,4a5cf927-5e23-4267-926e-9463e171f71e,2/9/2016 23:04,0,236966.0
5615,4a5cf927-5e23-4267-926e-9463e171f71e,2/9/2016 22:04,0,236966.0
5616,4a5cf927-5e23-4267-926e-9463e171f71e,2/9/2016 21:04,0,236966.0
5617,4a5cf927-5e23-4267-926e-9463e171f71e,2/9/2016 20:04,7,236966.0
5618,4a5cf927-5e23-4267-926e-9463e171f71e,2/9/2016 19:04,4,236959.0
5619,4a5cf927-5e23-4267-926e-9463e171f71e,2/9/2016 18:04,12,236955.0
5620,4a5cf927-5e23-4267-926e-9463e171f71e,2/9/2016 17:04,0,236943.0
5621,4a5cf927-5e23-4267-926e-9463e171f71e,2/9/2016 16:04,11,236943.0
5622,4a5cf927-5e23-4267-926e-9463e171f71e,2/9/2016 15:04,58,236932.0
5623,4a5cf927-5e23-4267-926e-9463e171f71e,2/9/2016 14:04,55,236874.0
5624,4a5cf927-5e23-4267-926e-9463e171f71e,2/9/2016 13:04,0,236819.0
5625,4a5cf927-5e23-4267-926e-9463e171f71e,2/9/2016 12:04,21,236819.0
5626,4a5cf927-5e23-4267-926e-9463e171f71e,2/9/2016 11:05,13,236798.0
5627,4a5cf927-5e23-4267-926e-9463e171f71e,2/9/2016 10:05,14,236785.0
5628,4a5cf927-5e23-4267-926e-9463e171f71e,2/9/2016 9:05,0,236771.0
5629,4a5cf927-5e23-4267-926e-9463e171f71e,2/9/2016 8:05,0,236771.0
5630,4a5cf927-5e23-4267-926e-9463e171f71e,2/9/2016 7:04,0,236771.0
5631,4a5cf927-5e23-4267-926e-9463e171f71e,2/9/2016 6:04,0,236771.0
5632,4a5cf927-5e23-4267-926e-9463e171f71e,2/9/2016 5:04,0,236771.0
5633,4a5cf927-5e23-4267-926e-9463e171f71e,2/9/2016 4:04,0,236771.0
5634,4a5cf927-5e23-4267-926e-9463e171f71e,2/9/2016 3:05,0,236771.0
5635,4a5cf927-5e23-4267-926e-9463e171f71e,2/9/2016 2:05,0,236771.0
5636,4a5cf927-5e23-4267-926e-9463e171f71e,2/9/2016 1:05,0,236771.0
5637,4a5cf927-5e23-4267-926e-9463e171f71e,2/9/2016 0:05,60,236771.0
5638,4a5cf927-5e23-4267-926e-9463e171f71e,1/9/2016 19:04,1,236711.0
5639,4a5cf927-5e23-4267-926e-9463e171f71e,1/9/2016 18:04,12,236710.0
5640,4a5cf927-5e23-4267-926e-9463e171f71e,1/9/2016 17:04,0,236698.0
5641,4a5cf927-5e23-4267-926e-9463e171f71e,1/9/2016 16:04,23,236698.0
5642,4a5cf927-5e23-4267-926e-9463e171f71e,1/9/2016 15:04,6,236675.0
5643,4a5cf927-5e23-4267-926e-9463e171f71e,1/9/2016 14:04,0,236669.0
5644,4a5cf927-5e23-4267-926e-9463e171f71e,1/9/2016 13:04,0,236669.0
5645,4a5cf927-5e23-4267-926e-9463e171f71e,1/9/2016 12:04,26,236669.0
5646,4a5cf927-5e23-4267-926e-9463e171f71e,1/9/2016 11:04,28,236643.0
5647,4a5cf927-5e23-4267-926e-9463e171f71e,1/9/2016 10:04,12,236615.0
5648,4a5cf927-5e23-4267-926e-9463e171f71e,1/9/2016 9:04,0,236603.0
5649,4a5cf927-5e23-4267-926e-9463e171f71e,1/9/2016 8:04,0,236603.0
5650,4a5cf927-5e23-4267-926e-9463e171f71e,1/9/2016 7:04,0,236603.0
5651,4a5cf927-5e23-4267-926e-9463e171f71e,1/9/2016 6:04,0,236603.0
5652,4a5cf927-5e23-4267-926e-9463e171f71e,1/9/2016 5:04,0,236603.0
5653,4a5cf927-5e23-4267-926e-9463e171f71e,1/9/2016 4:04,1,236603.0
5654,4a5cf927-5e23-4267-926e-9463e171f71e,1/9/2016 3:04,0,236602.0
5655,4a5cf927-5e23-4267-926e-9463e171f71e,1/9/2016 2:04,14,236602.0
5656,4a5cf927-5e23-4267-926e-9463e171f71e,1/9/2016 1:04,0,236588.0
5657,4a5cf927-5e23-4267-926e-9463e171f71e,1/9/2016 0:04,15,236588.0
5658,4a5cf927-5e23-4267-926e-9463e171f71e,31/08/2016 19:04:29,10,236573.0
5659,4a5cf927-5e23-4267-926e-9463e171f71e,31/08/2016 18:04:29,66,236563.0
5660,4a5cf927-5e23-4267-926e-9463e171f71e,31/08/2016 17:04:29,8,236497.0
5661,4a5cf927-5e23-4267-926e-9463e171f71e,31/08/2016 16:04:29,12,236489.0
5662,4a5cf927-5e23-4267-926e-9463e171f71e,31/08/2016 15:04:30,7,236477.0
5663,4a5cf927-5e23-4267-926e-9463e171f71e,31/08/2016 14:04:30,6,236470.0
5664,4a5cf927-5e23-4267-926e-9463e171f71e,31/08/2016 13:04:30,17,236464.0
5665,4a5cf927-5e23-4267-926e-9463e171f71e,31/08/2016 12:04:30,15,236447.0
5666,4a5cf927-5e23-4267-926e-9463e171f71e,31/08/2016 11:05:13,37,236432.0
5667,4a5cf927-5e23-4267-926e-9463e171f71e,31/08/2016 10:05:13,7,236395.0
5668,4a5cf927-5e23-4267-926e-9463e171f71e,31/08/2016 09:05:13,0,236388.0
5669,4a5cf927-5e23-4267-926e-9463e171f71e,31/08/2016 08:05:13,0,236388.0
5670,4a5cf927-5e23-4267-926e-9463e171f71e,31/08/2016 07:04:33,0,236388.0
5671,4a5cf927-5e23-4267-926e-9463e171f71e,31/08/2016 06:04:33,0,236388.0
5672,4a5cf927-5e23-4267-926e-9463e171f71e,31/08/2016 05:04:33,0,236388.0
5673,4a5cf927-5e23-4267-926e-9463e171f71e,31/08/2016 04:04:33,1,236388.0
5674,4a5cf927-5e23-4267-926e-9463e171f71e,31/08/2016 03:04:31,10,236387.0
5675,4a5cf927-5e23-4267-926e-9463e171f71e,31/08/2016 02:04:31,7,236377.0
5676,4a5cf927-5e23-4267-926e-9463e171f71e,31/08/2016 01:04:31,3,236370.0
5677,4a5cf927-5e23-4267-926e-9463e171f71e,31/08/2016 00:04:31,8,236367.0
5678,4a5cf927-5e23-4267-926e-9463e171f71e,30/08/2016 23:04:31,4,236359.0
5679,4a5cf927-5e23-4267-926e-9463e171f71e,30/08/2016 22:04:31,8,236355.0
5680,4a5cf927-5e23-4267-926e-9463e171f71e,30/08/2016 21:04:31,0,236347.0
5681,4a5cf927-5e23-4267-926e-9463e171f71e,30/08/2016 20:04:31,0,236347.0
5682,4a5cf927-5e23-4267-926e-9463e171f71e,30/08/2016 19:04:34,53,236347.0
5683,4a5cf927-5e23-4267-926e-9463e171f71e,30/08/2016 18:04:34,4,236294.0
5684,4a5cf927-5e23-4267-926e-9463e171f71e,30/08/2016 17:04:34,14,236290.0
5685,4a5cf927-5e23-4267-926e-9463e171f71e,30/08/2016 16:04:34,11,236276.0
5686,4a5cf927-5e23-4267-926e-9463e171f71e,30/08/2016 15:04:30,8,236265.0
5687,4a5cf927-5e23-4267-926e-9463e171f71e,30/08/2016 14:04:30,0,236257.0
5688,4a5cf927-5e23-4267-926e-9463e171f71e,30/08/2016 13:04:30,13,236257.0
5689,4a5cf927-5e23-4267-926e-9463e171f71e,30/08/2016 12:04:30,15,236244.0
5690,4a5cf927-5e23-4267-926e-9463e171f71e,30/08/2016 11:04:35,71,236229.0
5691,4a5cf927-5e23-4267-926e-9463e171f71e,30/08/2016 10:04:35,0,236158.0
5692,4a5cf927-5e23-4267-926e-9463e171f71e,30/08/2016 09:04:35,0,236158.0
5693,4a5cf927-5e23-4267-926e-9463e171f71e,30/08/2016 08:04:35,1,236158.0
5694,4a5cf927-5e23-4267-926e-9463e171f71e,30/08/2016 07:04:32,0,236157.0
5695,4a5cf927-5e23-4267-926e-9463e171f71e,30/08/2016 06:04:32,0,236157.0
5696,4a5cf927-5e23-4267-926e-9463e171f71e,30/08/2016 05:04:32,0,236157.0
5697,4a5cf927-5e23-4267-926e-9463e171f71e,30/08/2016 04:04:32,0,236157.0
5698,4a5cf927-5e23-4267-926e-9463e171f71e,30/08/2016 03:04:33,15,236157.0
5699,4a5cf927-5e23-4267-926e-9463e171f71e,30/08/2016 02:04:33,0,236142.0
5700,4a5cf927-5e23-4267-926e-9463e171f71e,30/08/2016 01:04:33,0,236142.0
5701,4a5cf927-5e23-4267-926e-9463e171f71e,30/08/2016 00:04:33,0,236142.0
5702,4a5cf927-5e23-4267-926e-9463e171f71e,29/08/2016 23:04:33,1,236142.0
5703,4a5cf927-5e23-4267-926e-9463e171f71e,29/08/2016 22:04:33,0,236141.0
5704,4a5cf927-5e23-4267-926e-9463e171f71e,29/08/2016 21:04:33,0,236141.0
5705,4a5cf927-5e23-4267-926e-9463e171f71e,29/08/2016 20:04:33,5,236141.0
5706,4a5cf927-5e23-4267-926e-9463e171f71e,29/08/2016 19:04:35,5,236136.0
5707,4a5cf927-5e23-4267-926e-9463e171f71e,29/08/2016 18:04:35,68,236131.0
5708,4a5cf927-5e23-4267-926e-9463e171f71e,29/08/2016 17:04:35,5,236063.0
5709,4a5cf927-5e23-4267-926e-9463e171f71e,29/08/2016 16:04:35,30,236058.0
5710,4a5cf927-5e23-4267-926e-9463e171f71e,29/08/2016 15:04:34,7,236028.0
5711,4a5cf927-5e23-4267-926e-9463e171f71e,29/08/2016 14:04:34,1,236021.0
5712,4a5cf927-5e23-4267-926e-9463e171f71e,29/08/2016 13:04:34,0,236020.0
5713,4a5cf927-5e23-4267-926e-9463e171f71e,29/08/2016 12:04:34,36,236020.0
5714,4a5cf927-5e23-4267-926e-9463e171f71e,29/08/2016 11:04:41,4,235984.0
5715,4a5cf927-5e23-4267-926e-9463e171f71e,29/08/2016 10:04:41,4,235980.0
5716,4a5cf927-5e23-4267-926e-9463e171f71e,29/08/2016 09:04:41,0,235976.0
5717,4a5cf927-5e23-4267-926e-9463e171f71e,29/08/2016 08:04:41,13,235976.0
5718,4a5cf927-5e23-4267-926e-9463e171f71e,28/08/2016 23:04:37,0,235963.0
5719,4a5cf927-5e23-4267-926e-9463e171f71e,28/08/2016 22:04:37,0,235963.0
5720,4a5cf927-5e23-4267-926e-9463e171f71e,28/08/2016 21:04:37,8,235963.0
5721,4a5cf927-5e23-4267-926e-9463e171f71e,28/08/2016 20:04:37,0,235955.0
5722,4a5cf927-5e23-4267-926e-9463e171f71e,28/08/2016 19:04:39,78,235955.0
5723,4a5cf927-5e23-4267-926e-9463e171f71e,28/08/2016 18:04:39,68,235877.0
5724,4a5cf927-5e23-4267-926e-9463e171f71e,28/08/2016 17:04:39,0,235809.0
5725,4a5cf927-5e23-4267-926e-9463e171f71e,28/08/2016 16:04:39,29,235809.0
5726,4a5cf927-5e23-4267-926e-9463e171f71e,28/08/2016 15:04:40,9,235780.0
5727,4a5cf927-5e23-4267-926e-9463e171f71e,28/08/2016 14:04:40,38,235771.0
5728,4a5cf927-5e23-4267-926e-9463e171f71e,28/08/2016 13:04:40,22,235733.0
5729,4a5cf927-5e23-4267-926e-9463e171f71e,28/08/2016 12:04:40,14,235711.0
5730,4a5cf927-5e23-4267-926e-9463e171f71e,28/08/2016 11:05:02,0,235697.0
5731,4a5cf927-5e23-4267-926e-9463e171f71e,28/08/2016 10:05:02,3,235697.0
5732,4a5cf927-5e23-4267-926e-9463e171f71e,28/08/2016 09:05:02,0,235694.0
5733,4a5cf927-5e23-4267-926e-9463e171f71e,28/08/2016 08:05:02,0,235694.0
5734,4a5cf927-5e23-4267-926e-9463e171f71e,28/08/2016 07:04:40,0,235694.0
5735,4a5cf927-5e23-4267-926e-9463e171f71e,28/08/2016 06:04:40,0,235694.0
5736,4a5cf927-5e23-4267-926e-9463e171f71e,28/08/2016 05:04:40,0,235694.0
5737,4a5cf927-5e23-4267-926e-9463e171f71e,28/08/2016 04:04:40,12,235694.0
5738,4a5cf927-5e23-4267-926e-9463e171f71e,28/08/2016 03:04:40,0,235682.0
5739,4a5cf927-5e23-4267-926e-9463e171f71e,28/08/2016 02:04:40,0,235682.0
5740,4a5cf927-5e23-4267-926e-9463e171f71e,28/08/2016 01:04:40,0,235682.0
5741,4a5cf927-5e23-4267-926e-9463e171f71e,28/08/2016 00:04:40,0,235682.0
5742,4a5cf927-5e23-4267-926e-9463e171f71e,27/08/2016 23:04:41,0,235682.0
5743,4a5cf927-5e23-4267-926e-9463e171f71e,27/08/2016 22:04:41,0,235682.0
5744,4a5cf927-5e23-4267-926e-9463e171f71e,27/08/2016 21:04:41,61,235682.0
5745,4a5cf927-5e23-4267-926e-9463e171f71e,27/08/2016 20:04:41,11,235621.0
5746,4a5cf927-5e23-4267-926e-9463e171f71e,27/08/2016 19:04:40,8,235610.0
5747,4a5cf927-5e23-4267-926e-9463e171f71e,27/08/2016 18:04:40,0,235602.0
5748,4a5cf927-5e23-4267-926e-9463e171f71e,27/08/2016 17:04:40,0,235602.0
5749,4a5cf927-5e23-4267-926e-9463e171f71e,27/08/2016 16:04:40,28,235602.0
5750,4a5cf927-5e23-4267-926e-9463e171f71e,27/08/2016 15:04:40,20,235574.0
5751,4a5cf927-5e23-4267-926e-9463e171f71e,27/08/2016 14:04:40,0,235554.0
5752,4a5cf927-5e23-4267-926e-9463e171f71e,27/08/2016 13:04:40,0,235554.0
5753,4a5cf927-5e23-4267-926e-9463e171f71e,27/08/2016 12:04:40,21,235554.0
5754,4a5cf927-5e23-4267-926e-9463e171f71e,27/08/2016 11:04:40,20,235533.0
5755,4a5cf927-5e23-4267-926e-9463e171f71e,27/08/2016 10:04:40,1,235513.0
5756,4a5cf927-5e23-4267-926e-9463e171f71e,27/08/2016 09:04:40,0,235512.0
5757,4a5cf927-5e23-4267-926e-9463e171f71e,27/08/2016 08:04:40,0,235512.0
5758,4a5cf927-5e23-4267-926e-9463e171f71e,27/08/2016 07:04:39,0,235512.0
5759,4a5cf927-5e23-4267-926e-9463e171f71e,27/08/2016 06:04:39,0,235512.0
5760,4a5cf927-5e23-4267-926e-9463e171f71e,27/08/2016 05:04:39,0,235512.0
5761,4a5cf927-5e23-4267-926e-9463e171f71e,27/08/2016 04:04:39,59,235512.0
5762,4a5cf927-5e23-4267-926e-9463e171f71e,26/08/2016 23:04:41,1,235453.0
5763,4a5cf927-5e23-4267-926e-9463e171f71e,26/08/2016 22:04:41,0,235452.0
5764,4a5cf927-5e23-4267-926e-9463e171f71e,26/08/2016 21:04:41,3,235452.0
5765,4a5cf927-5e23-4267-926e-9463e171f71e,26/08/2016 20:04:41,0,235449.0
5766,4a5cf927-5e23-4267-926e-9463e171f71e,26/08/2016 19:04:57,7,235449.0
5767,4a5cf927-5e23-4267-926e-9463e171f71e,26/08/2016 18:04:57,20,235442.0
5768,4a5cf927-5e23-4267-926e-9463e171f71e,26/08/2016 17:04:57,7,235422.0
5769,4a5cf927-5e23-4267-926e-9463e171f71e,26/08/2016 16:04:57,64,235415.0
5770,4a5cf927-5e23-4267-926e-9463e171f71e,26/08/2016 15:04:41,65,235351.0
5771,4a5cf927-5e23-4267-926e-9463e171f71e,26/08/2016 14:04:41,0,235286.0
5772,4a5cf927-5e23-4267-926e-9463e171f71e,26/08/2016 13:04:41,0,235286.0
5773,4a5cf927-5e23-4267-926e-9463e171f71e,26/08/2016 12:04:41,13,235286.0
5774,4a5cf927-5e23-4267-926e-9463e171f71e,26/08/2016 11:04:44,25,235273.0
5775,4a5cf927-5e23-4267-926e-9463e171f71e,26/08/2016 10:04:44,9,235248.0
5776,4a5cf927-5e23-4267-926e-9463e171f71e,26/08/2016 09:04:44,0,235239.0
5777,4a5cf927-5e23-4267-926e-9463e171f71e,26/08/2016 08:04:44,0,235239.0
5778,4a5cf927-5e23-4267-926e-9463e171f71e,26/08/2016 07:04:46,0,235239.0
5779,4a5cf927-5e23-4267-926e-9463e171f71e,26/08/2016 06:04:46,0,235239.0
5780,4a5cf927-5e23-4267-926e-9463e171f71e,26/08/2016 05:04:46,0,235239.0
5781,4a5cf927-5e23-4267-926e-9463e171f71e,26/08/2016 04:04:46,0,235239.0
5782,4a5cf927-5e23-4267-926e-9463e171f71e,26/08/2016 03:04:42,7,235239.0
5783,4a5cf927-5e23-4267-926e-9463e171f71e,26/08/2016 02:04:42,0,235232.0
5784,4a5cf927-5e23-4267-926e-9463e171f71e,26/08/2016 01:04:42,1,235232.0
5785,4a5cf927-5e23-4267-926e-9463e171f71e,26/08/2016 00:04:42,0,235231.0
5786,4a5cf927-5e23-4267-926e-9463e171f71e,25/08/2016 23:04:58,0,235231.0
5787,4a5cf927-5e23-4267-926e-9463e171f71e,25/08/2016 22:04:58,0,235231.0
5788,4a5cf927-5e23-4267-926e-9463e171f71e,25/08/2016 21:04:58,0,235231.0
5789,4a5cf927-5e23-4267-926e-9463e171f71e,25/08/2016 20:04:58,4,235231.0
5790,4a5cf927-5e23-4267-926e-9463e171f71e,25/08/2016 19:04:46,10,235227.0
5791,4a5cf927-5e23-4267-926e-9463e171f71e,25/08/2016 18:04:46,78,235217.0
5792,4a5cf927-5e23-4267-926e-9463e171f71e,25/08/2016 17:04:46,2,235139.0
5793,4a5cf927-5e23-4267-926e-9463e171f71e,25/08/2016 16:04:46,8,235137.0
5794,4a5cf927-5e23-4267-926e-9463e171f71e,25/08/2016 15:04:44,19,235129.0
5795,4a5cf927-5e23-4267-926e-9463e171f71e,25/08/2016 14:04:44,9,235110.0
5796,4a5cf927-5e23-4267-926e-9463e171f71e,25/08/2016 13:04:44,0,235101.0
5797,4a5cf927-5e23-4267-926e-9463e171f71e,25/08/2016 12:04:44,0,235101.0
5798,4a5cf927-5e23-4267-926e-9463e171f71e,25/08/2016 11:04:50,37,235101.0
5799,4a5cf927-5e23-4267-926e-9463e171f71e,25/08/2016 10:04:50,11,235064.0
5800,4a5cf927-5e23-4267-926e-9463e171f71e,25/08/2016 09:04:50,0,235053.0
5801,4a5cf927-5e23-4267-926e-9463e171f71e,25/08/2016 08:04:50,0,235053.0
5802,4a5cf927-5e23-4267-926e-9463e171f71e,25/08/2016 07:04:45,0,235053.0
5803,4a5cf927-5e23-4267-926e-9463e171f71e,25/08/2016 06:04:45,0,235053.0
5804,4a5cf927-5e23-4267-926e-9463e171f71e,25/08/2016 05:04:45,0,235053.0
5805,4a5cf927-5e23-4267-926e-9463e171f71e,25/08/2016 04:04:45,0,235053.0
5806,4a5cf927-5e23-4267-926e-9463e171f71e,25/08/2016 03:04:45,0,235053.0
5807,4a5cf927-5e23-4267-926e-9463e171f71e,25/08/2016 02:04:45,0,235053.0
5808,4a5cf927-5e23-4267-926e-9463e171f71e,25/08/2016 01:04:45,0,235053.0
5809,4a5cf927-5e23-4267-926e-9463e171f71e,25/08/2016 00:04:45,6,235053.0
5810,4a5cf927-5e23-4267-926e-9463e171f71e,24/08/2016 23:04:47,0,235047.0
5811,4a5cf927-5e23-4267-926e-9463e171f71e,24/08/2016 22:04:47,0,235047.0
5812,4a5cf927-5e23-4267-926e-9463e171f71e,24/08/2016 21:04:47,0,235047.0
5813,4a5cf927-5e23-4267-926e-9463e171f71e,24/08/2016 20:04:47,9,235047.0
5814,4a5cf927-5e23-4267-926e-9463e171f71e,24/08/2016 19:04:47,65,235038.0
5815,4a5cf927-5e23-4267-926e-9463e171f71e,24/08/2016 18:04:47,0,234973.0
5816,4a5cf927-5e23-4267-926e-9463e171f71e,24/08/2016 17:04:47,21,234973.0
5817,4a5cf927-5e23-4267-926e-9463e171f71e,24/08/2016 16:04:47,20,234952.0
5818,4a5cf927-5e23-4267-926e-9463e171f71e,24/08/2016 15:04:48,40,234932.0
5819,4a5cf927-5e23-4267-926e-9463e171f71e,24/08/2016 14:04:48,1,234892.0
5820,4a5cf927-5e23-4267-926e-9463e171f71e,24/08/2016 13:04:48,0,234891.0
5821,4a5cf927-5e23-4267-926e-9463e171f71e,24/08/2016 12:04:48,18,234891.0
5822,4a5cf927-5e23-4267-926e-9463e171f71e,24/08/2016 11:04:47,15,234873.0
5823,4a5cf927-5e23-4267-926e-9463e171f71e,24/08/2016 10:04:47,4,234858.0
5824,4a5cf927-5e23-4267-926e-9463e171f71e,24/08/2016 09:04:47,2,234854.0
5825,4a5cf927-5e23-4267-926e-9463e171f71e,24/08/2016 08:04:47,0,234852.0
5826,4a5cf927-5e23-4267-926e-9463e171f71e,24/08/2016 03:04:58,4,234852.0
5827,4a5cf927-5e23-4267-926e-9463e171f71e,24/08/2016 02:04:58,2,234848.0
5828,4a5cf927-5e23-4267-926e-9463e171f71e,24/08/2016 01:04:58,6,234846.0
5829,4a5cf927-5e23-4267-926e-9463e171f71e,24/08/2016 00:04:58,4,234840.0
5830,4a5cf927-5e23-4267-926e-9463e171f71e,23/08/2016 23:04:48,22,234836.0
5831,4a5cf927-5e23-4267-926e-9463e171f71e,23/08/2016 22:04:48,17,234814.0
5832,4a5cf927-5e23-4267-926e-9463e171f71e,23/08/2016 21:04:48,1,234797.0
5833,4a5cf927-5e23-4267-926e-9463e171f71e,23/08/2016 20:04:48,5,234796.0
5834,4a5cf927-5e23-4267-926e-9463e171f71e,23/08/2016 19:04:50,6,234791.0
5835,4a5cf927-5e23-4267-926e-9463e171f71e,23/08/2016 18:04:50,13,234785.0
5836,4a5cf927-5e23-4267-926e-9463e171f71e,23/08/2016 17:04:50,7,234772.0
5837,4a5cf927-5e23-4267-926e-9463e171f71e,23/08/2016 16:04:50,6,234765.0
5838,4a5cf927-5e23-4267-926e-9463e171f71e,23/08/2016 15:04:48,64,234759.0
5839,4a5cf927-5e23-4267-926e-9463e171f71e,23/08/2016 14:04:48,0,234695.0
5840,4a5cf927-5e23-4267-926e-9463e171f71e,23/08/2016 13:04:48,0,234695.0
5841,4a5cf927-5e23-4267-926e-9463e171f71e,23/08/2016 12:04:48,28,234695.0
5842,4a5cf927-5e23-4267-926e-9463e171f71e,23/08/2016 11:05:20,32,234667.0
5843,4a5cf927-5e23-4267-926e-9463e171f71e,23/08/2016 10:05:20,0,234635.0
5844,4a5cf927-5e23-4267-926e-9463e171f71e,23/08/2016 09:05:20,0,234635.0
5845,4a5cf927-5e23-4267-926e-9463e171f71e,23/08/2016 08:05:20,0,234635.0
5846,4a5cf927-5e23-4267-926e-9463e171f71e,23/08/2016 07:04:48,0,234635.0
5847,4a5cf927-5e23-4267-926e-9463e171f71e,23/08/2016 06:04:48,0,234635.0
5848,4a5cf927-5e23-4267-926e-9463e171f71e,23/08/2016 05:04:48,0,234635.0
5849,4a5cf927-5e23-4267-926e-9463e171f71e,23/08/2016 04:04:48,0,234635.0
5850,4a5cf927-5e23-4267-926e-9463e171f71e,23/08/2016 03:04:50,0,234635.0
5851,4a5cf927-5e23-4267-926e-9463e171f71e,23/08/2016 02:04:50,2,234635.0
5852,4a5cf927-5e23-4267-926e-9463e171f71e,23/08/2016 01:04:50,0,234633.0
5853,4a5cf927-5e23-4267-926e-9463e171f71e,23/08/2016 00:04:50,11,234633.0
5854,4a5cf927-5e23-4267-926e-9463e171f71e,22/08/2016 23:05:04,0,234622.0
5855,4a5cf927-5e23-4267-926e-9463e171f71e,22/08/2016 22:05:04,0,234622.0
5856,4a5cf927-5e23-4267-926e-9463e171f71e,22/08/2016 21:05:04,0,234622.0
5857,4a5cf927-5e23-4267-926e-9463e171f71e,22/08/2016 20:05:04,15,234622.0
5858,4a5cf927-5e23-4267-926e-9463e171f71e,22/08/2016 19:05:02,0,234607.0
5859,4a5cf927-5e23-4267-926e-9463e171f71e,22/08/2016 18:05:02,5,234607.0
5860,4a5cf927-5e23-4267-926e-9463e171f71e,22/08/2016 17:05:02,1,234602.0
5861,4a5cf927-5e23-4267-926e-9463e171f71e,22/08/2016 16:05:02,61,234601.0
5862,4a5cf927-5e23-4267-926e-9463e171f71e,22/08/2016 15:05:00,52,234540.0
5863,4a5cf927-5e23-4267-926e-9463e171f71e,22/08/2016 14:05:00,0,234488.0
5864,4a5cf927-5e23-4267-926e-9463e171f71e,22/08/2016 13:05:00,10,234488.0
5865,4a5cf927-5e23-4267-926e-9463e171f71e,22/08/2016 12:05:00,21,234478.0
5866,4a5cf927-5e23-4267-926e-9463e171f71e,22/08/2016 11:04:51,12,234457.0
5867,4a5cf927-5e23-4267-926e-9463e171f71e,22/08/2016 10:04:51,14,234445.0
5868,4a5cf927-5e23-4267-926e-9463e171f71e,22/08/2016 09:04:51,0,234431.0
5869,4a5cf927-5e23-4267-926e-9463e171f71e,22/08/2016 08:04:51,0,234431.0
5870,4a5cf927-5e23-4267-926e-9463e171f71e,22/08/2016 07:04:52,0,234431.0
5871,4a5cf927-5e23-4267-926e-9463e171f71e,22/08/2016 06:04:52,0,234431.0
5872,4a5cf927-5e23-4267-926e-9463e171f71e,22/08/2016 05:04:52,0,234431.0
5873,4a5cf927-5e23-4267-926e-9463e171f71e,22/08/2016 04:04:52,0,234431.0
5874,4a5cf927-5e23-4267-926e-9463e171f71e,22/08/2016 03:04:52,0,234431.0
5875,4a5cf927-5e23-4267-926e-9463e171f71e,22/08/2016 02:04:52,6,234431.0
5876,4a5cf927-5e23-4267-926e-9463e171f71e,22/08/2016 01:04:52,13,234425.0
5877,4a5cf927-5e23-4267-926e-9463e171f71e,22/08/2016 00:04:52,17,234412.0
5878,4a5cf927-5e23-4267-926e-9463e171f71e,21/08/2016 23:05:04,17,234395.0
5879,4a5cf927-5e23-4267-926e-9463e171f71e,21/08/2016 22:05:04,0,234378.0
5880,4a5cf927-5e23-4267-926e-9463e171f71e,21/08/2016 21:05:04,4,234378.0
5881,4a5cf927-5e23-4267-926e-9463e171f71e,21/08/2016 20:05:04,0,234374.0
5882,4a5cf927-5e23-4267-926e-9463e171f71e,21/08/2016 19:04:52,8,234374.0
5883,4a5cf927-5e23-4267-926e-9463e171f71e,21/08/2016 18:04:52,3,234366.0
5884,4a5cf927-5e23-4267-926e-9463e171f71e,21/08/2016 17:04:52,14,234363.0
5885,4a5cf927-5e23-4267-926e-9463e171f71e,21/08/2016 16:04:52,29,234349.0
5886,4a5cf927-5e23-4267-926e-9463e171f71e,21/08/2016 15:04:52,38,234320.0
5887,4a5cf927-5e23-4267-926e-9463e171f71e,21/08/2016 14:04:52,38,234282.0
5888,4a5cf927-5e23-4267-926e-9463e171f71e,21/08/2016 13:04:52,32,234244.0
5889,4a5cf927-5e23-4267-926e-9463e171f71e,21/08/2016 12:04:52,20,234212.0
5890,4a5cf927-5e23-4267-926e-9463e171f71e,21/08/2016 03:04:55,0,234192.0
5891,4a5cf927-5e23-4267-926e-9463e171f71e,21/08/2016 02:04:55,0,234192.0
5892,4a5cf927-5e23-4267-926e-9463e171f71e,21/08/2016 01:04:55,0,234192.0
5893,4a5cf927-5e23-4267-926e-9463e171f71e,21/08/2016 00:04:55,1,234192.0
5894,4a5cf927-5e23-4267-926e-9463e171f71e,20/08/2016 23:04:53,0,234191.0
5895,4a5cf927-5e23-4267-926e-9463e171f71e,20/08/2016 22:04:53,0,234191.0
5896,4a5cf927-5e23-4267-926e-9463e171f71e,20/08/2016 21:04:53,0,234191.0
5897,4a5cf927-5e23-4267-926e-9463e171f71e,20/08/2016 20:04:53,0,234191.0
5898,4a5cf927-5e23-4267-926e-9463e171f71e,20/08/2016 19:04:58,0,234191.0
5899,4a5cf927-5e23-4267-926e-9463e171f71e,20/08/2016 18:04:58,0,234191.0
5900,4a5cf927-5e23-4267-926e-9463e171f71e,20/08/2016 17:04:58,20,234191.0
5901,4a5cf927-5e23-4267-926e-9463e171f71e,20/08/2016 16:04:58,14,234171.0
5902,4a5cf927-5e23-4267-926e-9463e171f71e,20/08/2016 15:05:09,71,234157.0
5903,4a5cf927-5e23-4267-926e-9463e171f71e,20/08/2016 14:05:09,5,234086.0
5904,4a5cf927-5e23-4267-926e-9463e171f71e,20/08/2016 13:05:09,0,234081.0
5905,4a5cf927-5e23-4267-926e-9463e171f71e,20/08/2016 12:05:09,13,234081.0
5906,4a5cf927-5e23-4267-926e-9463e171f71e,20/08/2016 11:04:56,23,234068.0
5907,4a5cf927-5e23-4267-926e-9463e171f71e,20/08/2016 10:04:56,31,234045.0
5908,4a5cf927-5e23-4267-926e-9463e171f71e,20/08/2016 09:04:56,11,234014.0
5909,4a5cf927-5e23-4267-926e-9463e171f71e,20/08/2016 08:04:56,0,234003.0
5910,4a5cf927-5e23-4267-926e-9463e171f71e,20/08/2016 07:04:56,0,234003.0
5911,4a5cf927-5e23-4267-926e-9463e171f71e,20/08/2016 06:04:56,0,234003.0
5912,4a5cf927-5e23-4267-926e-9463e171f71e,20/08/2016 05:04:56,0,234003.0
5913,4a5cf927-5e23-4267-926e-9463e171f71e,20/08/2016 04:04:56,0,234003.0
5914,4a5cf927-5e23-4267-926e-9463e171f71e,20/08/2016 03:04:58,0,234003.0
5915,4a5cf927-5e23-4267-926e-9463e171f71e,20/08/2016 02:04:58,0,234003.0
5916,4a5cf927-5e23-4267-926e-9463e171f71e,20/08/2016 01:04:58,0,234003.0
5917,4a5cf927-5e23-4267-926e-9463e171f71e,20/08/2016 00:04:58,3,234003.0
5918,4a5cf927-5e23-4267-926e-9463e171f71e,19/08/2016 23:04:57,9,234000.0
5919,4a5cf927-5e23-4267-926e-9463e171f71e,19/08/2016 22:04:57,7,233991.0
5920,4a5cf927-5e23-4267-926e-9463e171f71e,19/08/2016 21:04:57,4,233984.0
5921,4a5cf927-5e23-4267-926e-9463e171f71e,19/08/2016 20:04:57,9,233980.0
5922,4a5cf927-5e23-4267-926e-9463e171f71e,19/08/2016 19:04:57,5,233971.0
5923,4a5cf927-5e23-4267-926e-9463e171f71e,19/08/2016 18:04:57,8,233966.0
5924,4a5cf927-5e23-4267-926e-9463e171f71e,19/08/2016 17:04:57,18,233958.0
5925,4a5cf927-5e23-4267-926e-9463e171f71e,19/08/2016 16:04:57,11,233940.0
5926,4a5cf927-5e23-4267-926e-9463e171f71e,19/08/2016 15:04:58,10,233929.0
5927,4a5cf927-5e23-4267-926e-9463e171f71e,19/08/2016 14:04:58,1,233919.0
5928,4a5cf927-5e23-4267-926e-9463e171f71e,19/08/2016 13:04:58,0,233918.0
5929,4a5cf927-5e23-4267-926e-9463e171f71e,19/08/2016 12:04:58,29,233918.0
5930,4a5cf927-5e23-4267-926e-9463e171f71e,19/08/2016 11:05:21,34,233889.0
5931,4a5cf927-5e23-4267-926e-9463e171f71e,19/08/2016 10:05:21,0,233855.0
5932,4a5cf927-5e23-4267-926e-9463e171f71e,19/08/2016 09:05:21,0,233855.0
5933,4a5cf927-5e23-4267-926e-9463e171f71e,19/08/2016 08:05:21,0,233855.0
5934,4a5cf927-5e23-4267-926e-9463e171f71e,19/08/2016 07:05:32,0,233855.0
5935,4a5cf927-5e23-4267-926e-9463e171f71e,19/08/2016 06:05:32,0,233855.0
5936,4a5cf927-5e23-4267-926e-9463e171f71e,19/08/2016 05:05:32,0,233855.0
5937,4a5cf927-5e23-4267-926e-9463e171f71e,19/08/2016 04:05:32,0,233855.0
5938,4a5cf927-5e23-4267-926e-9463e171f71e,19/08/2016 03:05:00,0,233855.0
5939,4a5cf927-5e23-4267-926e-9463e171f71e,19/08/2016 02:05:00,0,233855.0
5940,4a5cf927-5e23-4267-926e-9463e171f71e,19/08/2016 01:05:00,0,233855.0
5941,4a5cf927-5e23-4267-926e-9463e171f71e,19/08/2016 00:05:00,178,233855.0
5942,4a5cf927-5e23-4267-926e-9463e171f71e,18/08/2016 19:05:00,6,233677.0
5943,4a5cf927-5e23-4267-926e-9463e171f71e,18/08/2016 18:05:00,12,233671.0
5944,4a5cf927-5e23-4267-926e-9463e171f71e,18/08/2016 17:05:00,7,233659.0
5945,4a5cf927-5e23-4267-926e-9463e171f71e,18/08/2016 16:05:00,119,233652.0
5946,4a5cf927-5e23-4267-926e-9463e171f71e,18/08/2016 15:04:59,3,233533.0
5947,4a5cf927-5e23-4267-926e-9463e171f71e,18/08/2016 14:04:59,1,233530.0
5948,4a5cf927-5e23-4267-926e-9463e171f71e,18/08/2016 13:04:59,0,233529.0
5949,4a5cf927-5e23-4267-926e-9463e171f71e,18/08/2016 12:04:59,15,233529.0
5950,4a5cf927-5e23-4267-926e-9463e171f71e,18/08/2016 11:05:02,20,233514.0
5951,4a5cf927-5e23-4267-926e-9463e171f71e,18/08/2016 10:05:02,0,233494.0
5952,4a5cf927-5e23-4267-926e-9463e171f71e,18/08/2016 09:05:02,1,233494.0
5953,4a5cf927-5e23-4267-926e-9463e171f71e,18/08/2016 08:05:02,0,233493.0
5954,4a5cf927-5e23-4267-926e-9463e171f71e,18/08/2016 07:05:05,0,233493.0
5955,4a5cf927-5e23-4267-926e-9463e171f71e,18/08/2016 06:05:05,0,233493.0
5956,4a5cf927-5e23-4267-926e-9463e171f71e,18/08/2016 05:05:05,0,233493.0
5957,4a5cf927-5e23-4267-926e-9463e171f71e,18/08/2016 04:05:05,0,233493.0
5958,4a5cf927-5e23-4267-926e-9463e171f71e,18/08/2016 03:05:40,0,233493.0
5959,4a5cf927-5e23-4267-926e-9463e171f71e,18/08/2016 02:05:40,0,233493.0
5960,4a5cf927-5e23-4267-926e-9463e171f71e,18/08/2016 01:05:40,13,233493.0
5961,4a5cf927-5e23-4267-926e-9463e171f71e,18/08/2016 00:05:40,0,233480.0
5962,4a5cf927-5e23-4267-926e-9463e171f71e,17/08/2016 23:05:02,0,233480.0
5963,4a5cf927-5e23-4267-926e-9463e171f71e,17/08/2016 22:05:02,0,233480.0
5964,4a5cf927-5e23-4267-926e-9463e171f71e,17/08/2016 21:05:02,0,233480.0
5965,4a5cf927-5e23-4267-926e-9463e171f71e,17/08/2016 20:05:02,0,233480.0
5966,4a5cf927-5e23-4267-926e-9463e171f71e,17/08/2016 19:05:05,16,233480.0
5967,4a5cf927-5e23-4267-926e-9463e171f71e,17/08/2016 18:05:05,5,233464.0
5968,4a5cf927-5e23-4267-926e-9463e171f71e,17/08/2016 17:05:05,4,233459.0
5969,4a5cf927-5e23-4267-926e-9463e171f71e,17/08/2016 16:05:05,84,233455.0
5970,4a5cf927-5e23-4267-926e-9463e171f71e,17/08/2016 11:05:31,39,233371.0
5971,4a5cf927-5e23-4267-926e-9463e171f71e,17/08/2016 10:05:31,8,233332.0
5972,4a5cf927-5e23-4267-926e-9463e171f71e,17/08/2016 09:05:31,0,233324.0
5973,4a5cf927-5e23-4267-926e-9463e171f71e,17/08/2016 08:05:31,1,233324.0
5974,4a5cf927-5e23-4267-926e-9463e171f71e,17/08/2016 03:05:05,0,233323.0
5975,4a5cf927-5e23-4267-926e-9463e171f71e,17/08/2016 02:05:05,0,233323.0
5976,4a5cf927-5e23-4267-926e-9463e171f71e,17/08/2016 01:05:05,7,233323.0
5977,4a5cf927-5e23-4267-926e-9463e171f71e,17/08/2016 00:05:05,0,233316.0
5978,4a5cf927-5e23-4267-926e-9463e171f71e,16/08/2016 23:05:23,9,233316.0
5979,4a5cf927-5e23-4267-926e-9463e171f71e,16/08/2016 22:05:23,11,233307.0
5980,4a5cf927-5e23-4267-926e-9463e171f71e,16/08/2016 21:05:23,5,233296.0
5981,4a5cf927-5e23-4267-926e-9463e171f71e,16/08/2016 20:05:23,0,233291.0
5982,4a5cf927-5e23-4267-926e-9463e171f71e,16/08/2016 19:05:05,21,233291.0
5983,4a5cf927-5e23-4267-926e-9463e171f71e,16/08/2016 18:05:05,88,233270.0
5984,4a5cf927-5e23-4267-926e-9463e171f71e,16/08/2016 17:05:05,14,233182.0
5985,4a5cf927-5e23-4267-926e-9463e171f71e,16/08/2016 16:05:05,19,233168.0
5986,4a5cf927-5e23-4267-926e-9463e171f71e,16/08/2016 15:05:05,15,233149.0
5987,4a5cf927-5e23-4267-926e-9463e171f71e,16/08/2016 14:05:05,1,233134.0
5988,4a5cf927-5e23-4267-926e-9463e171f71e,16/08/2016 13:05:05,20,233133.0
5989,4a5cf927-5e23-4267-926e-9463e171f71e,16/08/2016 12:05:05,70,233113.0
5990,4a5cf927-5e23-4267-926e-9463e171f71e,16/08/2016 07:05:07,0,233043.0
5991,4a5cf927-5e23-4267-926e-9463e171f71e,16/08/2016 06:05:07,0,233043.0
5992,4a5cf927-5e23-4267-926e-9463e171f71e,16/08/2016 05:05:07,0,233043.0
5993,4a5cf927-5e23-4267-926e-9463e171f71e,16/08/2016 04:05:07,0,233043.0
5994,4a5cf927-5e23-4267-926e-9463e171f71e,16/08/2016 03:05:09,0,233043.0
5995,4a5cf927-5e23-4267-926e-9463e171f71e,16/08/2016 02:05:09,8,233043.0
5996,4a5cf927-5e23-4267-926e-9463e171f71e,16/08/2016 01:05:09,0,233035.0
5997,4a5cf927-5e23-4267-926e-9463e171f71e,16/08/2016 00:05:09,0,233035.0
5998,4a5cf927-5e23-4267-926e-9463e171f71e,15/08/2016 23:05:07,0,233035.0
5999,4a5cf927-5e23-4267-926e-9463e171f71e,15/08/2016 22:05:07,0,233035.0
6000,4a5cf927-5e23-4267-926e-9463e171f71e,15/08/2016 21:05:07,0,233035.0
6001,4a5cf927-5e23-4267-926e-9463e171f71e,15/08/2016 20:05:07,184,233035.0
6002,4a5cf927-5e23-4267-926e-9463e171f71e,15/08/2016 07:05:08,0,232851.0
6003,4a5cf927-5e23-4267-926e-9463e171f71e,15/08/2016 06:05:08,0,232851.0
6004,4a5cf927-5e23-4267-926e-9463e171f71e,15/08/2016 05:05:08,0,232851.0
6005,4a5cf927-5e23-4267-926e-9463e171f71e,15/08/2016 04:05:08,1,232851.0
6006,4a5cf927-5e23-4267-926e-9463e171f71e,15/08/2016 03:05:10,11,232850.0
6007,4a5cf927-5e23-4267-926e-9463e171f71e,15/08/2016 02:05:10,0,232839.0
6008,4a5cf927-5e23-4267-926e-9463e171f71e,15/08/2016 01:05:10,0,232839.0
6009,4a5cf927-5e23-4267-926e-9463e171f71e,15/08/2016 00:05:10,0,232839.0
6010,4a5cf927-5e23-4267-926e-9463e171f71e,14/08/2016 23:05:09,0,232839.0
6011,4a5cf927-5e23-4267-926e-9463e171f71e,14/08/2016 22:05:09,0,232839.0
6012,4a5cf927-5e23-4267-926e-9463e171f71e,14/08/2016 21:05:09,72,232839.0
6013,4a5cf927-5e23-4267-926e-9463e171f71e,14/08/2016 20:05:09,77,232767.0
6014,4a5cf927-5e23-4267-926e-9463e171f71e,14/08/2016 19:05:10,5,232690.0
6015,4a5cf927-5e23-4267-926e-9463e171f71e,14/08/2016 18:05:10,1,232685.0
6016,4a5cf927-5e23-4267-926e-9463e171f71e,14/08/2016 17:05:10,20,232684.0
6017,4a5cf927-5e23-4267-926e-9463e171f71e,14/08/2016 16:05:10,16,232664.0
6018,4a5cf927-5e23-4267-926e-9463e171f71e,14/08/2016 15:05:10,0,232648.0
6019,4a5cf927-5e23-4267-926e-9463e171f71e,14/08/2016 14:05:10,0,232648.0
6020,4a5cf927-5e23-4267-926e-9463e171f71e,14/08/2016 13:05:10,0,232648.0
6021,4a5cf927-5e23-4267-926e-9463e171f71e,14/08/2016 12:05:10,46,232648.0
6022,4a5cf927-5e23-4267-926e-9463e171f71e,14/08/2016 11:05:48,6,232602.0
6023,4a5cf927-5e23-4267-926e-9463e171f71e,14/08/2016 10:05:48,19,232596.0
6024,4a5cf927-5e23-4267-926e-9463e171f71e,14/08/2016 09:05:48,2,232577.0
6025,4a5cf927-5e23-4267-926e-9463e171f71e,14/08/2016 08:05:48,0,232575.0
6026,4a5cf927-5e23-4267-926e-9463e171f71e,14/08/2016 07:05:09,0,232575.0
6027,4a5cf927-5e23-4267-926e-9463e171f71e,14/08/2016 06:05:09,3,232575.0
6028,4a5cf927-5e23-4267-926e-9463e171f71e,14/08/2016 05:05:09,1,232572.0
6029,4a5cf927-5e23-4267-926e-9463e171f71e,14/08/2016 04:05:09,0,232571.0
6030,4a5cf927-5e23-4267-926e-9463e171f71e,14/08/2016 03:05:11,0,232571.0
6031,4a5cf927-5e23-4267-926e-9463e171f71e,14/08/2016 02:05:11,0,232571.0
6032,4a5cf927-5e23-4267-926e-9463e171f71e,14/08/2016 01:05:11,3,232571.0
6033,4a5cf927-5e23-4267-926e-9463e171f71e,14/08/2016 00:05:11,96,232568.0
6034,4a5cf927-5e23-4267-926e-9463e171f71e,13/08/2016 19:05:17,0,232472.0
6035,4a5cf927-5e23-4267-926e-9463e171f71e,13/08/2016 18:05:17,4,232472.0
6036,4a5cf927-5e23-4267-926e-9463e171f71e,13/08/2016 17:05:17,29,232468.0
6037,4a5cf927-5e23-4267-926e-9463e171f71e,13/08/2016 16:05:17,253,232439.0
6038,4a5cf927-5e23-4267-926e-9463e171f71e,13/08/2016 07:05:12,0,232186.0
6039,4a5cf927-5e23-4267-926e-9463e171f71e,13/08/2016 06:05:12,0,232186.0
6040,4a5cf927-5e23-4267-926e-9463e171f71e,13/08/2016 05:05:12,0,232186.0
6041,4a5cf927-5e23-4267-926e-9463e171f71e,13/08/2016 04:05:12,0,232186.0
6042,4a5cf927-5e23-4267-926e-9463e171f71e,13/08/2016 03:05:16,0,232186.0
6043,4a5cf927-5e23-4267-926e-9463e171f71e,13/08/2016 02:05:16,26,232186.0
6044,4a5cf927-5e23-4267-926e-9463e171f71e,13/08/2016 01:05:16,11,232160.0
6045,4a5cf927-5e23-4267-926e-9463e171f71e,13/08/2016 00:05:16,12,232149.0
6046,4a5cf927-5e23-4267-926e-9463e171f71e,12/8/2016 23:05,2,232137.0
6047,4a5cf927-5e23-4267-926e-9463e171f71e,12/8/2016 22:05,18,232135.0
6048,4a5cf927-5e23-4267-926e-9463e171f71e,12/8/2016 21:05,7,232117.0
6049,4a5cf927-5e23-4267-926e-9463e171f71e,12/8/2016 20:05,0,232110.0
6050,4a5cf927-5e23-4267-926e-9463e171f71e,12/8/2016 19:05,8,232110.0
6051,4a5cf927-5e23-4267-926e-9463e171f71e,12/8/2016 18:05,3,232102.0
6052,4a5cf927-5e23-4267-926e-9463e171f71e,12/8/2016 17:05,19,232099.0
6053,4a5cf927-5e23-4267-926e-9463e171f71e,12/8/2016 16:05,65,232080.0
6054,4a5cf927-5e23-4267-926e-9463e171f71e,12/8/2016 15:05,61,232015.0
6055,4a5cf927-5e23-4267-926e-9463e171f71e,12/8/2016 14:05,0,231954.0
6056,4a5cf927-5e23-4267-926e-9463e171f71e,12/8/2016 13:05,0,231954.0
6057,4a5cf927-5e23-4267-926e-9463e171f71e,12/8/2016 12:05,16,231954.0
6058,4a5cf927-5e23-4267-926e-9463e171f71e,12/8/2016 11:05,36,231938.0
6059,4a5cf927-5e23-4267-926e-9463e171f71e,12/8/2016 10:05,4,231902.0
6060,4a5cf927-5e23-4267-926e-9463e171f71e,12/8/2016 9:05,6,231898.0
6061,4a5cf927-5e23-4267-926e-9463e171f71e,12/8/2016 8:05,0,231892.0
6062,4a5cf927-5e23-4267-926e-9463e171f71e,12/8/2016 7:05,0,231892.0
6063,4a5cf927-5e23-4267-926e-9463e171f71e,12/8/2016 6:05,0,231892.0
6064,4a5cf927-5e23-4267-926e-9463e171f71e,12/8/2016 5:05,0,231892.0
6065,4a5cf927-5e23-4267-926e-9463e171f71e,12/8/2016 4:05,0,231892.0
6066,4a5cf927-5e23-4267-926e-9463e171f71e,12/8/2016 3:05,0,231892.0
6067,4a5cf927-5e23-4267-926e-9463e171f71e,12/8/2016 2:05,0,231892.0
6068,4a5cf927-5e23-4267-926e-9463e171f71e,12/8/2016 1:05,12,231892.0
6069,4a5cf927-5e23-4267-926e-9463e171f71e,12/8/2016 0:05,73,231880.0
6070,4a5cf927-5e23-4267-926e-9463e171f71e,11/8/2016 19:06,23,231807.0
6071,4a5cf927-5e23-4267-926e-9463e171f71e,11/8/2016 18:06,0,231784.0
6072,4a5cf927-5e23-4267-926e-9463e171f71e,11/8/2016 17:06,6,231784.0
6073,4a5cf927-5e23-4267-926e-9463e171f71e,11/8/2016 16:06,26,231778.0
6074,4a5cf927-5e23-4267-926e-9463e171f71e,11/8/2016 15:05,11,231752.0
6075,4a5cf927-5e23-4267-926e-9463e171f71e,11/8/2016 14:05,12,231741.0
6076,4a5cf927-5e23-4267-926e-9463e171f71e,11/8/2016 13:05,16,231729.0
6077,4a5cf927-5e23-4267-926e-9463e171f71e,11/8/2016 12:05,0,231713.0
6078,4a5cf927-5e23-4267-926e-9463e171f71e,11/8/2016 11:05,1,231713.0
6079,4a5cf927-5e23-4267-926e-9463e171f71e,11/8/2016 10:05,106,231712.0
6080,4a5cf927-5e23-4267-926e-9463e171f71e,11/8/2016 9:05,70,231606.0
6081,4a5cf927-5e23-4267-926e-9463e171f71e,11/8/2016 8:05,0,231536.0
6082,4a5cf927-5e23-4267-926e-9463e171f71e,11/8/2016 3:05,0,231536.0
6083,4a5cf927-5e23-4267-926e-9463e171f71e,11/8/2016 2:05,0,231536.0
6084,4a5cf927-5e23-4267-926e-9463e171f71e,11/8/2016 1:05,6,231536.0
6085,4a5cf927-5e23-4267-926e-9463e171f71e,11/8/2016 0:05,17,231530.0
6086,4a5cf927-5e23-4267-926e-9463e171f71e,10/8/2016 23:05,30,231513.0
6087,4a5cf927-5e23-4267-926e-9463e171f71e,10/8/2016 22:05,7,231483.0
6088,4a5cf927-5e23-4267-926e-9463e171f71e,10/8/2016 21:05,0,231476.0
6089,4a5cf927-5e23-4267-926e-9463e171f71e,10/8/2016 20:05,7,231476.0
6090,4a5cf927-5e23-4267-926e-9463e171f71e,10/8/2016 19:05,17,231469.0
6091,4a5cf927-5e23-4267-926e-9463e171f71e,10/8/2016 18:05,0,231452.0
6092,4a5cf927-5e23-4267-926e-9463e171f71e,10/8/2016 17:05,6,231452.0
6093,4a5cf927-5e23-4267-926e-9463e171f71e,10/8/2016 16:05,7,231446.0
6094,4a5cf927-5e23-4267-926e-9463e171f71e,10/8/2016 15:05,132,231439.0
6095,4a5cf927-5e23-4267-926e-9463e171f71e,10/8/2016 14:05,29,231307.0
6096,4a5cf927-5e23-4267-926e-9463e171f71e,10/8/2016 13:05,49,231278.0
6097,4a5cf927-5e23-4267-926e-9463e171f71e,10/8/2016 12:05,8,231229.0
6098,4a5cf927-5e23-4267-926e-9463e171f71e,10/8/2016 11:05,25,231221.0
6099,4a5cf927-5e23-4267-926e-9463e171f71e,10/8/2016 10:05,15,231196.0
6100,4a5cf927-5e23-4267-926e-9463e171f71e,10/8/2016 9:05,10,231181.0
6101,4a5cf927-5e23-4267-926e-9463e171f71e,10/8/2016 8:05,0,231171.0
6102,4a5cf927-5e23-4267-926e-9463e171f71e,10/8/2016 7:05,0,231171.0
6103,4a5cf927-5e23-4267-926e-9463e171f71e,10/8/2016 6:05,0,231171.0
6104,4a5cf927-5e23-4267-926e-9463e171f71e,10/8/2016 5:05,0,231171.0
6105,4a5cf927-5e23-4267-926e-9463e171f71e,10/8/2016 4:05,0,231171.0
6106,4a5cf927-5e23-4267-926e-9463e171f71e,10/8/2016 3:05,0,231171.0
6107,4a5cf927-5e23-4267-926e-9463e171f71e,10/8/2016 2:05,0,231171.0
6108,4a5cf927-5e23-4267-926e-9463e171f71e,10/8/2016 1:05,0,231171.0
6109,4a5cf927-5e23-4267-926e-9463e171f71e,10/8/2016 0:05,86,231171.0
6110,4a5cf927-5e23-4267-926e-9463e171f71e,9/8/2016 23:05,46,231085.0
6111,4a5cf927-5e23-4267-926e-9463e171f71e,9/8/2016 22:05,7,231039.0
6112,4a5cf927-5e23-4267-926e-9463e171f71e,9/8/2016 21:05,24,231032.0
6113,4a5cf927-5e23-4267-926e-9463e171f71e,9/8/2016 20:05,0,231008.0
6114,4a5cf927-5e23-4267-926e-9463e171f71e,9/8/2016 19:05,7,231008.0
6115,4a5cf927-5e23-4267-926e-9463e171f71e,9/8/2016 18:05,48,231001.0
6116,4a5cf927-5e23-4267-926e-9463e171f71e,9/8/2016 17:05,20,230953.0
6117,4a5cf927-5e23-4267-926e-9463e171f71e,9/8/2016 16:05,1,230933.0
6118,4a5cf927-5e23-4267-926e-9463e171f71e,9/8/2016 15:05,0,230932.0
6119,4a5cf927-5e23-4267-926e-9463e171f71e,9/8/2016 14:05,0,230932.0
6120,4a5cf927-5e23-4267-926e-9463e171f71e,9/8/2016 13:05,0,230932.0
6121,4a5cf927-5e23-4267-926e-9463e171f71e,9/8/2016 12:05,53,230932.0
6122,4a5cf927-5e23-4267-926e-9463e171f71e,9/8/2016 7:05,0,230879.0
6123,4a5cf927-5e23-4267-926e-9463e171f71e,9/8/2016 6:05,0,230879.0
6124,4a5cf927-5e23-4267-926e-9463e171f71e,9/8/2016 5:05,0,230879.0
6125,4a5cf927-5e23-4267-926e-9463e171f71e,9/8/2016 4:05,0,230879.0
6126,4a5cf927-5e23-4267-926e-9463e171f71e,9/8/2016 3:05,0,230879.0
6127,4a5cf927-5e23-4267-926e-9463e171f71e,9/8/2016 2:05,0,230879.0
6128,4a5cf927-5e23-4267-926e-9463e171f71e,9/8/2016 1:05,14,230879.0
6129,4a5cf927-5e23-4267-926e-9463e171f71e,9/8/2016 0:05,0,230865.0
6130,4a5cf927-5e23-4267-926e-9463e171f71e,8/8/2016 23:05,0,230865.0
6131,4a5cf927-5e23-4267-926e-9463e171f71e,8/8/2016 22:05,3,230865.0
6132,4a5cf927-5e23-4267-926e-9463e171f71e,8/8/2016 21:05,18,230862.0
6133,4a5cf927-5e23-4267-926e-9463e171f71e,8/8/2016 20:05,175,230844.0
6134,4a5cf927-5e23-4267-926e-9463e171f71e,8/8/2016 15:05,0,230669.0
6135,4a5cf927-5e23-4267-926e-9463e171f71e,8/8/2016 14:05,0,230669.0
6136,4a5cf927-5e23-4267-926e-9463e171f71e,8/8/2016 13:05,0,230669.0
6137,4a5cf927-5e23-4267-926e-9463e171f71e,8/8/2016 12:05,11,230669.0
6138,4a5cf927-5e23-4267-926e-9463e171f71e,8/8/2016 11:05,36,230658.0
6139,4a5cf927-5e23-4267-926e-9463e171f71e,8/8/2016 10:05,20,230622.0
6140,4a5cf927-5e23-4267-926e-9463e171f71e,8/8/2016 9:05,1,230602.0
6141,4a5cf927-5e23-4267-926e-9463e171f71e,8/8/2016 8:05,0,230601.0
6142,4a5cf927-5e23-4267-926e-9463e171f71e,8/8/2016 3:05,2,230601.0
6143,4a5cf927-5e23-4267-926e-9463e171f71e,8/8/2016 2:05,0,230599.0
6144,4a5cf927-5e23-4267-926e-9463e171f71e,8/8/2016 1:05,22,230599.0
6145,4a5cf927-5e23-4267-926e-9463e171f71e,8/8/2016 0:05,7,230577.0
6146,4a5cf927-5e23-4267-926e-9463e171f71e,7/8/2016 23:05,7,230570.0
6147,4a5cf927-5e23-4267-926e-9463e171f71e,7/8/2016 22:05,10,230563.0
6148,4a5cf927-5e23-4267-926e-9463e171f71e,7/8/2016 21:05,10,230553.0
6149,4a5cf927-5e23-4267-926e-9463e171f71e,7/8/2016 20:05,6,230543.0
6150,4a5cf927-5e23-4267-926e-9463e171f71e,7/8/2016 19:05,16,230537.0
6151,4a5cf927-5e23-4267-926e-9463e171f71e,7/8/2016 18:05,0,230521.0
6152,4a5cf927-5e23-4267-926e-9463e171f71e,7/8/2016 17:05,0,230521.0
6153,4a5cf927-5e23-4267-926e-9463e171f71e,7/8/2016 16:05,22,230521.0
6154,4a5cf927-5e23-4267-926e-9463e171f71e,7/8/2016 15:05,83,230499.0
6155,4a5cf927-5e23-4267-926e-9463e171f71e,7/8/2016 14:05,10,230416.0
6156,4a5cf927-5e23-4267-926e-9463e171f71e,7/8/2016 13:05,8,230406.0
6157,4a5cf927-5e23-4267-926e-9463e171f71e,7/8/2016 12:05,15,230398.0
6158,4a5cf927-5e23-4267-926e-9463e171f71e,7/8/2016 7:05,0,230383.0
6159,4a5cf927-5e23-4267-926e-9463e171f71e,7/8/2016 6:05,0,230383.0
6160,4a5cf927-5e23-4267-926e-9463e171f71e,7/8/2016 5:05,0,230383.0
6161,4a5cf927-5e23-4267-926e-9463e171f71e,7/8/2016 4:05,0,230383.0
6162,4a5cf927-5e23-4267-926e-9463e171f71e,7/8/2016 3:05,7,230383.0
6163,4a5cf927-5e23-4267-926e-9463e171f71e,7/8/2016 2:05,0,230376.0
6164,4a5cf927-5e23-4267-926e-9463e171f71e,7/8/2016 1:05,0,230376.0
6165,4a5cf927-5e23-4267-926e-9463e171f71e,7/8/2016 0:05,0,230376.0
6166,4a5cf927-5e23-4267-926e-9463e171f71e,6/8/2016 23:05,0,230376.0
6167,4a5cf927-5e23-4267-926e-9463e171f71e,6/8/2016 22:05,0,230376.0
6168,4a5cf927-5e23-4267-926e-9463e171f71e,6/8/2016 21:05,10,230376.0
6169,4a5cf927-5e23-4267-926e-9463e171f71e,6/8/2016 20:05,14,230366.0
6170,4a5cf927-5e23-4267-926e-9463e171f71e,6/8/2016 19:05,12,230352.0
6171,4a5cf927-5e23-4267-926e-9463e171f71e,6/8/2016 18:05,7,230340.0
6172,4a5cf927-5e23-4267-926e-9463e171f71e,6/8/2016 17:05,16,230333.0
6173,4a5cf927-5e23-4267-926e-9463e171f71e,6/8/2016 16:05,5,230317.0
6174,4a5cf927-5e23-4267-926e-9463e171f71e,6/8/2016 15:05,56,230312.0
6175,4a5cf927-5e23-4267-926e-9463e171f71e,6/8/2016 14:05,0,230256.0
6176,4a5cf927-5e23-4267-926e-9463e171f71e,6/8/2016 13:05,0,230256.0
6177,4a5cf927-5e23-4267-926e-9463e171f71e,6/8/2016 12:05,64,230256.0
6178,4a5cf927-5e23-4267-926e-9463e171f71e,6/8/2016 7:05,0,230192.0
6179,4a5cf927-5e23-4267-926e-9463e171f71e,6/8/2016 6:05,0,230192.0
6180,4a5cf927-5e23-4267-926e-9463e171f71e,6/8/2016 5:05,0,230192.0
6181,4a5cf927-5e23-4267-926e-9463e171f71e,6/8/2016 4:05,0,230192.0
6182,4a5cf927-5e23-4267-926e-9463e171f71e,6/8/2016 3:06,18,230192.0
6183,4a5cf927-5e23-4267-926e-9463e171f71e,6/8/2016 2:06,0,230174.0
6184,4a5cf927-5e23-4267-926e-9463e171f71e,6/8/2016 1:06,0,230174.0
6185,4a5cf927-5e23-4267-926e-9463e171f71e,6/8/2016 0:06,4,230174.0
6186,4a5cf927-5e23-4267-926e-9463e171f71e,5/8/2016 23:05,2,230170.0
6187,4a5cf927-5e23-4267-926e-9463e171f71e,5/8/2016 22:05,0,230168.0
6188,4a5cf927-5e23-4267-926e-9463e171f71e,5/8/2016 21:05,0,230168.0
6189,4a5cf927-5e23-4267-926e-9463e171f71e,5/8/2016 20:05,77,230168.0
6190,4a5cf927-5e23-4267-926e-9463e171f71e,5/8/2016 19:05,44,230091.0
6191,4a5cf927-5e23-4267-926e-9463e171f71e,5/8/2016 18:05,4,230047.0
6192,4a5cf927-5e23-4267-926e-9463e171f71e,5/8/2016 17:05,14,230043.0
6193,4a5cf927-5e23-4267-926e-9463e171f71e,5/8/2016 16:05,18,230029.0
6194,4a5cf927-5e23-4267-926e-9463e171f71e,5/8/2016 15:05,9,230011.0
6195,4a5cf927-5e23-4267-926e-9463e171f71e,5/8/2016 14:05,0,230002.0
6196,4a5cf927-5e23-4267-926e-9463e171f71e,5/8/2016 13:05,0,230002.0
6197,4a5cf927-5e23-4267-926e-9463e171f71e,5/8/2016 12:05,56,230002.0
6198,4a5cf927-5e23-4267-926e-9463e171f71e,5/8/2016 11:05,36,229946.0
6199,4a5cf927-5e23-4267-926e-9463e171f71e,5/8/2016 10:05,16,229910.0
6200,4a5cf927-5e23-4267-926e-9463e171f71e,5/8/2016 9:05,0,229894.0
6201,4a5cf927-5e23-4267-926e-9463e171f71e,5/8/2016 8:05,1,229894.0
6202,4a5cf927-5e23-4267-926e-9463e171f71e,5/8/2016 7:05,0,229893.0
6203,4a5cf927-5e23-4267-926e-9463e171f71e,5/8/2016 6:05,0,229893.0
6204,4a5cf927-5e23-4267-926e-9463e171f71e,5/8/2016 5:05,0,229893.0
6205,4a5cf927-5e23-4267-926e-9463e171f71e,5/8/2016 4:05,0,229893.0
6206,4a5cf927-5e23-4267-926e-9463e171f71e,5/8/2016 3:05,0,229893.0
6207,4a5cf927-5e23-4267-926e-9463e171f71e,5/8/2016 2:05,0,229893.0
6208,4a5cf927-5e23-4267-926e-9463e171f71e,5/8/2016 1:05,0,229893.0
6209,4a5cf927-5e23-4267-926e-9463e171f71e,5/8/2016 0:05,11,229893.0
6210,4a5cf927-5e23-4267-926e-9463e171f71e,4/8/2016 23:05,3,229882.0
6211,4a5cf927-5e23-4267-926e-9463e171f71e,4/8/2016 22:05,0,229879.0
6212,4a5cf927-5e23-4267-926e-9463e171f71e,4/8/2016 21:05,5,229879.0
6213,4a5cf927-5e23-4267-926e-9463e171f71e,4/8/2016 20:05,8,229874.0
6214,4a5cf927-5e23-4267-926e-9463e171f71e,4/8/2016 19:05,4,229866.0
6215,4a5cf927-5e23-4267-926e-9463e171f71e,4/8/2016 18:05,14,229862.0
6216,4a5cf927-5e23-4267-926e-9463e171f71e,4/8/2016 17:05,17,229848.0
6217,4a5cf927-5e23-4267-926e-9463e171f71e,4/8/2016 16:05,12,229831.0
6218,4a5cf927-5e23-4267-926e-9463e171f71e,4/8/2016 15:05,49,229819.0
6219,4a5cf927-5e23-4267-926e-9463e171f71e,4/8/2016 14:05,0,229770.0
6220,4a5cf927-5e23-4267-926e-9463e171f71e,4/8/2016 13:05,0,229770.0
6221,4a5cf927-5e23-4267-926e-9463e171f71e,4/8/2016 12:05,13,229770.0
6222,4a5cf927-5e23-4267-926e-9463e171f71e,4/8/2016 11:05,48,229757.0
6223,4a5cf927-5e23-4267-926e-9463e171f71e,4/8/2016 10:05,6,229709.0
6224,4a5cf927-5e23-4267-926e-9463e171f71e,4/8/2016 9:05,0,229703.0
6225,4a5cf927-5e23-4267-926e-9463e171f71e,4/8/2016 8:05,0,229703.0
6226,4a5cf927-5e23-4267-926e-9463e171f71e,4/8/2016 7:05,0,229703.0
6227,4a5cf927-5e23-4267-926e-9463e171f71e,4/8/2016 6:05,0,229703.0
6228,4a5cf927-5e23-4267-926e-9463e171f71e,4/8/2016 5:05,0,229703.0
6229,4a5cf927-5e23-4267-926e-9463e171f71e,4/8/2016 4:05,0,229703.0
6230,4a5cf927-5e23-4267-926e-9463e171f71e,4/8/2016 3:06,0,229703.0
6231,4a5cf927-5e23-4267-926e-9463e171f71e,4/8/2016 2:06,32,229703.0
6232,4a5cf927-5e23-4267-926e-9463e171f71e,4/8/2016 1:06,0,229671.0
6233,4a5cf927-5e23-4267-926e-9463e171f71e,4/8/2016 0:06,18,229671.0
6234,4a5cf927-5e23-4267-926e-9463e171f71e,3/8/2016 19:05,54,229653.0
6235,4a5cf927-5e23-4267-926e-9463e171f71e,3/8/2016 18:05,7,229599.0
6236,4a5cf927-5e23-4267-926e-9463e171f71e,3/8/2016 17:05,14,229592.0
6237,4a5cf927-5e23-4267-926e-9463e171f71e,3/8/2016 16:05,12,229578.0
6238,4a5cf927-5e23-4267-926e-9463e171f71e,3/8/2016 15:05,62,229566.0
6239,4a5cf927-5e23-4267-926e-9463e171f71e,3/8/2016 14:05,0,229504.0
6240,4a5cf927-5e23-4267-926e-9463e171f71e,3/8/2016 13:05,23,229504.0
6241,4a5cf927-5e23-4267-926e-9463e171f71e,3/8/2016 12:05,23,229481.0
6242,4a5cf927-5e23-4267-926e-9463e171f71e,3/8/2016 11:05,30,229458.0
6243,4a5cf927-5e23-4267-926e-9463e171f71e,3/8/2016 10:05,17,229428.0
6244,4a5cf927-5e23-4267-926e-9463e171f71e,3/8/2016 9:05,0,229411.0
6245,4a5cf927-5e23-4267-926e-9463e171f71e,3/8/2016 8:05,0,229411.0
6246,4a5cf927-5e23-4267-926e-9463e171f71e,3/8/2016 7:05,0,229411.0
6247,4a5cf927-5e23-4267-926e-9463e171f71e,3/8/2016 6:05,0,229411.0
6248,4a5cf927-5e23-4267-926e-9463e171f71e,3/8/2016 5:05,0,229411.0
6249,4a5cf927-5e23-4267-926e-9463e171f71e,3/8/2016 4:05,0,229411.0
6250,4a5cf927-5e23-4267-926e-9463e171f71e,3/8/2016 3:05,0,229411.0
6251,4a5cf927-5e23-4267-926e-9463e171f71e,3/8/2016 2:05,0,229411.0
6252,4a5cf927-5e23-4267-926e-9463e171f71e,3/8/2016 1:05,4,229411.0
6253,4a5cf927-5e23-4267-926e-9463e171f71e,3/8/2016 0:05,26,229407.0
6254,4a5cf927-5e23-4267-926e-9463e171f71e,2/8/2016 19:05,10,229381.0
6255,4a5cf927-5e23-4267-926e-9463e171f71e,2/8/2016 18:05,3,229371.0
6256,4a5cf927-5e23-4267-926e-9463e171f71e,2/8/2016 17:05,0,229368.0
6257,4a5cf927-5e23-4267-926e-9463e171f71e,2/8/2016 16:05,31,229368.0
6258,4a5cf927-5e23-4267-926e-9463e171f71e,2/8/2016 15:05,57,229337.0
6259,4a5cf927-5e23-4267-926e-9463e171f71e,2/8/2016 14:05,0,229280.0
6260,4a5cf927-5e23-4267-926e-9463e171f71e,2/8/2016 13:05,0,229280.0
6261,4a5cf927-5e23-4267-926e-9463e171f71e,2/8/2016 12:05,43,229280.0
6262,4a5cf927-5e23-4267-926e-9463e171f71e,2/8/2016 7:08,0,229237.0
6263,4a5cf927-5e23-4267-926e-9463e171f71e,2/8/2016 6:08,0,229237.0
6264,4a5cf927-5e23-4267-926e-9463e171f71e,2/8/2016 5:08,0,229237.0
6265,4a5cf927-5e23-4267-926e-9463e171f71e,2/8/2016 4:08,4,229237.0
6266,4a5cf927-5e23-4267-926e-9463e171f71e,2/8/2016 3:05,0,229233.0
6267,4a5cf927-5e23-4267-926e-9463e171f71e,2/8/2016 2:05,8,229233.0
6268,4a5cf927-5e23-4267-926e-9463e171f71e,2/8/2016 1:05,0,229225.0
6269,4a5cf927-5e23-4267-926e-9463e171f71e,2/8/2016 0:05,0,229225.0
6270,4a5cf927-5e23-4267-926e-9463e171f71e,1/8/2016 23:06,0,229225.0
6271,4a5cf927-5e23-4267-926e-9463e171f71e,1/8/2016 22:06,4,229225.0
6272,4a5cf927-5e23-4267-926e-9463e171f71e,1/8/2016 21:06,0,229221.0
6273,4a5cf927-5e23-4267-926e-9463e171f71e,1/8/2016 20:06,0,229221.0
6274,4a5cf927-5e23-4267-926e-9463e171f71e,1/8/2016 19:05,0,229221.0
6275,4a5cf927-5e23-4267-926e-9463e171f71e,1/8/2016 18:05,8,229221.0
6276,4a5cf927-5e23-4267-926e-9463e171f71e,1/8/2016 17:05,83,229213.0
6277,4a5cf927-5e23-4267-926e-9463e171f71e,1/8/2016 16:05,87,229130.0
6278,4a5cf927-5e23-4267-926e-9463e171f71e,1/8/2016 15:05,13,229043.0
6279,4a5cf927-5e23-4267-926e-9463e171f71e,1/8/2016 14:05,0,229030.0
6280,4a5cf927-5e23-4267-926e-9463e171f71e,1/8/2016 13:05,0,229030.0
6281,4a5cf927-5e23-4267-926e-9463e171f71e,1/8/2016 12:05,37,229030.0
6282,4a5cf927-5e23-4267-926e-9463e171f71e,1/8/2016 11:05,4,228993.0
6283,4a5cf927-5e23-4267-926e-9463e171f71e,1/8/2016 10:05,0,228989.0
6284,4a5cf927-5e23-4267-926e-9463e171f71e,1/8/2016 9:05,0,228989.0
6285,4a5cf927-5e23-4267-926e-9463e171f71e,1/8/2016 8:05,0,228989.0
6286,4a5cf927-5e23-4267-926e-9463e171f71e,1/8/2016 7:05,0,228989.0
6287,4a5cf927-5e23-4267-926e-9463e171f71e,1/8/2016 6:05,0,228989.0
6288,4a5cf927-5e23-4267-926e-9463e171f71e,1/8/2016 5:05,0,228989.0
6289,4a5cf927-5e23-4267-926e-9463e171f71e,1/8/2016 4:05,4,228989.0
6290,4a5cf927-5e23-4267-926e-9463e171f71e,1/8/2016 3:05,1,228985.0
6291,4a5cf927-5e23-4267-926e-9463e171f71e,1/8/2016 2:05,0,228984.0
6292,4a5cf927-5e23-4267-926e-9463e171f71e,1/8/2016 1:05,0,228984.0
6293,4a5cf927-5e23-4267-926e-9463e171f71e,1/8/2016 0:05,0,228984.0
6294,4a5cf927-5e23-4267-926e-9463e171f71e,31/07/2016 23:05:40,0,228984.0
6295,4a5cf927-5e23-4267-926e-9463e171f71e,31/07/2016 22:05:40,0,228984.0
6296,4a5cf927-5e23-4267-926e-9463e171f71e,31/07/2016 21:05:40,0,228984.0
6297,4a5cf927-5e23-4267-926e-9463e171f71e,31/07/2016 20:05:40,72,228984.0
6298,4a5cf927-5e23-4267-926e-9463e171f71e,31/07/2016 19:05:42,3,228912.0
6299,4a5cf927-5e23-4267-926e-9463e171f71e,31/07/2016 18:05:42,0,228909.0
6300,4a5cf927-5e23-4267-926e-9463e171f71e,31/07/2016 17:05:42,5,228909.0
6301,4a5cf927-5e23-4267-926e-9463e171f71e,31/07/2016 16:05:42,74,228904.0
6302,4a5cf927-5e23-4267-926e-9463e171f71e,31/07/2016 11:05:46,0,228830.0
6303,4a5cf927-5e23-4267-926e-9463e171f71e,31/07/2016 10:05:46,0,228830.0
6304,4a5cf927-5e23-4267-926e-9463e171f71e,31/07/2016 09:05:46,0,228830.0
6305,4a5cf927-5e23-4267-926e-9463e171f71e,31/07/2016 08:05:46,0,228830.0
6306,4a5cf927-5e23-4267-926e-9463e171f71e,31/07/2016 07:10:45,0,228830.0
6307,4a5cf927-5e23-4267-926e-9463e171f71e,31/07/2016 06:10:45,0,228830.0
6308,4a5cf927-5e23-4267-926e-9463e171f71e,31/07/2016 05:10:45,0,228830.0
6309,4a5cf927-5e23-4267-926e-9463e171f71e,31/07/2016 04:10:45,15,228830.0
6310,4a5cf927-5e23-4267-926e-9463e171f71e,30/07/2016 23:06:06,0,228815.0
6311,4a5cf927-5e23-4267-926e-9463e171f71e,30/07/2016 22:06:06,0,228815.0
6312,4a5cf927-5e23-4267-926e-9463e171f71e,30/07/2016 21:06:06,0,228815.0
6313,4a5cf927-5e23-4267-926e-9463e171f71e,30/07/2016 20:06:06,9,228815.0
6314,4a5cf927-5e23-4267-926e-9463e171f71e,30/07/2016 19:05:44,143,228806.0
6315,4a5cf927-5e23-4267-926e-9463e171f71e,30/07/2016 18:05:44,3,228663.0
6316,4a5cf927-5e23-4267-926e-9463e171f71e,30/07/2016 17:05:44,39,228660.0
6317,4a5cf927-5e23-4267-926e-9463e171f71e,30/07/2016 16:05:44,83,228621.0
6318,4a5cf927-5e23-4267-926e-9463e171f71e,30/07/2016 15:05:45,3,228538.0
6319,4a5cf927-5e23-4267-926e-9463e171f71e,30/07/2016 14:05:45,1,228535.0
6320,4a5cf927-5e23-4267-926e-9463e171f71e,30/07/2016 13:05:45,0,228534.0
6321,4a5cf927-5e23-4267-926e-9463e171f71e,30/07/2016 12:05:45,13,228534.0
6322,4a5cf927-5e23-4267-926e-9463e171f71e,30/07/2016 11:05:47,46,228521.0
6323,4a5cf927-5e23-4267-926e-9463e171f71e,30/07/2016 10:05:47,25,228475.0
6324,4a5cf927-5e23-4267-926e-9463e171f71e,30/07/2016 09:05:47,13,228450.0
6325,4a5cf927-5e23-4267-926e-9463e171f71e,30/07/2016 08:05:47,0,228437.0
6326,4a5cf927-5e23-4267-926e-9463e171f71e,30/07/2016 07:05:44,0,228437.0
6327,4a5cf927-5e23-4267-926e-9463e171f71e,30/07/2016 06:05:44,0,228437.0
6328,4a5cf927-5e23-4267-926e-9463e171f71e,30/07/2016 05:05:44,0,228437.0
6329,4a5cf927-5e23-4267-926e-9463e171f71e,30/07/2016 04:05:44,0,228437.0
6330,4a5cf927-5e23-4267-926e-9463e171f71e,30/07/2016 03:05:47,0,228437.0
6331,4a5cf927-5e23-4267-926e-9463e171f71e,30/07/2016 02:05:47,12,228437.0
6332,4a5cf927-5e23-4267-926e-9463e171f71e,30/07/2016 01:05:47,2,228425.0
6333,4a5cf927-5e23-4267-926e-9463e171f71e,30/07/2016 00:05:47,5,228423.0
6334,4a5cf927-5e23-4267-926e-9463e171f71e,29/07/2016 23:06:09,2,228418.0
6335,4a5cf927-5e23-4267-926e-9463e171f71e,29/07/2016 22:06:09,15,228416.0
6336,4a5cf927-5e23-4267-926e-9463e171f71e,29/07/2016 21:06:09,0,228401.0
6337,4a5cf927-5e23-4267-926e-9463e171f71e,29/07/2016 20:06:09,0,228401.0
6338,4a5cf927-5e23-4267-926e-9463e171f71e,29/07/2016 19:05:47,65,228401.0
6339,4a5cf927-5e23-4267-926e-9463e171f71e,29/07/2016 18:05:47,6,228336.0
6340,4a5cf927-5e23-4267-926e-9463e171f71e,29/07/2016 17:05:47,25,228330.0
6341,4a5cf927-5e23-4267-926e-9463e171f71e,29/07/2016 16:05:47,0,228305.0
6342,4a5cf927-5e23-4267-926e-9463e171f71e,29/07/2016 15:05:48,0,228305.0
6343,4a5cf927-5e23-4267-926e-9463e171f71e,29/07/2016 14:05:48,0,228305.0
6344,4a5cf927-5e23-4267-926e-9463e171f71e,29/07/2016 13:05:48,0,228305.0
6345,4a5cf927-5e23-4267-926e-9463e171f71e,29/07/2016 12:05:48,57,228305.0
6346,4a5cf927-5e23-4267-926e-9463e171f71e,29/07/2016 07:08:01,0,228248.0
6347,4a5cf927-5e23-4267-926e-9463e171f71e,29/07/2016 06:08:01,0,228248.0
6348,4a5cf927-5e23-4267-926e-9463e171f71e,29/07/2016 05:08:01,0,228248.0
6349,4a5cf927-5e23-4267-926e-9463e171f71e,29/07/2016 04:08:01,0,228248.0
6350,4a5cf927-5e23-4267-926e-9463e171f71e,29/07/2016 03:05:49,0,228248.0
6351,4a5cf927-5e23-4267-926e-9463e171f71e,29/07/2016 02:05:49,0,228248.0
6352,4a5cf927-5e23-4267-926e-9463e171f71e,29/07/2016 01:05:49,4,228248.0
6353,4a5cf927-5e23-4267-926e-9463e171f71e,29/07/2016 00:05:49,4,228244.0
6354,4a5cf927-5e23-4267-926e-9463e171f71e,28/07/2016 23:05:48,7,228240.0
6355,4a5cf927-5e23-4267-926e-9463e171f71e,28/07/2016 22:05:48,5,228233.0
6356,4a5cf927-5e23-4267-926e-9463e171f71e,28/07/2016 21:05:48,1,228228.0
6357,4a5cf927-5e23-4267-926e-9463e171f71e,28/07/2016 20:05:48,0,228227.0
6358,4a5cf927-5e23-4267-926e-9463e171f71e,28/07/2016 19:05:50,10,228227.0
6359,4a5cf927-5e23-4267-926e-9463e171f71e,28/07/2016 18:05:50,16,228217.0
6360,4a5cf927-5e23-4267-926e-9463e171f71e,28/07/2016 17:05:50,7,228201.0
6361,4a5cf927-5e23-4267-926e-9463e171f71e,28/07/2016 16:05:50,13,228194.0
6362,4a5cf927-5e23-4267-926e-9463e171f71e,28/07/2016 15:05:49,15,228181.0
6363,4a5cf927-5e23-4267-926e-9463e171f71e,28/07/2016 14:05:49,3,228166.0
6364,4a5cf927-5e23-4267-926e-9463e171f71e,28/07/2016 13:05:49,0,228163.0
6365,4a5cf927-5e23-4267-926e-9463e171f71e,28/07/2016 12:05:49,24,228163.0
6366,4a5cf927-5e23-4267-926e-9463e171f71e,28/07/2016 11:05:51,33,228139.0
6367,4a5cf927-5e23-4267-926e-9463e171f71e,28/07/2016 10:05:51,65,228106.0
6368,4a5cf927-5e23-4267-926e-9463e171f71e,28/07/2016 09:05:51,0,228041.0
6369,4a5cf927-5e23-4267-926e-9463e171f71e,28/07/2016 08:05:51,0,228041.0
6370,4a5cf927-5e23-4267-926e-9463e171f71e,28/07/2016 07:19:02,0,228041.0
6371,4a5cf927-5e23-4267-926e-9463e171f71e,28/07/2016 06:19:02,0,228041.0
6372,4a5cf927-5e23-4267-926e-9463e171f71e,28/07/2016 05:19:02,0,228041.0
6373,4a5cf927-5e23-4267-926e-9463e171f71e,28/07/2016 04:19:02,0,228041.0
6374,4a5cf927-5e23-4267-926e-9463e171f71e,28/07/2016 03:05:51,14,228041.0
6375,4a5cf927-5e23-4267-926e-9463e171f71e,28/07/2016 02:05:51,0,228027.0
6376,4a5cf927-5e23-4267-926e-9463e171f71e,28/07/2016 01:05:51,0,228027.0
6377,4a5cf927-5e23-4267-926e-9463e171f71e,28/07/2016 00:05:51,0,228027.0
6378,4a5cf927-5e23-4267-926e-9463e171f71e,27/07/2016 23:05:50,8,228027.0
6379,4a5cf927-5e23-4267-926e-9463e171f71e,27/07/2016 22:05:50,0,228019.0
6380,4a5cf927-5e23-4267-926e-9463e171f71e,27/07/2016 21:05:50,71,228019.0
6381,4a5cf927-5e23-4267-926e-9463e171f71e,27/07/2016 20:05:50,6,227948.0
6382,4a5cf927-5e23-4267-926e-9463e171f71e,27/07/2016 19:05:52,9,227942.0
6383,4a5cf927-5e23-4267-926e-9463e171f71e,27/07/2016 18:05:52,0,227933.0
6384,4a5cf927-5e23-4267-926e-9463e171f71e,27/07/2016 17:05:52,0,227933.0
6385,4a5cf927-5e23-4267-926e-9463e171f71e,27/07/2016 16:05:52,0,227933.0
6386,4a5cf927-5e23-4267-926e-9463e171f71e,27/07/2016 15:05:51,0,227933.0
6387,4a5cf927-5e23-4267-926e-9463e171f71e,27/07/2016 14:05:51,2,227933.0
6388,4a5cf927-5e23-4267-926e-9463e171f71e,27/07/2016 13:05:51,13,227931.0
6389,4a5cf927-5e23-4267-926e-9463e171f71e,27/07/2016 12:05:51,0,227918.0
6390,4a5cf927-5e23-4267-926e-9463e171f71e,27/07/2016 11:06:44,24,227918.0
6391,4a5cf927-5e23-4267-926e-9463e171f71e,27/07/2016 10:06:44,12,227894.0
6392,4a5cf927-5e23-4267-926e-9463e171f71e,27/07/2016 09:06:44,0,227882.0
6393,4a5cf927-5e23-4267-926e-9463e171f71e,27/07/2016 08:06:44,1,227882.0
6394,4a5cf927-5e23-4267-926e-9463e171f71e,27/07/2016 07:07:30,0,227881.0
6395,4a5cf927-5e23-4267-926e-9463e171f71e,27/07/2016 06:07:30,0,227881.0
6396,4a5cf927-5e23-4267-926e-9463e171f71e,27/07/2016 05:07:30,0,227881.0
6397,4a5cf927-5e23-4267-926e-9463e171f71e,27/07/2016 04:07:30,0,227881.0
6398,4a5cf927-5e23-4267-926e-9463e171f71e,27/07/2016 03:07:28,0,227881.0
6399,4a5cf927-5e23-4267-926e-9463e171f71e,27/07/2016 02:07:28,0,227881.0
6400,4a5cf927-5e23-4267-926e-9463e171f71e,27/07/2016 01:07:28,6,227881.0
6401,4a5cf927-5e23-4267-926e-9463e171f71e,27/07/2016 00:07:28,0,227875.0
6402,4a5cf927-5e23-4267-926e-9463e171f71e,26/07/2016 23:05:53,0,227875.0
6403,4a5cf927-5e23-4267-926e-9463e171f71e,26/07/2016 22:05:53,1,227875.0
6404,4a5cf927-5e23-4267-926e-9463e171f71e,26/07/2016 21:05:53,8,227874.0
6405,4a5cf927-5e23-4267-926e-9463e171f71e,26/07/2016 20:05:53,0,227866.0
6406,4a5cf927-5e23-4267-926e-9463e171f71e,26/07/2016 19:07:24,8,227866.0
6407,4a5cf927-5e23-4267-926e-9463e171f71e,26/07/2016 18:07:24,80,227858.0
6408,4a5cf927-5e23-4267-926e-9463e171f71e,26/07/2016 17:07:24,0,227778.0
6409,4a5cf927-5e23-4267-926e-9463e171f71e,26/07/2016 16:07:24,18,227778.0
6410,4a5cf927-5e23-4267-926e-9463e171f71e,26/07/2016 15:05:54,4,227760.0
6411,4a5cf927-5e23-4267-926e-9463e171f71e,26/07/2016 14:05:54,0,227756.0
6412,4a5cf927-5e23-4267-926e-9463e171f71e,26/07/2016 13:05:54,0,227756.0
6413,4a5cf927-5e23-4267-926e-9463e171f71e,26/07/2016 12:05:54,27,227756.0
6414,4a5cf927-5e23-4267-926e-9463e171f71e,26/07/2016 11:05:56,14,227729.0
6415,4a5cf927-5e23-4267-926e-9463e171f71e,26/07/2016 10:05:56,6,227715.0
6416,4a5cf927-5e23-4267-926e-9463e171f71e,26/07/2016 09:05:56,7,227709.0
6417,4a5cf927-5e23-4267-926e-9463e171f71e,26/07/2016 08:05:56,0,227702.0
6418,4a5cf927-5e23-4267-926e-9463e171f71e,26/07/2016 07:07:37,0,227702.0
6419,4a5cf927-5e23-4267-926e-9463e171f71e,26/07/2016 06:07:37,0,227702.0
6420,4a5cf927-5e23-4267-926e-9463e171f71e,26/07/2016 05:07:37,0,227702.0
6421,4a5cf927-5e23-4267-926e-9463e171f71e,26/07/2016 04:07:37,0,227702.0
6422,4a5cf927-5e23-4267-926e-9463e171f71e,26/07/2016 03:05:56,0,227702.0
6423,4a5cf927-5e23-4267-926e-9463e171f71e,26/07/2016 02:05:56,0,227702.0
6424,4a5cf927-5e23-4267-926e-9463e171f71e,26/07/2016 01:05:56,22,227702.0
6425,4a5cf927-5e23-4267-926e-9463e171f71e,26/07/2016 00:05:56,27,227680.0
6426,4a5cf927-5e23-4267-926e-9463e171f71e,25/07/2016 19:06:25,15,227653.0
6427,4a5cf927-5e23-4267-926e-9463e171f71e,25/07/2016 18:06:25,53,227638.0
6428,4a5cf927-5e23-4267-926e-9463e171f71e,25/07/2016 17:06:25,10,227585.0
6429,4a5cf927-5e23-4267-926e-9463e171f71e,25/07/2016 16:06:25,71,227575.0
6430,4a5cf927-5e23-4267-926e-9463e171f71e,25/07/2016 11:06:56,61,227504.0
6431,4a5cf927-5e23-4267-926e-9463e171f71e,25/07/2016 10:06:56,29,227443.0
6432,4a5cf927-5e23-4267-926e-9463e171f71e,25/07/2016 09:06:56,0,227414.0
6433,4a5cf927-5e23-4267-926e-9463e171f71e,25/07/2016 08:06:56,1,227414.0
6434,4a5cf927-5e23-4267-926e-9463e171f71e,25/07/2016 07:06:32,0,227413.0
6435,4a5cf927-5e23-4267-926e-9463e171f71e,25/07/2016 06:06:32,0,227413.0
6436,4a5cf927-5e23-4267-926e-9463e171f71e,25/07/2016 05:06:32,0,227413.0
6437,4a5cf927-5e23-4267-926e-9463e171f71e,25/07/2016 04:06:32,0,227413.0
6438,4a5cf927-5e23-4267-926e-9463e171f71e,25/07/2016 03:05:59,0,227413.0
6439,4a5cf927-5e23-4267-926e-9463e171f71e,25/07/2016 02:05:59,0,227413.0
6440,4a5cf927-5e23-4267-926e-9463e171f71e,25/07/2016 01:05:59,0,227413.0
6441,4a5cf927-5e23-4267-926e-9463e171f71e,25/07/2016 00:05:59,2,227413.0
6442,4a5cf927-5e23-4267-926e-9463e171f71e,24/07/2016 23:05:58,9,227411.0
6443,4a5cf927-5e23-4267-926e-9463e171f71e,24/07/2016 22:05:58,0,227402.0
6444,4a5cf927-5e23-4267-926e-9463e171f71e,24/07/2016 21:05:58,0,227402.0
6445,4a5cf927-5e23-4267-926e-9463e171f71e,24/07/2016 20:05:58,0,227402.0
6446,4a5cf927-5e23-4267-926e-9463e171f71e,24/07/2016 19:07:53,57,227402.0
6447,4a5cf927-5e23-4267-926e-9463e171f71e,24/07/2016 18:07:53,11,227345.0
6448,4a5cf927-5e23-4267-926e-9463e171f71e,24/07/2016 17:07:53,0,227334.0
6449,4a5cf927-5e23-4267-926e-9463e171f71e,24/07/2016 16:07:53,0,227334.0
6450,4a5cf927-5e23-4267-926e-9463e171f71e,24/07/2016 15:05:58,0,227334.0
6451,4a5cf927-5e23-4267-926e-9463e171f71e,24/07/2016 14:05:58,0,227334.0
6452,4a5cf927-5e23-4267-926e-9463e171f71e,24/07/2016 13:05:58,12,227334.0
6453,4a5cf927-5e23-4267-926e-9463e171f71e,24/07/2016 12:05:58,16,227322.0
6454,4a5cf927-5e23-4267-926e-9463e171f71e,24/07/2016 11:06:19,6,227306.0
6455,4a5cf927-5e23-4267-926e-9463e171f71e,24/07/2016 10:06:19,0,227300.0
6456,4a5cf927-5e23-4267-926e-9463e171f71e,24/07/2016 09:06:19,0,227300.0
6457,4a5cf927-5e23-4267-926e-9463e171f71e,24/07/2016 08:06:19,6,227300.0
6458,4a5cf927-5e23-4267-926e-9463e171f71e,24/07/2016 03:07:30,0,227294.0
6459,4a5cf927-5e23-4267-926e-9463e171f71e,24/07/2016 02:07:30,0,227294.0
6460,4a5cf927-5e23-4267-926e-9463e171f71e,24/07/2016 01:07:30,0,227294.0
6461,4a5cf927-5e23-4267-926e-9463e171f71e,24/07/2016 00:07:30,0,227294.0
6462,4a5cf927-5e23-4267-926e-9463e171f71e,23/07/2016 23:06:01,0,227294.0
6463,4a5cf927-5e23-4267-926e-9463e171f71e,23/07/2016 22:06:01,0,227294.0
6464,4a5cf927-5e23-4267-926e-9463e171f71e,23/07/2016 21:06:01,17,227294.0
6465,4a5cf927-5e23-4267-926e-9463e171f71e,23/07/2016 20:06:01,11,227277.0
6466,4a5cf927-5e23-4267-926e-9463e171f71e,23/07/2016 19:06:42,102,227266.0
6467,4a5cf927-5e23-4267-926e-9463e171f71e,23/07/2016 18:06:42,15,227164.0
6468,4a5cf927-5e23-4267-926e-9463e171f71e,23/07/2016 17:06:42,16,227149.0
6469,4a5cf927-5e23-4267-926e-9463e171f71e,23/07/2016 16:06:42,9,227133.0
6470,4a5cf927-5e23-4267-926e-9463e171f71e,23/07/2016 15:06:00,37,227124.0
6471,4a5cf927-5e23-4267-926e-9463e171f71e,23/07/2016 14:06:00,0,227087.0
6472,4a5cf927-5e23-4267-926e-9463e171f71e,23/07/2016 13:06:00,11,227087.0
6473,4a5cf927-5e23-4267-926e-9463e171f71e,23/07/2016 12:06:00,128,227076.0
6474,4a5cf927-5e23-4267-926e-9463e171f71e,23/07/2016 11:06:03,55,226948.0
6475,4a5cf927-5e23-4267-926e-9463e171f71e,23/07/2016 10:06:03,7,226893.0
6476,4a5cf927-5e23-4267-926e-9463e171f71e,23/07/2016 09:06:03,1,226886.0
6477,4a5cf927-5e23-4267-926e-9463e171f71e,23/07/2016 08:06:03,0,226885.0
6478,4a5cf927-5e23-4267-926e-9463e171f71e,23/07/2016 07:06:03,0,226885.0
6479,4a5cf927-5e23-4267-926e-9463e171f71e,23/07/2016 06:06:03,0,226885.0
6480,4a5cf927-5e23-4267-926e-9463e171f71e,23/07/2016 05:06:03,0,226885.0
6481,4a5cf927-5e23-4267-926e-9463e171f71e,23/07/2016 04:06:03,0,226885.0
6482,4a5cf927-5e23-4267-926e-9463e171f71e,23/07/2016 03:06:03,17,226885.0
6483,4a5cf927-5e23-4267-926e-9463e171f71e,23/07/2016 02:06:03,22,226868.0
6484,4a5cf927-5e23-4267-926e-9463e171f71e,23/07/2016 01:06:03,4,226846.0
6485,4a5cf927-5e23-4267-926e-9463e171f71e,23/07/2016 00:06:03,0,226842.0
6486,4a5cf927-5e23-4267-926e-9463e171f71e,22/07/2016 23:06:04,11,226842.0
6487,4a5cf927-5e23-4267-926e-9463e171f71e,22/07/2016 22:06:04,24,226831.0
6488,4a5cf927-5e23-4267-926e-9463e171f71e,22/07/2016 21:06:04,11,226807.0
6489,4a5cf927-5e23-4267-926e-9463e171f71e,22/07/2016 20:06:04,10,226796.0
6490,4a5cf927-5e23-4267-926e-9463e171f71e,22/07/2016 19:06:25,4,226786.0
6491,4a5cf927-5e23-4267-926e-9463e171f71e,22/07/2016 18:06:25,7,226782.0
6492,4a5cf927-5e23-4267-926e-9463e171f71e,22/07/2016 17:06:25,3,226775.0
6493,4a5cf927-5e23-4267-926e-9463e171f71e,22/07/2016 16:06:25,32,226772.0
6494,4a5cf927-5e23-4267-926e-9463e171f71e,22/07/2016 15:06:01,12,226740.0
6495,4a5cf927-5e23-4267-926e-9463e171f71e,22/07/2016 14:06:01,1,226728.0
6496,4a5cf927-5e23-4267-926e-9463e171f71e,22/07/2016 13:06:01,0,226727.0
6497,4a5cf927-5e23-4267-926e-9463e171f71e,22/07/2016 12:06:01,1,226727.0
6498,4a5cf927-5e23-4267-926e-9463e171f71e,22/07/2016 11:06:06,17,226726.0
6499,4a5cf927-5e23-4267-926e-9463e171f71e,22/07/2016 10:06:06,22,226709.0
6500,4a5cf927-5e23-4267-926e-9463e171f71e,22/07/2016 09:06:06,3,226687.0
6501,4a5cf927-5e23-4267-926e-9463e171f71e,22/07/2016 08:06:06,0,226684.0
6502,4a5cf927-5e23-4267-926e-9463e171f71e,22/07/2016 07:08:18,0,226684.0
6503,4a5cf927-5e23-4267-926e-9463e171f71e,22/07/2016 06:08:18,1,226684.0
6504,4a5cf927-5e23-4267-926e-9463e171f71e,22/07/2016 05:08:18,0,226683.0
6505,4a5cf927-5e23-4267-926e-9463e171f71e,22/07/2016 04:08:18,0,226683.0
6506,4a5cf927-5e23-4267-926e-9463e171f71e,22/07/2016 03:06:06,0,226683.0
6507,4a5cf927-5e23-4267-926e-9463e171f71e,22/07/2016 02:06:06,0,226683.0
6508,4a5cf927-5e23-4267-926e-9463e171f71e,22/07/2016 01:06:06,0,226683.0
6509,4a5cf927-5e23-4267-926e-9463e171f71e,22/07/2016 00:06:06,8,226683.0
6510,4a5cf927-5e23-4267-926e-9463e171f71e,21/07/2016 23:06:05,12,226675.0
6511,4a5cf927-5e23-4267-926e-9463e171f71e,21/07/2016 22:06:05,17,226663.0
6512,4a5cf927-5e23-4267-926e-9463e171f71e,21/07/2016 21:06:05,0,226646.0
6513,4a5cf927-5e23-4267-926e-9463e171f71e,21/07/2016 20:06:05,0,226646.0
6514,4a5cf927-5e23-4267-926e-9463e171f71e,21/07/2016 19:06:49,0,226646.0
6515,4a5cf927-5e23-4267-926e-9463e171f71e,21/07/2016 18:06:49,0,226646.0
6516,4a5cf927-5e23-4267-926e-9463e171f71e,21/07/2016 17:06:49,77,226646.0
6517,4a5cf927-5e23-4267-926e-9463e171f71e,21/07/2016 16:06:49,76,226569.0
6518,4a5cf927-5e23-4267-926e-9463e171f71e,21/07/2016 11:06:07,24,226493.0
6519,4a5cf927-5e23-4267-926e-9463e171f71e,21/07/2016 10:06:07,22,226469.0
6520,4a5cf927-5e23-4267-926e-9463e171f71e,21/07/2016 09:06:07,0,226447.0
6521,4a5cf927-5e23-4267-926e-9463e171f71e,21/07/2016 08:06:07,0,226447.0
6522,4a5cf927-5e23-4267-926e-9463e171f71e,21/07/2016 07:11:19,0,226447.0
6523,4a5cf927-5e23-4267-926e-9463e171f71e,21/07/2016 06:11:19,0,226447.0
6524,4a5cf927-5e23-4267-926e-9463e171f71e,21/07/2016 05:11:19,0,226447.0
6525,4a5cf927-5e23-4267-926e-9463e171f71e,21/07/2016 04:11:19,24,226447.0
6526,4a5cf927-5e23-4267-926e-9463e171f71e,20/07/2016 23:06:08,7,226423.0
6527,4a5cf927-5e23-4267-926e-9463e171f71e,20/07/2016 22:06:08,0,226416.0
6528,4a5cf927-5e23-4267-926e-9463e171f71e,20/07/2016 21:06:08,0,226416.0
6529,4a5cf927-5e23-4267-926e-9463e171f71e,20/07/2016 20:06:08,10,226416.0
6530,4a5cf927-5e23-4267-926e-9463e171f71e,20/07/2016 19:06:08,131,226406.0
6531,4a5cf927-5e23-4267-926e-9463e171f71e,20/07/2016 18:06:08,1,226275.0
6532,4a5cf927-5e23-4267-926e-9463e171f71e,20/07/2016 17:06:08,13,226274.0
6533,4a5cf927-5e23-4267-926e-9463e171f71e,20/07/2016 16:06:08,21,226261.0
6534,4a5cf927-5e23-4267-926e-9463e171f71e,20/07/2016 15:06:04,7,226240.0
6535,4a5cf927-5e23-4267-926e-9463e171f71e,20/07/2016 14:06:04,5,226233.0
6536,4a5cf927-5e23-4267-926e-9463e171f71e,20/07/2016 13:06:04,36,226228.0
6537,4a5cf927-5e23-4267-926e-9463e171f71e,20/07/2016 12:06:04,40,226192.0
6538,4a5cf927-5e23-4267-926e-9463e171f71e,20/07/2016 11:06:12,26,226152.0
6539,4a5cf927-5e23-4267-926e-9463e171f71e,20/07/2016 10:06:12,3,226126.0
6540,4a5cf927-5e23-4267-926e-9463e171f71e,20/07/2016 09:06:12,0,226123.0
6541,4a5cf927-5e23-4267-926e-9463e171f71e,20/07/2016 08:06:12,0,226123.0
6542,4a5cf927-5e23-4267-926e-9463e171f71e,20/07/2016 07:06:09,0,226123.0
6543,4a5cf927-5e23-4267-926e-9463e171f71e,20/07/2016 06:06:09,0,226123.0
6544,4a5cf927-5e23-4267-926e-9463e171f71e,20/07/2016 05:06:09,0,226123.0
6545,4a5cf927-5e23-4267-926e-9463e171f71e,20/07/2016 04:06:09,0,226123.0
6546,4a5cf927-5e23-4267-926e-9463e171f71e,20/07/2016 03:06:05,1,226123.0
6547,4a5cf927-5e23-4267-926e-9463e171f71e,20/07/2016 02:06:05,19,226122.0
6548,4a5cf927-5e23-4267-926e-9463e171f71e,20/07/2016 01:06:05,0,226103.0
6549,4a5cf927-5e23-4267-926e-9463e171f71e,20/07/2016 00:06:05,0,226103.0
6550,4a5cf927-5e23-4267-926e-9463e171f71e,19/07/2016 23:06:10,0,226103.0
6551,4a5cf927-5e23-4267-926e-9463e171f71e,19/07/2016 22:06:10,8,226103.0
6552,4a5cf927-5e23-4267-926e-9463e171f71e,19/07/2016 21:06:10,19,226095.0
6553,4a5cf927-5e23-4267-926e-9463e171f71e,19/07/2016 20:06:10,7,226076.0
6554,4a5cf927-5e23-4267-926e-9463e171f71e,19/07/2016 19:06:13,0,226069.0
6555,4a5cf927-5e23-4267-926e-9463e171f71e,19/07/2016 18:06:13,4,226069.0
6556,4a5cf927-5e23-4267-926e-9463e171f71e,19/07/2016 17:06:13,19,226065.0
6557,4a5cf927-5e23-4267-926e-9463e171f71e,19/07/2016 16:06:13,11,226046.0
6558,4a5cf927-5e23-4267-926e-9463e171f71e,19/07/2016 15:06:10,0,226035.0
6559,4a5cf927-5e23-4267-926e-9463e171f71e,19/07/2016 14:06:10,0,226035.0
6560,4a5cf927-5e23-4267-926e-9463e171f71e,19/07/2016 13:06:10,44,226035.0
6561,4a5cf927-5e23-4267-926e-9463e171f71e,19/07/2016 12:06:10,80,225991.0
6562,4a5cf927-5e23-4267-926e-9463e171f71e,19/07/2016 07:09:22,0,225911.0
6563,4a5cf927-5e23-4267-926e-9463e171f71e,19/07/2016 06:09:22,0,225911.0
6564,4a5cf927-5e23-4267-926e-9463e171f71e,19/07/2016 05:09:22,0,225911.0
6565,4a5cf927-5e23-4267-926e-9463e171f71e,19/07/2016 04:09:22,0,225911.0
6566,4a5cf927-5e23-4267-926e-9463e171f71e,19/07/2016 03:06:12,0,225911.0
6567,4a5cf927-5e23-4267-926e-9463e171f71e,19/07/2016 02:06:12,0,225911.0
6568,4a5cf927-5e23-4267-926e-9463e171f71e,19/07/2016 01:06:12,7,225911.0
6569,4a5cf927-5e23-4267-926e-9463e171f71e,19/07/2016 00:06:12,10,225904.0
6570,4a5cf927-5e23-4267-926e-9463e171f71e,18/07/2016 23:06:10,0,225894.0
6571,4a5cf927-5e23-4267-926e-9463e171f71e,18/07/2016 22:06:10,20,225894.0
6572,4a5cf927-5e23-4267-926e-9463e171f71e,18/07/2016 21:06:10,31,225874.0
6573,4a5cf927-5e23-4267-926e-9463e171f71e,18/07/2016 20:06:10,20,225843.0
6574,4a5cf927-5e23-4267-926e-9463e171f71e,18/07/2016 19:06:57,1,225823.0
6575,4a5cf927-5e23-4267-926e-9463e171f71e,18/07/2016 18:06:57,0,225822.0
6576,4a5cf927-5e23-4267-926e-9463e171f71e,18/07/2016 17:06:57,25,225822.0
6577,4a5cf927-5e23-4267-926e-9463e171f71e,18/07/2016 16:06:57,24,225797.0
6578,4a5cf927-5e23-4267-926e-9463e171f71e,18/07/2016 15:06:50,20,225773.0
6579,4a5cf927-5e23-4267-926e-9463e171f71e,18/07/2016 14:06:50,0,225753.0
6580,4a5cf927-5e23-4267-926e-9463e171f71e,18/07/2016 13:06:50,0,225753.0
6581,4a5cf927-5e23-4267-926e-9463e171f71e,18/07/2016 12:06:50,0,225753.0
6582,4a5cf927-5e23-4267-926e-9463e171f71e,18/07/2016 11:06:15,17,225753.0
6583,4a5cf927-5e23-4267-926e-9463e171f71e,18/07/2016 10:06:15,8,225736.0
6584,4a5cf927-5e23-4267-926e-9463e171f71e,18/07/2016 09:06:15,135,225728.0
6585,4a5cf927-5e23-4267-926e-9463e171f71e,18/07/2016 08:06:15,5,225593.0
6586,4a5cf927-5e23-4267-926e-9463e171f71e,18/07/2016 03:06:18,0,225588.0
6587,4a5cf927-5e23-4267-926e-9463e171f71e,18/07/2016 02:06:18,0,225588.0
6588,4a5cf927-5e23-4267-926e-9463e171f71e,18/07/2016 01:06:18,0,225588.0
6589,4a5cf927-5e23-4267-926e-9463e171f71e,18/07/2016 00:06:18,10,225588.0
6590,4a5cf927-5e23-4267-926e-9463e171f71e,17/07/2016 23:06:13,27,225578.0
6591,4a5cf927-5e23-4267-926e-9463e171f71e,17/07/2016 22:06:13,3,225551.0
6592,4a5cf927-5e23-4267-926e-9463e171f71e,17/07/2016 21:06:13,9,225548.0
6593,4a5cf927-5e23-4267-926e-9463e171f71e,17/07/2016 20:06:13,54,225539.0
6594,4a5cf927-5e23-4267-926e-9463e171f71e,17/07/2016 15:06:15,56,225485.0
6595,4a5cf927-5e23-4267-926e-9463e171f71e,17/07/2016 14:06:15,0,225429.0
6596,4a5cf927-5e23-4267-926e-9463e171f71e,17/07/2016 13:06:15,0,225429.0
6597,4a5cf927-5e23-4267-926e-9463e171f71e,17/07/2016 12:06:15,31,225429.0
6598,4a5cf927-5e23-4267-926e-9463e171f71e,17/07/2016 11:06:29,11,225398.0
6599,4a5cf927-5e23-4267-926e-9463e171f71e,17/07/2016 10:06:29,7,225387.0
6600,4a5cf927-5e23-4267-926e-9463e171f71e,17/07/2016 09:06:29,0,225380.0
6601,4a5cf927-5e23-4267-926e-9463e171f71e,17/07/2016 08:06:29,0,225380.0
6602,4a5cf927-5e23-4267-926e-9463e171f71e,17/07/2016 07:06:15,0,225380.0
6603,4a5cf927-5e23-4267-926e-9463e171f71e,17/07/2016 06:06:15,0,225380.0
6604,4a5cf927-5e23-4267-926e-9463e171f71e,17/07/2016 05:06:15,0,225380.0
6605,4a5cf927-5e23-4267-926e-9463e171f71e,17/07/2016 04:06:15,17,225380.0
6606,4a5cf927-5e23-4267-926e-9463e171f71e,16/07/2016 23:06:18,0,225363.0
6607,4a5cf927-5e23-4267-926e-9463e171f71e,16/07/2016 22:06:18,0,225363.0
6608,4a5cf927-5e23-4267-926e-9463e171f71e,16/07/2016 21:06:18,0,225363.0
6609,4a5cf927-5e23-4267-926e-9463e171f71e,16/07/2016 20:06:18,9,225363.0
6610,4a5cf927-5e23-4267-926e-9463e171f71e,16/07/2016 19:06:19,130,225354.0
6611,4a5cf927-5e23-4267-926e-9463e171f71e,16/07/2016 18:06:19,0,225224.0
6612,4a5cf927-5e23-4267-926e-9463e171f71e,16/07/2016 17:06:19,14,225224.0
6613,4a5cf927-5e23-4267-926e-9463e171f71e,16/07/2016 16:06:19,14,225210.0
6614,4a5cf927-5e23-4267-926e-9463e171f71e,16/07/2016 15:06:36,0,225196.0
6615,4a5cf927-5e23-4267-926e-9463e171f71e,16/07/2016 14:06:36,0,225196.0
6616,4a5cf927-5e23-4267-926e-9463e171f71e,16/07/2016 13:06:36,4,225196.0
6617,4a5cf927-5e23-4267-926e-9463e171f71e,16/07/2016 12:06:36,17,225192.0
6618,4a5cf927-5e23-4267-926e-9463e171f71e,16/07/2016 11:07:21,12,225175.0
6619,4a5cf927-5e23-4267-926e-9463e171f71e,16/07/2016 10:07:21,0,225163.0
6620,4a5cf927-5e23-4267-926e-9463e171f71e,16/07/2016 09:07:21,10,225163.0
6621,4a5cf927-5e23-4267-926e-9463e171f71e,16/07/2016 08:07:21,0,225153.0
6622,4a5cf927-5e23-4267-926e-9463e171f71e,16/07/2016 07:06:20,0,225153.0
6623,4a5cf927-5e23-4267-926e-9463e171f71e,16/07/2016 06:06:20,0,225153.0
6624,4a5cf927-5e23-4267-926e-9463e171f71e,16/07/2016 05:06:20,0,225153.0
6625,4a5cf927-5e23-4267-926e-9463e171f71e,16/07/2016 04:06:20,7,225153.0
6626,4a5cf927-5e23-4267-926e-9463e171f71e,16/07/2016 03:06:22,11,225146.0
6627,4a5cf927-5e23-4267-926e-9463e171f71e,16/07/2016 02:06:22,6,225135.0
6628,4a5cf927-5e23-4267-926e-9463e171f71e,16/07/2016 01:06:22,0,225129.0
6629,4a5cf927-5e23-4267-926e-9463e171f71e,16/07/2016 00:06:22,8,225129.0
6630,4a5cf927-5e23-4267-926e-9463e171f71e,15/07/2016 23:06:18,0,225121.0
6631,4a5cf927-5e23-4267-926e-9463e171f71e,15/07/2016 22:06:18,0,225121.0
6632,4a5cf927-5e23-4267-926e-9463e171f71e,15/07/2016 21:06:18,0,225121.0
6633,4a5cf927-5e23-4267-926e-9463e171f71e,15/07/2016 20:06:18,10,225121.0
6634,4a5cf927-5e23-4267-926e-9463e171f71e,15/07/2016 19:06:20,18,225111.0
6635,4a5cf927-5e23-4267-926e-9463e171f71e,15/07/2016 18:06:20,8,225093.0
6636,4a5cf927-5e23-4267-926e-9463e171f71e,15/07/2016 17:06:20,10,225085.0
6637,4a5cf927-5e23-4267-926e-9463e171f71e,15/07/2016 16:06:20,14,225075.0
6638,4a5cf927-5e23-4267-926e-9463e171f71e,15/07/2016 15:06:20,61,225061.0
6639,4a5cf927-5e23-4267-926e-9463e171f71e,15/07/2016 14:06:20,0,225000.0
6640,4a5cf927-5e23-4267-926e-9463e171f71e,15/07/2016 13:06:20,0,225000.0
6641,4a5cf927-5e23-4267-926e-9463e171f71e,15/07/2016 12:06:20,12,225000.0
6642,4a5cf927-5e23-4267-926e-9463e171f71e,15/07/2016 11:06:23,31,224988.0
6643,4a5cf927-5e23-4267-926e-9463e171f71e,15/07/2016 10:06:23,8,224957.0
6644,4a5cf927-5e23-4267-926e-9463e171f71e,15/07/2016 09:06:23,0,224949.0
6645,4a5cf927-5e23-4267-926e-9463e171f71e,15/07/2016 08:06:23,0,224949.0
6646,4a5cf927-5e23-4267-926e-9463e171f71e,15/07/2016 07:06:21,0,224949.0
6647,4a5cf927-5e23-4267-926e-9463e171f71e,15/07/2016 06:06:21,0,224949.0
6648,4a5cf927-5e23-4267-926e-9463e171f71e,15/07/2016 05:06:21,0,224949.0
6649,4a5cf927-5e23-4267-926e-9463e171f71e,15/07/2016 04:06:21,0,224949.0
6650,4a5cf927-5e23-4267-926e-9463e171f71e,15/07/2016 03:06:23,0,224949.0
6651,4a5cf927-5e23-4267-926e-9463e171f71e,15/07/2016 02:06:23,0,224949.0
6652,4a5cf927-5e23-4267-926e-9463e171f71e,15/07/2016 01:06:23,15,224949.0
6653,4a5cf927-5e23-4267-926e-9463e171f71e,15/07/2016 00:06:23,0,224934.0
6654,4a5cf927-5e23-4267-926e-9463e171f71e,14/07/2016 23:07:03,0,224934.0
6655,4a5cf927-5e23-4267-926e-9463e171f71e,14/07/2016 22:07:03,0,224934.0
6656,4a5cf927-5e23-4267-926e-9463e171f71e,14/07/2016 21:07:03,4,224934.0
6657,4a5cf927-5e23-4267-926e-9463e171f71e,14/07/2016 20:07:03,7,224930.0
6658,4a5cf927-5e23-4267-926e-9463e171f71e,14/07/2016 19:07:49,0,224923.0
6659,4a5cf927-5e23-4267-926e-9463e171f71e,14/07/2016 18:07:49,1,224923.0
6660,4a5cf927-5e23-4267-926e-9463e171f71e,14/07/2016 17:07:49,0,224922.0
6661,4a5cf927-5e23-4267-926e-9463e171f71e,14/07/2016 16:07:49,228,224922.0
6662,4a5cf927-5e23-4267-926e-9463e171f71e,14/07/2016 11:08:00,15,224694.0
6663,4a5cf927-5e23-4267-926e-9463e171f71e,14/07/2016 10:08:00,0,224679.0
6664,4a5cf927-5e23-4267-926e-9463e171f71e,14/07/2016 09:08:00,6,224679.0
6665,4a5cf927-5e23-4267-926e-9463e171f71e,14/07/2016 08:08:00,0,224673.0
6666,4a5cf927-5e23-4267-926e-9463e171f71e,14/07/2016 07:09:01,0,224673.0
6667,4a5cf927-5e23-4267-926e-9463e171f71e,14/07/2016 06:09:01,0,224673.0
6668,4a5cf927-5e23-4267-926e-9463e171f71e,14/07/2016 05:09:01,0,224673.0
6669,4a5cf927-5e23-4267-926e-9463e171f71e,14/07/2016 04:09:01,0,224673.0
6670,4a5cf927-5e23-4267-926e-9463e171f71e,14/07/2016 03:06:29,4,224673.0
6671,4a5cf927-5e23-4267-926e-9463e171f71e,14/07/2016 02:06:29,0,224669.0
6672,4a5cf927-5e23-4267-926e-9463e171f71e,14/07/2016 01:06:29,0,224669.0
6673,4a5cf927-5e23-4267-926e-9463e171f71e,14/07/2016 00:06:29,0,224669.0
6674,4a5cf927-5e23-4267-926e-9463e171f71e,13/07/2016 23:06:25,0,224669.0
6675,4a5cf927-5e23-4267-926e-9463e171f71e,13/07/2016 22:06:25,0,224669.0
6676,4a5cf927-5e23-4267-926e-9463e171f71e,13/07/2016 21:06:25,2,224669.0
6677,4a5cf927-5e23-4267-926e-9463e171f71e,13/07/2016 20:06:25,82,224667.0
6678,4a5cf927-5e23-4267-926e-9463e171f71e,13/07/2016 15:06:28,25,224585.0
6679,4a5cf927-5e23-4267-926e-9463e171f71e,13/07/2016 14:06:28,7,224560.0
6680,4a5cf927-5e23-4267-926e-9463e171f71e,13/07/2016 13:06:28,15,224553.0
6681,4a5cf927-5e23-4267-926e-9463e171f71e,13/07/2016 12:06:28,66,224538.0
6682,4a5cf927-5e23-4267-926e-9463e171f71e,13/07/2016 03:06:28,0,224472.0
6683,4a5cf927-5e23-4267-926e-9463e171f71e,13/07/2016 02:06:28,0,224472.0
6684,4a5cf927-5e23-4267-926e-9463e171f71e,13/07/2016 01:06:28,9,224472.0
6685,4a5cf927-5e23-4267-926e-9463e171f71e,13/07/2016 00:06:28,0,224463.0
6686,4a5cf927-5e23-4267-926e-9463e171f71e,12/7/2016 23:06,0,224463.0
6687,4a5cf927-5e23-4267-926e-9463e171f71e,12/7/2016 22:06,0,224463.0
6688,4a5cf927-5e23-4267-926e-9463e171f71e,12/7/2016 21:06,3,224463.0
6689,4a5cf927-5e23-4267-926e-9463e171f71e,12/7/2016 20:06,85,224460.0
6690,4a5cf927-5e23-4267-926e-9463e171f71e,12/7/2016 19:06,113,224375.0
6691,4a5cf927-5e23-4267-926e-9463e171f71e,12/7/2016 18:06,25,224262.0
6692,4a5cf927-5e23-4267-926e-9463e171f71e,12/7/2016 17:06,0,224237.0
6693,4a5cf927-5e23-4267-926e-9463e171f71e,12/7/2016 16:06,9,224237.0
6694,4a5cf927-5e23-4267-926e-9463e171f71e,12/7/2016 15:07,4,224228.0
6695,4a5cf927-5e23-4267-926e-9463e171f71e,12/7/2016 14:07,0,224224.0
6696,4a5cf927-5e23-4267-926e-9463e171f71e,12/7/2016 13:07,0,224224.0
6697,4a5cf927-5e23-4267-926e-9463e171f71e,12/7/2016 12:07,11,224224.0
6698,4a5cf927-5e23-4267-926e-9463e171f71e,12/7/2016 11:06,27,224213.0
6699,4a5cf927-5e23-4267-926e-9463e171f71e,12/7/2016 10:06,19,224186.0
6700,4a5cf927-5e23-4267-926e-9463e171f71e,12/7/2016 9:06,20,224167.0
6701,4a5cf927-5e23-4267-926e-9463e171f71e,12/7/2016 8:06,0,224147.0
6702,4a5cf927-5e23-4267-926e-9463e171f71e,12/7/2016 7:06,0,224147.0
6703,4a5cf927-5e23-4267-926e-9463e171f71e,12/7/2016 6:06,0,224147.0
6704,4a5cf927-5e23-4267-926e-9463e171f71e,12/7/2016 5:06,0,224147.0
6705,4a5cf927-5e23-4267-926e-9463e171f71e,12/7/2016 4:06,0,224147.0
6706,4a5cf927-5e23-4267-926e-9463e171f71e,12/7/2016 3:06,0,224147.0
6707,4a5cf927-5e23-4267-926e-9463e171f71e,12/7/2016 2:06,0,224147.0
6708,4a5cf927-5e23-4267-926e-9463e171f71e,12/7/2016 1:06,8,224147.0
6709,4a5cf927-5e23-4267-926e-9463e171f71e,12/7/2016 0:06,0,224139.0
6710,4a5cf927-5e23-4267-926e-9463e171f71e,11/7/2016 23:06,0,224139.0
6711,4a5cf927-5e23-4267-926e-9463e171f71e,11/7/2016 22:06,0,224139.0
6712,4a5cf927-5e23-4267-926e-9463e171f71e,11/7/2016 21:06,1,224139.0
6713,4a5cf927-5e23-4267-926e-9463e171f71e,11/7/2016 20:06,88,224138.0
6714,4a5cf927-5e23-4267-926e-9463e171f71e,11/7/2016 19:06,8,224050.0
6715,4a5cf927-5e23-4267-926e-9463e171f71e,11/7/2016 18:06,1,224042.0
6716,4a5cf927-5e23-4267-926e-9463e171f71e,11/7/2016 17:06,18,224041.0
6717,4a5cf927-5e23-4267-926e-9463e171f71e,11/7/2016 16:06,15,224023.0
6718,4a5cf927-5e23-4267-926e-9463e171f71e,11/7/2016 15:06,0,224008.0
6719,4a5cf927-5e23-4267-926e-9463e171f71e,11/7/2016 14:06,0,224008.0
6720,4a5cf927-5e23-4267-926e-9463e171f71e,11/7/2016 13:06,6,224008.0
6721,4a5cf927-5e23-4267-926e-9463e171f71e,11/7/2016 12:06,12,224002.0
6722,4a5cf927-5e23-4267-926e-9463e171f71e,11/7/2016 11:06,6,223990.0
6723,4a5cf927-5e23-4267-926e-9463e171f71e,11/7/2016 10:06,14,223984.0
6724,4a5cf927-5e23-4267-926e-9463e171f71e,11/7/2016 9:06,67,223970.0
6725,4a5cf927-5e23-4267-926e-9463e171f71e,11/7/2016 8:06,0,223903.0
6726,4a5cf927-5e23-4267-926e-9463e171f71e,11/7/2016 7:08,0,223903.0
6727,4a5cf927-5e23-4267-926e-9463e171f71e,11/7/2016 6:08,0,223903.0
6728,4a5cf927-5e23-4267-926e-9463e171f71e,11/7/2016 5:08,0,223903.0
6729,4a5cf927-5e23-4267-926e-9463e171f71e,11/7/2016 4:08,0,223903.0
6730,4a5cf927-5e23-4267-926e-9463e171f71e,11/7/2016 3:06,0,223903.0
6731,4a5cf927-5e23-4267-926e-9463e171f71e,11/7/2016 2:06,6,223903.0
6732,4a5cf927-5e23-4267-926e-9463e171f71e,11/7/2016 1:06,2,223897.0
6733,4a5cf927-5e23-4267-926e-9463e171f71e,11/7/2016 0:06,16,223895.0
6734,4a5cf927-5e23-4267-926e-9463e171f71e,10/7/2016 23:06,22,223879.0
6735,4a5cf927-5e23-4267-926e-9463e171f71e,10/7/2016 22:06,6,223857.0
6736,4a5cf927-5e23-4267-926e-9463e171f71e,10/7/2016 21:06,8,223851.0
6737,4a5cf927-5e23-4267-926e-9463e171f71e,10/7/2016 20:06,4,223843.0
6738,4a5cf927-5e23-4267-926e-9463e171f71e,10/7/2016 19:06,9,223839.0
6739,4a5cf927-5e23-4267-926e-9463e171f71e,10/7/2016 18:06,0,223830.0
6740,4a5cf927-5e23-4267-926e-9463e171f71e,10/7/2016 17:06,19,223830.0
6741,4a5cf927-5e23-4267-926e-9463e171f71e,10/7/2016 16:06,10,223811.0
6742,4a5cf927-5e23-4267-926e-9463e171f71e,10/7/2016 15:06,3,223801.0
6743,4a5cf927-5e23-4267-926e-9463e171f71e,10/7/2016 14:06,0,223798.0
6744,4a5cf927-5e23-4267-926e-9463e171f71e,10/7/2016 13:06,11,223798.0
6745,4a5cf927-5e23-4267-926e-9463e171f71e,10/7/2016 12:06,70,223787.0
6746,4a5cf927-5e23-4267-926e-9463e171f71e,10/7/2016 11:06,25,223717.0
6747,4a5cf927-5e23-4267-926e-9463e171f71e,10/7/2016 10:06,0,223692.0
6748,4a5cf927-5e23-4267-926e-9463e171f71e,10/7/2016 9:06,0,223692.0
6749,4a5cf927-5e23-4267-926e-9463e171f71e,10/7/2016 8:06,0,223692.0
6750,4a5cf927-5e23-4267-926e-9463e171f71e,10/7/2016 7:06,0,223692.0
6751,4a5cf927-5e23-4267-926e-9463e171f71e,10/7/2016 6:06,0,223692.0
6752,4a5cf927-5e23-4267-926e-9463e171f71e,10/7/2016 5:06,0,223692.0
6753,4a5cf927-5e23-4267-926e-9463e171f71e,10/7/2016 4:06,0,223692.0
6754,4a5cf927-5e23-4267-926e-9463e171f71e,10/7/2016 3:06,0,223692.0
6755,4a5cf927-5e23-4267-926e-9463e171f71e,10/7/2016 2:06,6,223692.0
6756,4a5cf927-5e23-4267-926e-9463e171f71e,10/7/2016 1:06,0,223686.0
6757,4a5cf927-5e23-4267-926e-9463e171f71e,10/7/2016 0:06,0,223686.0
6758,4a5cf927-5e23-4267-926e-9463e171f71e,9/7/2016 23:06,0,223686.0
6759,4a5cf927-5e23-4267-926e-9463e171f71e,9/7/2016 22:06,0,223686.0
6760,4a5cf927-5e23-4267-926e-9463e171f71e,9/7/2016 21:06,9,223686.0
6761,4a5cf927-5e23-4267-926e-9463e171f71e,9/7/2016 20:06,0,223677.0
6762,4a5cf927-5e23-4267-926e-9463e171f71e,9/7/2016 19:08,13,223677.0
6763,4a5cf927-5e23-4267-926e-9463e171f71e,9/7/2016 18:08,19,223664.0
6764,4a5cf927-5e23-4267-926e-9463e171f71e,9/7/2016 17:08,10,223645.0
6765,4a5cf927-5e23-4267-926e-9463e171f71e,9/7/2016 16:08,25,223635.0
6766,4a5cf927-5e23-4267-926e-9463e171f71e,9/7/2016 15:06,11,223610.0
6767,4a5cf927-5e23-4267-926e-9463e171f71e,9/7/2016 14:06,4,223599.0
6768,4a5cf927-5e23-4267-926e-9463e171f71e,9/7/2016 13:06,0,223595.0
6769,4a5cf927-5e23-4267-926e-9463e171f71e,9/7/2016 12:06,7,223595.0
6770,4a5cf927-5e23-4267-926e-9463e171f71e,9/7/2016 11:06,28,223588.0
6771,4a5cf927-5e23-4267-926e-9463e171f71e,9/7/2016 10:06,61,223560.0
6772,4a5cf927-5e23-4267-926e-9463e171f71e,9/7/2016 9:06,0,223499.0
6773,4a5cf927-5e23-4267-926e-9463e171f71e,9/7/2016 8:06,0,223499.0
6774,4a5cf927-5e23-4267-926e-9463e171f71e,9/7/2016 7:06,0,223499.0
6775,4a5cf927-5e23-4267-926e-9463e171f71e,9/7/2016 6:06,0,223499.0
6776,4a5cf927-5e23-4267-926e-9463e171f71e,9/7/2016 5:06,0,223499.0
6777,4a5cf927-5e23-4267-926e-9463e171f71e,9/7/2016 4:06,0,223499.0
6778,4a5cf927-5e23-4267-926e-9463e171f71e,9/7/2016 3:06,0,223499.0
6779,4a5cf927-5e23-4267-926e-9463e171f71e,9/7/2016 2:06,0,223499.0
6780,4a5cf927-5e23-4267-926e-9463e171f71e,9/7/2016 1:06,15,223499.0
6781,4a5cf927-5e23-4267-926e-9463e171f71e,9/7/2016 0:06,0,223484.0
6782,4a5cf927-5e23-4267-926e-9463e171f71e,8/7/2016 23:06,4,223484.0
6783,4a5cf927-5e23-4267-926e-9463e171f71e,8/7/2016 22:06,0,223480.0
6784,4a5cf927-5e23-4267-926e-9463e171f71e,8/7/2016 21:06,0,223480.0
6785,4a5cf927-5e23-4267-926e-9463e171f71e,8/7/2016 20:06,115,223480.0
6786,4a5cf927-5e23-4267-926e-9463e171f71e,8/7/2016 11:06,34,223365.0
6787,4a5cf927-5e23-4267-926e-9463e171f71e,8/7/2016 10:06,39,223331.0
6788,4a5cf927-5e23-4267-926e-9463e171f71e,8/7/2016 9:06,0,223292.0
6789,4a5cf927-5e23-4267-926e-9463e171f71e,8/7/2016 8:06,0,223292.0
6790,4a5cf927-5e23-4267-926e-9463e171f71e,8/7/2016 7:06,0,223292.0
6791,4a5cf927-5e23-4267-926e-9463e171f71e,8/7/2016 6:06,0,223292.0
6792,4a5cf927-5e23-4267-926e-9463e171f71e,8/7/2016 5:06,1,223292.0
6793,4a5cf927-5e23-4267-926e-9463e171f71e,8/7/2016 4:06,6,223291.0
6794,4a5cf927-5e23-4267-926e-9463e171f71e,7/7/2016 23:06,0,223285.0
6795,4a5cf927-5e23-4267-926e-9463e171f71e,7/7/2016 22:06,0,223285.0
6796,4a5cf927-5e23-4267-926e-9463e171f71e,7/7/2016 21:06,1,223285.0
6797,4a5cf927-5e23-4267-926e-9463e171f71e,7/7/2016 20:06,15,223284.0
6798,4a5cf927-5e23-4267-926e-9463e171f71e,7/7/2016 19:06,0,223269.0
6799,4a5cf927-5e23-4267-926e-9463e171f71e,7/7/2016 18:06,0,223269.0
6800,4a5cf927-5e23-4267-926e-9463e171f71e,7/7/2016 17:06,10,223269.0
6801,4a5cf927-5e23-4267-926e-9463e171f71e,7/7/2016 16:06,22,223259.0
6802,4a5cf927-5e23-4267-926e-9463e171f71e,7/7/2016 15:06,50,223237.0
6803,4a5cf927-5e23-4267-926e-9463e171f71e,7/7/2016 14:06,29,223187.0
6804,4a5cf927-5e23-4267-926e-9463e171f71e,7/7/2016 13:06,0,223158.0
6805,4a5cf927-5e23-4267-926e-9463e171f71e,7/7/2016 12:06,8,223158.0
6806,4a5cf927-5e23-4267-926e-9463e171f71e,7/7/2016 11:06,24,223150.0
6807,4a5cf927-5e23-4267-926e-9463e171f71e,7/7/2016 10:06,5,223126.0
6808,4a5cf927-5e23-4267-926e-9463e171f71e,7/7/2016 9:06,0,223121.0
6809,4a5cf927-5e23-4267-926e-9463e171f71e,7/7/2016 8:06,0,223121.0
6810,4a5cf927-5e23-4267-926e-9463e171f71e,7/7/2016 7:08,0,223121.0
6811,4a5cf927-5e23-4267-926e-9463e171f71e,7/7/2016 6:08,0,223121.0
6812,4a5cf927-5e23-4267-926e-9463e171f71e,7/7/2016 5:08,0,223121.0
6813,4a5cf927-5e23-4267-926e-9463e171f71e,7/7/2016 4:08,0,223121.0
6814,4a5cf927-5e23-4267-926e-9463e171f71e,7/7/2016 3:06,0,223121.0
6815,4a5cf927-5e23-4267-926e-9463e171f71e,7/7/2016 2:06,0,223121.0
6816,4a5cf927-5e23-4267-926e-9463e171f71e,7/7/2016 1:06,0,223121.0
6817,4a5cf927-5e23-4267-926e-9463e171f71e,7/7/2016 0:06,8,223121.0
6818,4a5cf927-5e23-4267-926e-9463e171f71e,6/7/2016 23:06,13,223113.0
6819,4a5cf927-5e23-4267-926e-9463e171f71e,6/7/2016 22:06,1,223100.0
6820,4a5cf927-5e23-4267-926e-9463e171f71e,6/7/2016 21:06,0,223099.0
6821,4a5cf927-5e23-4267-926e-9463e171f71e,6/7/2016 20:06,1,223099.0
6822,4a5cf927-5e23-4267-926e-9463e171f71e,6/7/2016 19:09,0,223098.0
6823,4a5cf927-5e23-4267-926e-9463e171f71e,6/7/2016 18:09,9,223098.0
6824,4a5cf927-5e23-4267-926e-9463e171f71e,6/7/2016 17:09,21,223089.0
6825,4a5cf927-5e23-4267-926e-9463e171f71e,6/7/2016 16:09,4,223068.0
6826,4a5cf927-5e23-4267-926e-9463e171f71e,6/7/2016 15:06,6,223064.0
6827,4a5cf927-5e23-4267-926e-9463e171f71e,6/7/2016 14:06,12,223058.0
6828,4a5cf927-5e23-4267-926e-9463e171f71e,6/7/2016 13:06,7,223046.0
6829,4a5cf927-5e23-4267-926e-9463e171f71e,6/7/2016 12:06,10,223039.0
6830,4a5cf927-5e23-4267-926e-9463e171f71e,6/7/2016 11:06,22,223029.0
6831,4a5cf927-5e23-4267-926e-9463e171f71e,6/7/2016 10:06,13,223007.0
6832,4a5cf927-5e23-4267-926e-9463e171f71e,6/7/2016 9:06,76,222994.0
6833,4a5cf927-5e23-4267-926e-9463e171f71e,6/7/2016 8:06,0,222918.0
6834,4a5cf927-5e23-4267-926e-9463e171f71e,6/7/2016 7:06,0,222918.0
6835,4a5cf927-5e23-4267-926e-9463e171f71e,6/7/2016 6:06,0,222918.0
6836,4a5cf927-5e23-4267-926e-9463e171f71e,6/7/2016 5:06,0,222918.0
6837,4a5cf927-5e23-4267-926e-9463e171f71e,6/7/2016 4:06,0,222918.0
6838,4a5cf927-5e23-4267-926e-9463e171f71e,6/7/2016 3:06,0,222918.0
6839,4a5cf927-5e23-4267-926e-9463e171f71e,6/7/2016 2:06,0,222918.0
6840,4a5cf927-5e23-4267-926e-9463e171f71e,6/7/2016 1:06,13,222918.0
6841,4a5cf927-5e23-4267-926e-9463e171f71e,6/7/2016 0:06,12,222905.0
6842,4a5cf927-5e23-4267-926e-9463e171f71e,5/7/2016 23:06,13,222893.0
6843,4a5cf927-5e23-4267-926e-9463e171f71e,5/7/2016 22:06,3,222880.0
6844,4a5cf927-5e23-4267-926e-9463e171f71e,5/7/2016 21:06,4,222877.0
6845,4a5cf927-5e23-4267-926e-9463e171f71e,5/7/2016 20:06,0,222873.0
6846,4a5cf927-5e23-4267-926e-9463e171f71e,5/7/2016 19:08,0,222873.0
6847,4a5cf927-5e23-4267-926e-9463e171f71e,5/7/2016 18:08,12,222873.0
6848,4a5cf927-5e23-4267-926e-9463e171f71e,5/7/2016 17:08,11,222861.0
6849,4a5cf927-5e23-4267-926e-9463e171f71e,5/7/2016 16:08,7,222850.0
6850,4a5cf927-5e23-4267-926e-9463e171f71e,5/7/2016 15:06,3,222843.0
6851,4a5cf927-5e23-4267-926e-9463e171f71e,5/7/2016 14:06,11,222840.0
6852,4a5cf927-5e23-4267-926e-9463e171f71e,5/7/2016 13:06,0,222829.0
6853,4a5cf927-5e23-4267-926e-9463e171f71e,5/7/2016 12:06,12,222829.0
6854,4a5cf927-5e23-4267-926e-9463e171f71e,5/7/2016 11:06,20,222817.0
6855,4a5cf927-5e23-4267-926e-9463e171f71e,5/7/2016 10:06,70,222797.0
6856,4a5cf927-5e23-4267-926e-9463e171f71e,5/7/2016 9:06,8,222727.0
6857,4a5cf927-5e23-4267-926e-9463e171f71e,5/7/2016 8:06,0,222719.0
6858,4a5cf927-5e23-4267-926e-9463e171f71e,5/7/2016 7:06,0,222719.0
6859,4a5cf927-5e23-4267-926e-9463e171f71e,5/7/2016 6:06,0,222719.0
6860,4a5cf927-5e23-4267-926e-9463e171f71e,5/7/2016 5:06,1,222719.0
6861,4a5cf927-5e23-4267-926e-9463e171f71e,5/7/2016 4:06,0,222718.0
6862,4a5cf927-5e23-4267-926e-9463e171f71e,5/7/2016 3:06,0,222718.0
6863,4a5cf927-5e23-4267-926e-9463e171f71e,5/7/2016 2:06,0,222718.0
6864,4a5cf927-5e23-4267-926e-9463e171f71e,5/7/2016 1:06,0,222718.0
6865,4a5cf927-5e23-4267-926e-9463e171f71e,5/7/2016 0:06,17,222718.0
6866,4a5cf927-5e23-4267-926e-9463e171f71e,4/7/2016 23:06,0,222701.0
6867,4a5cf927-5e23-4267-926e-9463e171f71e,4/7/2016 22:06,2,222701.0
6868,4a5cf927-5e23-4267-926e-9463e171f71e,4/7/2016 21:06,0,222699.0
6869,4a5cf927-5e23-4267-926e-9463e171f71e,4/7/2016 20:06,52,222699.0
6870,4a5cf927-5e23-4267-926e-9463e171f71e,4/7/2016 15:06,41,222647.0
6871,4a5cf927-5e23-4267-926e-9463e171f71e,4/7/2016 14:06,19,222606.0
6872,4a5cf927-5e23-4267-926e-9463e171f71e,4/7/2016 13:06,0,222587.0
6873,4a5cf927-5e23-4267-926e-9463e171f71e,4/7/2016 12:06,5,222587.0
6874,4a5cf927-5e23-4267-926e-9463e171f71e,4/7/2016 11:06,25,222582.0
6875,4a5cf927-5e23-4267-926e-9463e171f71e,4/7/2016 10:06,81,222557.0
6876,4a5cf927-5e23-4267-926e-9463e171f71e,4/7/2016 9:06,4,222476.0
6877,4a5cf927-5e23-4267-926e-9463e171f71e,4/7/2016 8:06,0,222472.0
6878,4a5cf927-5e23-4267-926e-9463e171f71e,4/7/2016 7:08,0,222472.0
6879,4a5cf927-5e23-4267-926e-9463e171f71e,4/7/2016 6:08,0,222472.0
6880,4a5cf927-5e23-4267-926e-9463e171f71e,4/7/2016 5:08,0,222472.0
6881,4a5cf927-5e23-4267-926e-9463e171f71e,4/7/2016 4:08,2,222472.0
6882,4a5cf927-5e23-4267-926e-9463e171f71e,4/7/2016 3:06,0,222470.0
6883,4a5cf927-5e23-4267-926e-9463e171f71e,4/7/2016 2:06,0,222470.0
6884,4a5cf927-5e23-4267-926e-9463e171f71e,4/7/2016 1:06,0,222470.0
6885,4a5cf927-5e23-4267-926e-9463e171f71e,4/7/2016 0:06,8,222470.0
6886,4a5cf927-5e23-4267-926e-9463e171f71e,3/7/2016 23:06,0,222462.0
6887,4a5cf927-5e23-4267-926e-9463e171f71e,3/7/2016 22:06,4,222462.0
6888,4a5cf927-5e23-4267-926e-9463e171f71e,3/7/2016 21:06,4,222458.0
6889,4a5cf927-5e23-4267-926e-9463e171f71e,3/7/2016 20:06,0,222454.0
6890,4a5cf927-5e23-4267-926e-9463e171f71e,3/7/2016 19:06,7,222454.0
6891,4a5cf927-5e23-4267-926e-9463e171f71e,3/7/2016 18:06,0,222447.0
6892,4a5cf927-5e23-4267-926e-9463e171f71e,3/7/2016 17:06,6,222447.0
6893,4a5cf927-5e23-4267-926e-9463e171f71e,3/7/2016 16:06,59,222441.0
6894,4a5cf927-5e23-4267-926e-9463e171f71e,3/7/2016 15:07,37,222382.0
6895,4a5cf927-5e23-4267-926e-9463e171f71e,3/7/2016 14:07,53,222345.0
6896,4a5cf927-5e23-4267-926e-9463e171f71e,3/7/2016 13:07,2,222292.0
6897,4a5cf927-5e23-4267-926e-9463e171f71e,3/7/2016 12:07,5,222290.0
6898,4a5cf927-5e23-4267-926e-9463e171f71e,3/7/2016 11:06,0,222285.0
6899,4a5cf927-5e23-4267-926e-9463e171f71e,3/7/2016 10:06,0,222285.0
6900,4a5cf927-5e23-4267-926e-9463e171f71e,3/7/2016 9:06,0,222285.0
6901,4a5cf927-5e23-4267-926e-9463e171f71e,3/7/2016 8:06,0,222285.0
6902,4a5cf927-5e23-4267-926e-9463e171f71e,3/7/2016 7:06,0,222285.0
6903,4a5cf927-5e23-4267-926e-9463e171f71e,3/7/2016 6:06,7,222285.0
6904,4a5cf927-5e23-4267-926e-9463e171f71e,3/7/2016 5:06,0,222278.0
6905,4a5cf927-5e23-4267-926e-9463e171f71e,3/7/2016 4:06,0,222278.0
6906,4a5cf927-5e23-4267-926e-9463e171f71e,3/7/2016 3:06,0,222278.0
6907,4a5cf927-5e23-4267-926e-9463e171f71e,3/7/2016 2:06,0,222278.0
6908,4a5cf927-5e23-4267-926e-9463e171f71e,3/7/2016 1:06,0,222278.0
6909,4a5cf927-5e23-4267-926e-9463e171f71e,3/7/2016 0:06,1,222278.0
6910,4a5cf927-5e23-4267-926e-9463e171f71e,2/7/2016 23:06,6,222277.0
6911,4a5cf927-5e23-4267-926e-9463e171f71e,2/7/2016 22:06,12,222271.0
6912,4a5cf927-5e23-4267-926e-9463e171f71e,2/7/2016 21:06,0,222259.0
6913,4a5cf927-5e23-4267-926e-9463e171f71e,2/7/2016 20:06,81,222259.0
6914,4a5cf927-5e23-4267-926e-9463e171f71e,2/7/2016 15:06,11,222178.0
6915,4a5cf927-5e23-4267-926e-9463e171f71e,2/7/2016 14:06,0,222167.0
6916,4a5cf927-5e23-4267-926e-9463e171f71e,2/7/2016 13:06,0,222167.0
6917,4a5cf927-5e23-4267-926e-9463e171f71e,2/7/2016 12:06,7,222167.0
6918,4a5cf927-5e23-4267-926e-9463e171f71e,2/7/2016 11:06,19,222160.0
6919,4a5cf927-5e23-4267-926e-9463e171f71e,2/7/2016 10:06,87,222141.0
6920,4a5cf927-5e23-4267-926e-9463e171f71e,2/7/2016 9:06,0,222054.0
6921,4a5cf927-5e23-4267-926e-9463e171f71e,2/7/2016 8:06,0,222054.0
6922,4a5cf927-5e23-4267-926e-9463e171f71e,2/7/2016 7:11,0,222054.0
6923,4a5cf927-5e23-4267-926e-9463e171f71e,2/7/2016 6:11,0,222054.0
6924,4a5cf927-5e23-4267-926e-9463e171f71e,2/7/2016 5:11,0,222054.0
6925,4a5cf927-5e23-4267-926e-9463e171f71e,2/7/2016 4:11,0,222054.0
6926,4a5cf927-5e23-4267-926e-9463e171f71e,2/7/2016 3:06,0,222054.0
6927,4a5cf927-5e23-4267-926e-9463e171f71e,2/7/2016 2:06,0,222054.0
6928,4a5cf927-5e23-4267-926e-9463e171f71e,2/7/2016 1:06,16,222054.0
6929,4a5cf927-5e23-4267-926e-9463e171f71e,2/7/2016 0:06,0,222038.0
6930,4a5cf927-5e23-4267-926e-9463e171f71e,1/7/2016 23:06,0,222038.0
6931,4a5cf927-5e23-4267-926e-9463e171f71e,1/7/2016 22:06,3,222038.0
6932,4a5cf927-5e23-4267-926e-9463e171f71e,1/7/2016 21:06,0,222035.0
6933,4a5cf927-5e23-4267-926e-9463e171f71e,1/7/2016 20:06,0,222035.0
6934,4a5cf927-5e23-4267-926e-9463e171f71e,1/7/2016 19:06,19,222035.0
6935,4a5cf927-5e23-4267-926e-9463e171f71e,1/7/2016 18:06,1,222016.0
6936,4a5cf927-5e23-4267-926e-9463e171f71e,1/7/2016 17:06,17,222015.0
6937,4a5cf927-5e23-4267-926e-9463e171f71e,1/7/2016 16:06,102,221998.0
6938,4a5cf927-5e23-4267-926e-9463e171f71e,1/7/2016 11:06,20,221896.0
6939,4a5cf927-5e23-4267-926e-9463e171f71e,1/7/2016 10:06,50,221876.0
6940,4a5cf927-5e23-4267-926e-9463e171f71e,1/7/2016 9:06,8,221826.0
6941,4a5cf927-5e23-4267-926e-9463e171f71e,1/7/2016 8:06,0,221818.0
6942,4a5cf927-5e23-4267-926e-9463e171f71e,1/7/2016 7:06,0,221818.0
6943,4a5cf927-5e23-4267-926e-9463e171f71e,1/7/2016 6:06,0,221818.0
6944,4a5cf927-5e23-4267-926e-9463e171f71e,1/7/2016 5:06,0,221818.0
6945,4a5cf927-5e23-4267-926e-9463e171f71e,1/7/2016 4:06,0,221818.0
6946,4a5cf927-5e23-4267-926e-9463e171f71e,1/7/2016 3:06,0,221818.0
6947,4a5cf927-5e23-4267-926e-9463e171f71e,1/7/2016 2:06,3,221818.0
6948,4a5cf927-5e23-4267-926e-9463e171f71e,1/7/2016 1:06,0,221815.0
6949,4a5cf927-5e23-4267-926e-9463e171f71e,1/7/2016 0:06,2,221815.0
6950,4a5cf927-5e23-4267-926e-9463e171f71e,30/06/2016 23:06:55,8,221813.0
6951,4a5cf927-5e23-4267-926e-9463e171f71e,30/06/2016 22:06:55,3,221805.0
6952,4a5cf927-5e23-4267-926e-9463e171f71e,30/06/2016 21:06:55,18,221802.0
6953,4a5cf927-5e23-4267-926e-9463e171f71e,30/06/2016 20:06:55,11,221784.0
6954,4a5cf927-5e23-4267-926e-9463e171f71e,30/06/2016 19:06:58,0,221773.0
6955,4a5cf927-5e23-4267-926e-9463e171f71e,30/06/2016 18:06:58,0,221773.0
6956,4a5cf927-5e23-4267-926e-9463e171f71e,30/06/2016 17:06:58,2,221773.0
6957,4a5cf927-5e23-4267-926e-9463e171f71e,30/06/2016 16:06:58,6,221771.0
6958,4a5cf927-5e23-4267-926e-9463e171f71e,30/06/2016 15:07:06,95,221765.0
6959,4a5cf927-5e23-4267-926e-9463e171f71e,30/06/2016 14:07:06,36,221670.0
6960,4a5cf927-5e23-4267-926e-9463e171f71e,30/06/2016 13:07:06,49,221634.0
6961,4a5cf927-5e23-4267-926e-9463e171f71e,30/06/2016 12:07:06,26,221585.0
6962,4a5cf927-5e23-4267-926e-9463e171f71e,30/06/2016 11:07:34,24,221559.0
6963,4a5cf927-5e23-4267-926e-9463e171f71e,30/06/2016 10:07:34,11,221535.0
6964,4a5cf927-5e23-4267-926e-9463e171f71e,30/06/2016 09:07:34,0,221524.0
6965,4a5cf927-5e23-4267-926e-9463e171f71e,30/06/2016 08:07:34,0,221524.0
6966,4a5cf927-5e23-4267-926e-9463e171f71e,30/06/2016 03:06:57,0,221524.0
6967,4a5cf927-5e23-4267-926e-9463e171f71e,30/06/2016 02:06:57,0,221524.0
6968,4a5cf927-5e23-4267-926e-9463e171f71e,30/06/2016 01:06:57,7,221524.0
6969,4a5cf927-5e23-4267-926e-9463e171f71e,30/06/2016 00:06:57,39,221517.0
6970,4a5cf927-5e23-4267-926e-9463e171f71e,29/06/2016 19:08:34,1,221478.0
6971,4a5cf927-5e23-4267-926e-9463e171f71e,29/06/2016 18:08:34,16,221477.0
6972,4a5cf927-5e23-4267-926e-9463e171f71e,29/06/2016 17:08:34,12,221461.0
6973,4a5cf927-5e23-4267-926e-9463e171f71e,29/06/2016 16:08:34,15,221449.0
6974,4a5cf927-5e23-4267-926e-9463e171f71e,29/06/2016 15:06:58,111,221434.0
6975,4a5cf927-5e23-4267-926e-9463e171f71e,29/06/2016 14:06:58,1,221323.0
6976,4a5cf927-5e23-4267-926e-9463e171f71e,29/06/2016 13:06:58,0,221322.0
6977,4a5cf927-5e23-4267-926e-9463e171f71e,29/06/2016 12:06:58,23,221322.0
6978,4a5cf927-5e23-4267-926e-9463e171f71e,29/06/2016 11:07:40,17,221299.0
6979,4a5cf927-5e23-4267-926e-9463e171f71e,29/06/2016 10:07:40,10,221282.0
6980,4a5cf927-5e23-4267-926e-9463e171f71e,29/06/2016 09:07:40,0,221272.0
6981,4a5cf927-5e23-4267-926e-9463e171f71e,29/06/2016 08:07:40,0,221272.0
6982,4a5cf927-5e23-4267-926e-9463e171f71e,29/06/2016 07:08:01,0,221272.0
6983,4a5cf927-5e23-4267-926e-9463e171f71e,29/06/2016 06:08:01,0,221272.0
6984,4a5cf927-5e23-4267-926e-9463e171f71e,29/06/2016 05:08:01,0,221272.0
6985,4a5cf927-5e23-4267-926e-9463e171f71e,29/06/2016 04:08:01,0,221272.0
6986,4a5cf927-5e23-4267-926e-9463e171f71e,29/06/2016 03:07:07,4,221272.0
6987,4a5cf927-5e23-4267-926e-9463e171f71e,29/06/2016 02:07:07,3,221268.0
6988,4a5cf927-5e23-4267-926e-9463e171f71e,29/06/2016 01:07:07,0,221265.0
6989,4a5cf927-5e23-4267-926e-9463e171f71e,29/06/2016 00:07:07,0,221265.0
6990,4a5cf927-5e23-4267-926e-9463e171f71e,28/06/2016 23:07:04,5,221265.0
6991,4a5cf927-5e23-4267-926e-9463e171f71e,28/06/2016 22:07:04,8,221260.0
6992,4a5cf927-5e23-4267-926e-9463e171f71e,28/06/2016 21:07:04,0,221252.0
6993,4a5cf927-5e23-4267-926e-9463e171f71e,28/06/2016 20:07:04,6,221252.0
6994,4a5cf927-5e23-4267-926e-9463e171f71e,28/06/2016 19:07:00,20,221246.0
6995,4a5cf927-5e23-4267-926e-9463e171f71e,28/06/2016 18:07:00,0,221226.0
6996,4a5cf927-5e23-4267-926e-9463e171f71e,28/06/2016 17:07:00,3,221226.0
6997,4a5cf927-5e23-4267-926e-9463e171f71e,28/06/2016 16:07:00,19,221223.0
6998,4a5cf927-5e23-4267-926e-9463e171f71e,28/06/2016 15:07:00,64,221204.0
6999,4a5cf927-5e23-4267-926e-9463e171f71e,28/06/2016 14:07:00,0,221140.0
7000,4a5cf927-5e23-4267-926e-9463e171f71e,28/06/2016 13:07:00,29,221140.0
7001,4a5cf927-5e23-4267-926e-9463e171f71e,28/06/2016 12:07:00,0,221111.0
7002,4a5cf927-5e23-4267-926e-9463e171f71e,28/06/2016 11:07:01,15,221111.0
7003,4a5cf927-5e23-4267-926e-9463e171f71e,28/06/2016 10:07:01,17,221096.0
7004,4a5cf927-5e23-4267-926e-9463e171f71e,28/06/2016 09:07:01,0,221079.0
7005,4a5cf927-5e23-4267-926e-9463e171f71e,28/06/2016 08:07:01,0,221079.0
7006,4a5cf927-5e23-4267-926e-9463e171f71e,28/06/2016 07:07:05,0,221079.0
7007,4a5cf927-5e23-4267-926e-9463e171f71e,28/06/2016 06:07:05,0,221079.0
7008,4a5cf927-5e23-4267-926e-9463e171f71e,28/06/2016 05:07:05,0,221079.0
7009,4a5cf927-5e23-4267-926e-9463e171f71e,28/06/2016 04:07:05,0,221079.0
7010,4a5cf927-5e23-4267-926e-9463e171f71e,28/06/2016 03:07:03,0,221079.0
7011,4a5cf927-5e23-4267-926e-9463e171f71e,28/06/2016 02:07:03,2,221079.0
7012,4a5cf927-5e23-4267-926e-9463e171f71e,28/06/2016 01:07:03,4,221077.0
7013,4a5cf927-5e23-4267-926e-9463e171f71e,28/06/2016 00:07:03,18,221073.0
7014,4a5cf927-5e23-4267-926e-9463e171f71e,27/06/2016 19:07:07,10,221055.0
7015,4a5cf927-5e23-4267-926e-9463e171f71e,27/06/2016 18:07:07,0,221045.0
7016,4a5cf927-5e23-4267-926e-9463e171f71e,27/06/2016 17:07:07,0,221045.0
7017,4a5cf927-5e23-4267-926e-9463e171f71e,27/06/2016 16:07:07,14,221045.0
7018,4a5cf927-5e23-4267-926e-9463e171f71e,27/06/2016 15:07:03,58,221031.0
7019,4a5cf927-5e23-4267-926e-9463e171f71e,27/06/2016 14:07:03,0,220973.0
7020,4a5cf927-5e23-4267-926e-9463e171f71e,27/06/2016 13:07:03,6,220973.0
7021,4a5cf927-5e23-4267-926e-9463e171f71e,27/06/2016 12:07:03,72,220967.0
7022,4a5cf927-5e23-4267-926e-9463e171f71e,27/06/2016 11:07:04,34,220895.0
7023,4a5cf927-5e23-4267-926e-9463e171f71e,27/06/2016 10:07:04,8,220861.0
7024,4a5cf927-5e23-4267-926e-9463e171f71e,27/06/2016 09:07:04,1,220853.0
7025,4a5cf927-5e23-4267-926e-9463e171f71e,27/06/2016 08:07:04,0,220852.0
7026,4a5cf927-5e23-4267-926e-9463e171f71e,27/06/2016 07:07:06,0,220852.0
7027,4a5cf927-5e23-4267-926e-9463e171f71e,27/06/2016 06:07:06,0,220852.0
7028,4a5cf927-5e23-4267-926e-9463e171f71e,27/06/2016 05:07:06,0,220852.0
7029,4a5cf927-5e23-4267-926e-9463e171f71e,27/06/2016 04:07:06,0,220852.0
7030,4a5cf927-5e23-4267-926e-9463e171f71e,27/06/2016 03:07:19,0,220852.0
7031,4a5cf927-5e23-4267-926e-9463e171f71e,27/06/2016 02:07:19,6,220852.0
7032,4a5cf927-5e23-4267-926e-9463e171f71e,27/06/2016 01:07:19,0,220846.0
7033,4a5cf927-5e23-4267-926e-9463e171f71e,27/06/2016 00:07:19,0,220846.0
7034,4a5cf927-5e23-4267-926e-9463e171f71e,26/06/2016 23:07:05,0,220846.0
7035,4a5cf927-5e23-4267-926e-9463e171f71e,26/06/2016 22:07:05,0,220846.0
7036,4a5cf927-5e23-4267-926e-9463e171f71e,26/06/2016 21:07:05,0,220846.0
7037,4a5cf927-5e23-4267-926e-9463e171f71e,26/06/2016 20:07:05,6,220846.0
7038,4a5cf927-5e23-4267-926e-9463e171f71e,26/06/2016 19:08:31,30,220840.0
7039,4a5cf927-5e23-4267-926e-9463e171f71e,26/06/2016 18:08:31,25,220810.0
7040,4a5cf927-5e23-4267-926e-9463e171f71e,26/06/2016 17:08:31,0,220785.0
7041,4a5cf927-5e23-4267-926e-9463e171f71e,26/06/2016 16:08:31,0,220785.0
7042,4a5cf927-5e23-4267-926e-9463e171f71e,26/06/2016 15:07:20,0,220785.0
7043,4a5cf927-5e23-4267-926e-9463e171f71e,26/06/2016 14:07:20,0,220785.0
7044,4a5cf927-5e23-4267-926e-9463e171f71e,26/06/2016 13:07:20,28,220785.0
7045,4a5cf927-5e23-4267-926e-9463e171f71e,26/06/2016 12:07:20,118,220757.0
7046,4a5cf927-5e23-4267-926e-9463e171f71e,26/06/2016 07:10:35,0,220639.0
7047,4a5cf927-5e23-4267-926e-9463e171f71e,26/06/2016 06:10:35,0,220639.0
7048,4a5cf927-5e23-4267-926e-9463e171f71e,26/06/2016 05:10:35,0,220639.0
7049,4a5cf927-5e23-4267-926e-9463e171f71e,26/06/2016 04:10:35,7,220639.0
7050,4a5cf927-5e23-4267-926e-9463e171f71e,26/06/2016 03:07:10,0,220632.0
7051,4a5cf927-5e23-4267-926e-9463e171f71e,26/06/2016 02:07:10,0,220632.0
7052,4a5cf927-5e23-4267-926e-9463e171f71e,26/06/2016 01:07:10,0,220632.0
7053,4a5cf927-5e23-4267-926e-9463e171f71e,26/06/2016 00:07:10,0,220632.0
7054,4a5cf927-5e23-4267-926e-9463e171f71e,25/06/2016 23:07:07,1,220632.0
7055,4a5cf927-5e23-4267-926e-9463e171f71e,25/06/2016 22:07:07,4,220631.0
7056,4a5cf927-5e23-4267-926e-9463e171f71e,25/06/2016 21:07:07,48,220627.0
7057,4a5cf927-5e23-4267-926e-9463e171f71e,25/06/2016 20:07:07,15,220579.0
7058,4a5cf927-5e23-4267-926e-9463e171f71e,25/06/2016 19:07:54,0,220564.0
7059,4a5cf927-5e23-4267-926e-9463e171f71e,25/06/2016 18:07:54,0,220564.0
7060,4a5cf927-5e23-4267-926e-9463e171f71e,25/06/2016 17:07:54,0,220564.0
7061,4a5cf927-5e23-4267-926e-9463e171f71e,25/06/2016 16:07:54,0,220564.0
7062,4a5cf927-5e23-4267-926e-9463e171f71e,25/06/2016 15:07:08,0,220564.0
7063,4a5cf927-5e23-4267-926e-9463e171f71e,25/06/2016 14:07:08,0,220564.0
7064,4a5cf927-5e23-4267-926e-9463e171f71e,25/06/2016 13:07:08,0,220564.0
7065,4a5cf927-5e23-4267-926e-9463e171f71e,25/06/2016 12:07:08,0,220564.0
7066,4a5cf927-5e23-4267-926e-9463e171f71e,25/06/2016 11:07:10,0,220564.0
7067,4a5cf927-5e23-4267-926e-9463e171f71e,25/06/2016 10:07:10,0,220564.0
7068,4a5cf927-5e23-4267-926e-9463e171f71e,25/06/2016 09:07:10,0,220564.0
7069,4a5cf927-5e23-4267-926e-9463e171f71e,25/06/2016 08:07:10,0,220564.0
7070,4a5cf927-5e23-4267-926e-9463e171f71e,25/06/2016 07:07:10,0,220564.0
7071,4a5cf927-5e23-4267-926e-9463e171f71e,25/06/2016 06:07:10,0,220564.0
7072,4a5cf927-5e23-4267-926e-9463e171f71e,25/06/2016 05:07:10,0,220564.0
7073,4a5cf927-5e23-4267-926e-9463e171f71e,25/06/2016 04:07:10,0,220564.0
7074,4a5cf927-5e23-4267-926e-9463e171f71e,25/06/2016 03:07:14,0,220564.0
7075,4a5cf927-5e23-4267-926e-9463e171f71e,25/06/2016 02:07:14,1,220564.0
7076,4a5cf927-5e23-4267-926e-9463e171f71e,25/06/2016 01:07:14,0,220563.0
7077,4a5cf927-5e23-4267-926e-9463e171f71e,25/06/2016 00:07:14,0,220563.0
7078,4a5cf927-5e23-4267-926e-9463e171f71e,24/06/2016 23:07:13,0,220563.0
7079,4a5cf927-5e23-4267-926e-9463e171f71e,24/06/2016 22:07:13,0,220563.0
7080,4a5cf927-5e23-4267-926e-9463e171f71e,24/06/2016 21:07:13,0,220563.0
7081,4a5cf927-5e23-4267-926e-9463e171f71e,24/06/2016 20:07:13,0,220563.0
7082,4a5cf927-5e23-4267-926e-9463e171f71e,24/06/2016 19:07:14,0,220563.0
7083,4a5cf927-5e23-4267-926e-9463e171f71e,24/06/2016 18:07:14,0,220563.0
7084,4a5cf927-5e23-4267-926e-9463e171f71e,24/06/2016 17:07:14,0,220563.0
7085,4a5cf927-5e23-4267-926e-9463e171f71e,24/06/2016 16:07:14,0,220563.0
7086,4a5cf927-5e23-4267-926e-9463e171f71e,24/06/2016 15:08:26,0,220563.0
7087,4a5cf927-5e23-4267-926e-9463e171f71e,24/06/2016 14:08:26,0,220563.0
7088,4a5cf927-5e23-4267-926e-9463e171f71e,24/06/2016 13:08:26,0,220563.0
7089,4a5cf927-5e23-4267-926e-9463e171f71e,24/06/2016 12:08:26,0,220563.0
7090,4a5cf927-5e23-4267-926e-9463e171f71e,24/06/2016 11:07:11,1,220563.0
7091,4a5cf927-5e23-4267-926e-9463e171f71e,24/06/2016 10:07:11,0,220562.0
7092,4a5cf927-5e23-4267-926e-9463e171f71e,24/06/2016 09:07:11,0,220562.0
7093,4a5cf927-5e23-4267-926e-9463e171f71e,24/06/2016 08:07:11,0,220562.0
7094,4a5cf927-5e23-4267-926e-9463e171f71e,24/06/2016 07:11:36,0,220562.0
7095,4a5cf927-5e23-4267-926e-9463e171f71e,24/06/2016 06:11:36,0,220562.0
7096,4a5cf927-5e23-4267-926e-9463e171f71e,24/06/2016 05:11:36,0,220562.0
7097,4a5cf927-5e23-4267-926e-9463e171f71e,24/06/2016 04:11:36,0,220562.0
7098,4a5cf927-5e23-4267-926e-9463e171f71e,24/06/2016 03:07:27,0,220562.0
7099,4a5cf927-5e23-4267-926e-9463e171f71e,24/06/2016 02:07:27,0,220562.0
7100,4a5cf927-5e23-4267-926e-9463e171f71e,24/06/2016 01:07:27,0,220562.0
7101,4a5cf927-5e23-4267-926e-9463e171f71e,24/06/2016 00:07:27,0,220562.0
7102,4a5cf927-5e23-4267-926e-9463e171f71e,23/06/2016 23:07:14,0,220562.0
7103,4a5cf927-5e23-4267-926e-9463e171f71e,23/06/2016 22:07:14,0,220562.0
7104,4a5cf927-5e23-4267-926e-9463e171f71e,23/06/2016 21:07:14,0,220562.0
7105,4a5cf927-5e23-4267-926e-9463e171f71e,23/06/2016 20:07:14,0,220562.0
7106,4a5cf927-5e23-4267-926e-9463e171f71e,23/06/2016 19:07:16,0,220562.0
7107,4a5cf927-5e23-4267-926e-9463e171f71e,23/06/2016 18:07:16,0,220562.0
7108,4a5cf927-5e23-4267-926e-9463e171f71e,23/06/2016 17:07:16,0,220562.0
7109,4a5cf927-5e23-4267-926e-9463e171f71e,23/06/2016 16:07:16,1,220562.0
7110,4a5cf927-5e23-4267-926e-9463e171f71e,23/06/2016 15:08:32,0,220561.0
7111,4a5cf927-5e23-4267-926e-9463e171f71e,23/06/2016 14:08:32,0,220561.0
7112,4a5cf927-5e23-4267-926e-9463e171f71e,23/06/2016 13:08:32,0,220561.0
7113,4a5cf927-5e23-4267-926e-9463e171f71e,23/06/2016 12:08:32,0,220561.0
7114,4a5cf927-5e23-4267-926e-9463e171f71e,23/06/2016 11:07:51,0,220561.0
7115,4a5cf927-5e23-4267-926e-9463e171f71e,23/06/2016 10:07:51,0,220561.0
7116,4a5cf927-5e23-4267-926e-9463e171f71e,23/06/2016 09:07:51,0,220561.0
7117,4a5cf927-5e23-4267-926e-9463e171f71e,23/06/2016 08:07:51,0,220561.0
7118,4a5cf927-5e23-4267-926e-9463e171f71e,23/06/2016 07:07:15,0,220561.0
7119,4a5cf927-5e23-4267-926e-9463e171f71e,23/06/2016 06:07:15,0,220561.0
7120,4a5cf927-5e23-4267-926e-9463e171f71e,23/06/2016 05:07:15,0,220561.0
7121,4a5cf927-5e23-4267-926e-9463e171f71e,23/06/2016 04:07:15,1,220561.0
7122,4a5cf927-5e23-4267-926e-9463e171f71e,22/06/2016 23:07:13,0,220560.0
7123,4a5cf927-5e23-4267-926e-9463e171f71e,22/06/2016 22:07:13,0,220560.0
7124,4a5cf927-5e23-4267-926e-9463e171f71e,22/06/2016 21:07:13,0,220560.0
7125,4a5cf927-5e23-4267-926e-9463e171f71e,22/06/2016 20:07:13,0,220560.0
7126,4a5cf927-5e23-4267-926e-9463e171f71e,22/06/2016 19:08:49,0,220560.0
7127,4a5cf927-5e23-4267-926e-9463e171f71e,22/06/2016 18:08:49,0,220560.0
7128,4a5cf927-5e23-4267-926e-9463e171f71e,22/06/2016 17:08:49,0,220560.0
7129,4a5cf927-5e23-4267-926e-9463e171f71e,22/06/2016 16:08:49,1,220560.0
7130,4a5cf927-5e23-4267-926e-9463e171f71e,22/06/2016 11:07:16,0,220559.0
7131,4a5cf927-5e23-4267-926e-9463e171f71e,22/06/2016 10:07:16,0,220559.0
7132,4a5cf927-5e23-4267-926e-9463e171f71e,22/06/2016 09:07:16,0,220559.0
7133,4a5cf927-5e23-4267-926e-9463e171f71e,22/06/2016 08:07:16,0,220559.0
7134,4a5cf927-5e23-4267-926e-9463e171f71e,22/06/2016 07:07:18,0,220559.0
7135,4a5cf927-5e23-4267-926e-9463e171f71e,22/06/2016 06:07:18,0,220559.0
7136,4a5cf927-5e23-4267-926e-9463e171f71e,22/06/2016 05:07:18,0,220559.0
7137,4a5cf927-5e23-4267-926e-9463e171f71e,22/06/2016 04:07:18,0,220559.0
7138,4a5cf927-5e23-4267-926e-9463e171f71e,22/06/2016 03:07:19,0,220559.0
7139,4a5cf927-5e23-4267-926e-9463e171f71e,22/06/2016 02:07:19,0,220559.0
7140,4a5cf927-5e23-4267-926e-9463e171f71e,22/06/2016 01:07:19,0,220559.0
7141,4a5cf927-5e23-4267-926e-9463e171f71e,22/06/2016 00:07:19,0,220559.0
7142,4a5cf927-5e23-4267-926e-9463e171f71e,21/06/2016 23:07:17,0,220559.0
7143,4a5cf927-5e23-4267-926e-9463e171f71e,21/06/2016 22:07:17,0,220559.0
7144,4a5cf927-5e23-4267-926e-9463e171f71e,21/06/2016 21:07:17,1,220559.0
7145,4a5cf927-5e23-4267-926e-9463e171f71e,21/06/2016 20:07:17,0,220558.0
7146,4a5cf927-5e23-4267-926e-9463e171f71e,21/06/2016 19:07:19,0,220558.0
7147,4a5cf927-5e23-4267-926e-9463e171f71e,21/06/2016 18:07:19,0,220558.0
7148,4a5cf927-5e23-4267-926e-9463e171f71e,21/06/2016 17:07:19,0,220558.0
7149,4a5cf927-5e23-4267-926e-9463e171f71e,21/06/2016 16:07:19,0,220558.0
7150,4a5cf927-5e23-4267-926e-9463e171f71e,21/06/2016 11:07:20,0,220558.0
7151,4a5cf927-5e23-4267-926e-9463e171f71e,21/06/2016 10:07:20,0,220558.0
7152,4a5cf927-5e23-4267-926e-9463e171f71e,21/06/2016 09:07:20,1,220558.0
7153,4a5cf927-5e23-4267-926e-9463e171f71e,21/06/2016 08:07:20,0,220557.0
7154,4a5cf927-5e23-4267-926e-9463e171f71e,21/06/2016 07:09:11,0,220557.0
7155,4a5cf927-5e23-4267-926e-9463e171f71e,21/06/2016 06:09:11,0,220557.0
7156,4a5cf927-5e23-4267-926e-9463e171f71e,21/06/2016 05:09:11,0,220557.0
7157,4a5cf927-5e23-4267-926e-9463e171f71e,21/06/2016 04:09:11,0,220557.0
7158,4a5cf927-5e23-4267-926e-9463e171f71e,21/06/2016 03:07:21,0,220557.0
7159,4a5cf927-5e23-4267-926e-9463e171f71e,21/06/2016 02:07:21,0,220557.0
7160,4a5cf927-5e23-4267-926e-9463e171f71e,21/06/2016 01:07:21,0,220557.0
7161,4a5cf927-5e23-4267-926e-9463e171f71e,21/06/2016 00:07:21,0,220557.0
7162,4a5cf927-5e23-4267-926e-9463e171f71e,20/06/2016 23:07:19,0,220557.0
7163,4a5cf927-5e23-4267-926e-9463e171f71e,20/06/2016 22:07:19,0,220557.0
7164,4a5cf927-5e23-4267-926e-9463e171f71e,20/06/2016 21:07:19,0,220557.0
7165,4a5cf927-5e23-4267-926e-9463e171f71e,20/06/2016 20:07:19,0,220557.0
7166,4a5cf927-5e23-4267-926e-9463e171f71e,20/06/2016 19:07:21,0,220557.0
7167,4a5cf927-5e23-4267-926e-9463e171f71e,20/06/2016 18:07:21,0,220557.0
7168,4a5cf927-5e23-4267-926e-9463e171f71e,20/06/2016 17:07:21,0,220557.0
7169,4a5cf927-5e23-4267-926e-9463e171f71e,20/06/2016 16:07:21,0,220557.0
7170,4a5cf927-5e23-4267-926e-9463e171f71e,20/06/2016 15:07:18,0,220557.0
7171,4a5cf927-5e23-4267-926e-9463e171f71e,20/06/2016 14:07:18,0,220557.0
7172,4a5cf927-5e23-4267-926e-9463e171f71e,20/06/2016 13:07:18,1,220557.0
7173,4a5cf927-5e23-4267-926e-9463e171f71e,20/06/2016 12:07:18,0,220556.0
7174,4a5cf927-5e23-4267-926e-9463e171f71e,20/06/2016 11:07:20,0,220556.0
7175,4a5cf927-5e23-4267-926e-9463e171f71e,20/06/2016 10:07:20,0,220556.0
7176,4a5cf927-5e23-4267-926e-9463e171f71e,20/06/2016 09:07:20,0,220556.0
7177,4a5cf927-5e23-4267-926e-9463e171f71e,20/06/2016 08:07:20,0,220556.0
7178,4a5cf927-5e23-4267-926e-9463e171f71e,20/06/2016 07:07:23,0,220556.0
7179,4a5cf927-5e23-4267-926e-9463e171f71e,20/06/2016 06:07:23,0,220556.0
7180,4a5cf927-5e23-4267-926e-9463e171f71e,20/06/2016 05:07:23,0,220556.0
7181,4a5cf927-5e23-4267-926e-9463e171f71e,20/06/2016 04:07:23,0,220556.0
7182,4a5cf927-5e23-4267-926e-9463e171f71e,20/06/2016 03:09:02,0,220556.0
7183,4a5cf927-5e23-4267-926e-9463e171f71e,20/06/2016 02:09:02,0,220556.0
7184,4a5cf927-5e23-4267-926e-9463e171f71e,20/06/2016 01:09:02,0,220556.0
7185,4a5cf927-5e23-4267-926e-9463e171f71e,20/06/2016 00:09:02,0,220556.0
7186,4a5cf927-5e23-4267-926e-9463e171f71e,19/06/2016 23:07:21,0,220556.0
7187,4a5cf927-5e23-4267-926e-9463e171f71e,19/06/2016 22:07:21,0,220556.0
7188,4a5cf927-5e23-4267-926e-9463e171f71e,19/06/2016 21:07:21,0,220556.0
7189,4a5cf927-5e23-4267-926e-9463e171f71e,19/06/2016 20:07:21,1,220556.0
7190,4a5cf927-5e23-4267-926e-9463e171f71e,19/06/2016 19:07:21,0,220555.0
7191,4a5cf927-5e23-4267-926e-9463e171f71e,19/06/2016 18:07:21,0,220555.0
7192,4a5cf927-5e23-4267-926e-9463e171f71e,19/06/2016 17:07:21,0,220555.0
7193,4a5cf927-5e23-4267-926e-9463e171f71e,19/06/2016 16:07:21,0,220555.0
7194,4a5cf927-5e23-4267-926e-9463e171f71e,19/06/2016 15:07:49,0,220555.0
7195,4a5cf927-5e23-4267-926e-9463e171f71e,19/06/2016 14:07:49,0,220555.0
7196,4a5cf927-5e23-4267-926e-9463e171f71e,19/06/2016 13:07:49,2,220555.0
7197,4a5cf927-5e23-4267-926e-9463e171f71e,19/06/2016 12:07:49,0,220553.0
7198,4a5cf927-5e23-4267-926e-9463e171f71e,19/06/2016 11:10:51,0,220553.0
7199,4a5cf927-5e23-4267-926e-9463e171f71e,19/06/2016 10:10:51,0,220553.0
7200,4a5cf927-5e23-4267-926e-9463e171f71e,19/06/2016 09:10:51,0,220553.0
7201,4a5cf927-5e23-4267-926e-9463e171f71e,19/06/2016 08:10:51,0,220553.0
7202,4a5cf927-5e23-4267-926e-9463e171f71e,19/06/2016 07:07:23,0,220553.0
7203,4a5cf927-5e23-4267-926e-9463e171f71e,19/06/2016 06:07:23,0,220553.0
7204,4a5cf927-5e23-4267-926e-9463e171f71e,19/06/2016 05:07:23,0,220553.0
7205,4a5cf927-5e23-4267-926e-9463e171f71e,19/06/2016 04:07:23,0,220553.0
7206,4a5cf927-5e23-4267-926e-9463e171f71e,19/06/2016 03:07:34,0,220553.0
7207,4a5cf927-5e23-4267-926e-9463e171f71e,19/06/2016 02:07:34,0,220553.0
7208,4a5cf927-5e23-4267-926e-9463e171f71e,19/06/2016 01:07:34,0,220553.0
7209,4a5cf927-5e23-4267-926e-9463e171f71e,19/06/2016 00:07:34,0,220553.0
7210,4a5cf927-5e23-4267-926e-9463e171f71e,18/06/2016 23:07:43,0,220553.0
7211,4a5cf927-5e23-4267-926e-9463e171f71e,18/06/2016 22:07:43,0,220553.0
7212,4a5cf927-5e23-4267-926e-9463e171f71e,18/06/2016 21:07:43,0,220553.0
7213,4a5cf927-5e23-4267-926e-9463e171f71e,18/06/2016 20:07:43,0,220553.0
7214,4a5cf927-5e23-4267-926e-9463e171f71e,18/06/2016 19:10:16,1,220553.0
7215,4a5cf927-5e23-4267-926e-9463e171f71e,18/06/2016 18:10:16,0,220552.0
7216,4a5cf927-5e23-4267-926e-9463e171f71e,18/06/2016 17:10:16,0,220552.0
7217,4a5cf927-5e23-4267-926e-9463e171f71e,18/06/2016 16:10:16,0,220552.0
7218,4a5cf927-5e23-4267-926e-9463e171f71e,18/06/2016 15:07:23,0,220552.0
7219,4a5cf927-5e23-4267-926e-9463e171f71e,18/06/2016 14:07:23,0,220552.0
7220,4a5cf927-5e23-4267-926e-9463e171f71e,18/06/2016 13:07:23,0,220552.0
7221,4a5cf927-5e23-4267-926e-9463e171f71e,18/06/2016 12:07:23,0,220552.0
7222,4a5cf927-5e23-4267-926e-9463e171f71e,18/06/2016 11:07:28,3,220552.0
7223,4a5cf927-5e23-4267-926e-9463e171f71e,18/06/2016 10:07:28,17,220549.0
7224,4a5cf927-5e23-4267-926e-9463e171f71e,18/06/2016 09:07:28,20,220532.0
7225,4a5cf927-5e23-4267-926e-9463e171f71e,18/06/2016 08:07:28,81,220512.0
7226,4a5cf927-5e23-4267-926e-9463e171f71e,18/06/2016 07:07:26,92,220431.0
7227,4a5cf927-5e23-4267-926e-9463e171f71e,18/06/2016 06:07:26,0,220339.0
7228,4a5cf927-5e23-4267-926e-9463e171f71e,18/06/2016 05:07:26,0,220339.0
7229,4a5cf927-5e23-4267-926e-9463e171f71e,18/06/2016 04:07:26,0,220339.0
7230,4a5cf927-5e23-4267-926e-9463e171f71e,18/06/2016 03:08:14,0,220339.0
7231,4a5cf927-5e23-4267-926e-9463e171f71e,18/06/2016 02:08:14,5,220339.0
7232,4a5cf927-5e23-4267-926e-9463e171f71e,18/06/2016 01:08:14,13,220334.0
7233,4a5cf927-5e23-4267-926e-9463e171f71e,18/06/2016 00:08:14,1,220321.0
7234,4a5cf927-5e23-4267-926e-9463e171f71e,17/06/2016 23:07:27,95,220320.0
7235,4a5cf927-5e23-4267-926e-9463e171f71e,17/06/2016 22:07:27,1,220225.0
7236,4a5cf927-5e23-4267-926e-9463e171f71e,17/06/2016 21:07:27,1,220224.0
7237,4a5cf927-5e23-4267-926e-9463e171f71e,17/06/2016 20:07:27,73,220223.0
7238,4a5cf927-5e23-4267-926e-9463e171f71e,17/06/2016 15:07:44,0,220150.0
7239,4a5cf927-5e23-4267-926e-9463e171f71e,17/06/2016 14:07:44,0,220150.0
7240,4a5cf927-5e23-4267-926e-9463e171f71e,17/06/2016 13:07:44,62,220150.0
7241,4a5cf927-5e23-4267-926e-9463e171f71e,17/06/2016 12:07:44,11,220088.0
7242,4a5cf927-5e23-4267-926e-9463e171f71e,17/06/2016 11:07:29,27,220077.0
7243,4a5cf927-5e23-4267-926e-9463e171f71e,17/06/2016 10:07:29,12,220050.0
7244,4a5cf927-5e23-4267-926e-9463e171f71e,17/06/2016 09:07:29,9,220038.0
7245,4a5cf927-5e23-4267-926e-9463e171f71e,17/06/2016 08:07:29,0,220029.0
7246,4a5cf927-5e23-4267-926e-9463e171f71e,17/06/2016 07:07:30,0,220029.0
7247,4a5cf927-5e23-4267-926e-9463e171f71e,17/06/2016 06:07:30,0,220029.0
7248,4a5cf927-5e23-4267-926e-9463e171f71e,17/06/2016 05:07:30,0,220029.0
7249,4a5cf927-5e23-4267-926e-9463e171f71e,17/06/2016 04:07:30,0,220029.0
7250,4a5cf927-5e23-4267-926e-9463e171f71e,17/06/2016 03:08:40,0,220029.0
7251,4a5cf927-5e23-4267-926e-9463e171f71e,17/06/2016 02:08:40,0,220029.0
7252,4a5cf927-5e23-4267-926e-9463e171f71e,17/06/2016 01:08:40,10,220029.0
7253,4a5cf927-5e23-4267-926e-9463e171f71e,17/06/2016 00:08:40,0,220019.0
7254,4a5cf927-5e23-4267-926e-9463e171f71e,16/06/2016 23:07:29,0,220019.0
7255,4a5cf927-5e23-4267-926e-9463e171f71e,16/06/2016 22:07:29,0,220019.0
7256,4a5cf927-5e23-4267-926e-9463e171f71e,16/06/2016 21:07:29,0,220019.0
7257,4a5cf927-5e23-4267-926e-9463e171f71e,16/06/2016 20:07:29,15,220019.0
7258,4a5cf927-5e23-4267-926e-9463e171f71e,16/06/2016 19:07:30,10,220004.0
7259,4a5cf927-5e23-4267-926e-9463e171f71e,16/06/2016 18:07:30,63,219994.0
7260,4a5cf927-5e23-4267-926e-9463e171f71e,16/06/2016 17:07:30,23,219931.0
7261,4a5cf927-5e23-4267-926e-9463e171f71e,16/06/2016 16:07:30,20,219908.0
7262,4a5cf927-5e23-4267-926e-9463e171f71e,16/06/2016 15:07:31,79,219888.0
7263,4a5cf927-5e23-4267-926e-9463e171f71e,16/06/2016 14:07:31,3,219809.0
7264,4a5cf927-5e23-4267-926e-9463e171f71e,16/06/2016 13:07:31,1,219806.0
7265,4a5cf927-5e23-4267-926e-9463e171f71e,16/06/2016 12:07:31,17,219805.0
7266,4a5cf927-5e23-4267-926e-9463e171f71e,16/06/2016 11:07:31,14,219788.0
7267,4a5cf927-5e23-4267-926e-9463e171f71e,16/06/2016 10:07:31,10,219774.0
7268,4a5cf927-5e23-4267-926e-9463e171f71e,16/06/2016 09:07:31,0,219764.0
7269,4a5cf927-5e23-4267-926e-9463e171f71e,16/06/2016 08:07:31,0,219764.0
7270,4a5cf927-5e23-4267-926e-9463e171f71e,16/06/2016 03:07:32,0,219764.0
7271,4a5cf927-5e23-4267-926e-9463e171f71e,16/06/2016 02:07:32,0,219764.0
7272,4a5cf927-5e23-4267-926e-9463e171f71e,16/06/2016 01:07:32,0,219764.0
7273,4a5cf927-5e23-4267-926e-9463e171f71e,16/06/2016 00:07:32,58,219764.0
7274,4a5cf927-5e23-4267-926e-9463e171f71e,15/06/2016 19:07:36,0,219706.0
7275,4a5cf927-5e23-4267-926e-9463e171f71e,15/06/2016 18:07:36,11,219706.0
7276,4a5cf927-5e23-4267-926e-9463e171f71e,15/06/2016 17:07:36,0,219695.0
7277,4a5cf927-5e23-4267-926e-9463e171f71e,15/06/2016 16:07:36,43,219695.0
7278,4a5cf927-5e23-4267-926e-9463e171f71e,15/06/2016 15:07:31,16,219652.0
7279,4a5cf927-5e23-4267-926e-9463e171f71e,15/06/2016 14:07:31,6,219636.0
7280,4a5cf927-5e23-4267-926e-9463e171f71e,15/06/2016 13:07:31,33,219630.0
7281,4a5cf927-5e23-4267-926e-9463e171f71e,15/06/2016 12:07:31,0,219597.0
7282,4a5cf927-5e23-4267-926e-9463e171f71e,15/06/2016 11:08:31,9,219597.0
7283,4a5cf927-5e23-4267-926e-9463e171f71e,15/06/2016 10:08:31,84,219588.0
7284,4a5cf927-5e23-4267-926e-9463e171f71e,15/06/2016 09:08:31,21,219504.0
7285,4a5cf927-5e23-4267-926e-9463e171f71e,15/06/2016 08:08:31,11,219483.0
7286,4a5cf927-5e23-4267-926e-9463e171f71e,15/06/2016 07:07:32,0,219472.0
7287,4a5cf927-5e23-4267-926e-9463e171f71e,15/06/2016 06:07:32,0,219472.0
7288,4a5cf927-5e23-4267-926e-9463e171f71e,15/06/2016 05:07:32,0,219472.0
7289,4a5cf927-5e23-4267-926e-9463e171f71e,15/06/2016 04:07:32,0,219472.0
7290,4a5cf927-5e23-4267-926e-9463e171f71e,15/06/2016 03:07:34,0,219472.0
7291,4a5cf927-5e23-4267-926e-9463e171f71e,15/06/2016 02:07:34,0,219472.0
7292,4a5cf927-5e23-4267-926e-9463e171f71e,15/06/2016 01:07:34,3,219472.0
7293,4a5cf927-5e23-4267-926e-9463e171f71e,15/06/2016 00:07:34,2,219469.0
7294,4a5cf927-5e23-4267-926e-9463e171f71e,14/06/2016 23:07:32,6,219467.0
7295,4a5cf927-5e23-4267-926e-9463e171f71e,14/06/2016 22:07:32,4,219461.0
7296,4a5cf927-5e23-4267-926e-9463e171f71e,14/06/2016 21:07:32,0,219457.0
7297,4a5cf927-5e23-4267-926e-9463e171f71e,14/06/2016 20:07:32,0,219457.0
7298,4a5cf927-5e23-4267-926e-9463e171f71e,14/06/2016 19:07:34,3,219457.0
7299,4a5cf927-5e23-4267-926e-9463e171f71e,14/06/2016 18:07:34,14,219454.0
7300,4a5cf927-5e23-4267-926e-9463e171f71e,14/06/2016 17:07:34,12,219440.0
7301,4a5cf927-5e23-4267-926e-9463e171f71e,14/06/2016 16:07:34,110,219428.0
7302,4a5cf927-5e23-4267-926e-9463e171f71e,14/06/2016 11:08:19,15,219318.0
7303,4a5cf927-5e23-4267-926e-9463e171f71e,14/06/2016 10:08:19,0,219303.0
7304,4a5cf927-5e23-4267-926e-9463e171f71e,14/06/2016 09:08:19,0,219303.0
7305,4a5cf927-5e23-4267-926e-9463e171f71e,14/06/2016 08:08:19,9,219303.0
7306,4a5cf927-5e23-4267-926e-9463e171f71e,14/06/2016 07:07:35,4,219294.0
7307,4a5cf927-5e23-4267-926e-9463e171f71e,14/06/2016 06:07:35,0,219290.0
7308,4a5cf927-5e23-4267-926e-9463e171f71e,14/06/2016 05:07:35,0,219290.0
7309,4a5cf927-5e23-4267-926e-9463e171f71e,14/06/2016 04:07:35,0,219290.0
7310,4a5cf927-5e23-4267-926e-9463e171f71e,14/06/2016 03:07:36,0,219290.0
7311,4a5cf927-5e23-4267-926e-9463e171f71e,14/06/2016 02:07:36,0,219290.0
7312,4a5cf927-5e23-4267-926e-9463e171f71e,14/06/2016 01:07:36,0,219290.0
7313,4a5cf927-5e23-4267-926e-9463e171f71e,14/06/2016 00:07:36,1,219290.0
7314,4a5cf927-5e23-4267-926e-9463e171f71e,13/06/2016 23:07:36,3,219289.0
7315,4a5cf927-5e23-4267-926e-9463e171f71e,13/06/2016 22:07:36,31,219286.0
7316,4a5cf927-5e23-4267-926e-9463e171f71e,13/06/2016 21:07:36,36,219255.0
7317,4a5cf927-5e23-4267-926e-9463e171f71e,13/06/2016 20:07:36,50,219219.0
7318,4a5cf927-5e23-4267-926e-9463e171f71e,13/06/2016 19:07:38,8,219169.0
7319,4a5cf927-5e23-4267-926e-9463e171f71e,13/06/2016 18:07:38,16,219161.0
7320,4a5cf927-5e23-4267-926e-9463e171f71e,13/06/2016 17:07:38,0,219145.0
7321,4a5cf927-5e23-4267-926e-9463e171f71e,13/06/2016 16:07:38,12,219145.0
7322,4a5cf927-5e23-4267-926e-9463e171f71e,13/06/2016 15:07:35,21,219133.0
7323,4a5cf927-5e23-4267-926e-9463e171f71e,13/06/2016 14:07:35,0,219112.0
7324,4a5cf927-5e23-4267-926e-9463e171f71e,13/06/2016 13:07:35,0,219112.0
7325,4a5cf927-5e23-4267-926e-9463e171f71e,13/06/2016 12:07:35,0,219112.0
7326,4a5cf927-5e23-4267-926e-9463e171f71e,13/06/2016 11:07:48,0,219112.0
7327,4a5cf927-5e23-4267-926e-9463e171f71e,13/06/2016 10:07:48,34,219112.0
7328,4a5cf927-5e23-4267-926e-9463e171f71e,13/06/2016 09:07:48,9,219078.0
7329,4a5cf927-5e23-4267-926e-9463e171f71e,13/06/2016 08:07:48,1,219069.0
7330,4a5cf927-5e23-4267-926e-9463e171f71e,13/06/2016 07:07:37,0,219068.0
7331,4a5cf927-5e23-4267-926e-9463e171f71e,13/06/2016 06:07:37,0,219068.0
7332,4a5cf927-5e23-4267-926e-9463e171f71e,13/06/2016 05:07:37,0,219068.0
7333,4a5cf927-5e23-4267-926e-9463e171f71e,13/06/2016 04:07:37,0,219068.0
7334,4a5cf927-5e23-4267-926e-9463e171f71e,13/06/2016 03:08:18,0,219068.0
7335,4a5cf927-5e23-4267-926e-9463e171f71e,13/06/2016 02:08:18,0,219068.0
7336,4a5cf927-5e23-4267-926e-9463e171f71e,13/06/2016 01:08:18,4,219068.0
7337,4a5cf927-5e23-4267-926e-9463e171f71e,13/06/2016 00:08:18,0,219064.0
7338,4a5cf927-5e23-4267-926e-9463e171f71e,12/6/2016 23:07,0,219064.0
7339,4a5cf927-5e23-4267-926e-9463e171f71e,12/6/2016 22:07,0,219064.0
7340,4a5cf927-5e23-4267-926e-9463e171f71e,12/6/2016 21:07,0,219064.0
7341,4a5cf927-5e23-4267-926e-9463e171f71e,12/6/2016 20:07,0,219064.0
7342,4a5cf927-5e23-4267-926e-9463e171f71e,12/6/2016 19:07,77,219064.0
7343,4a5cf927-5e23-4267-926e-9463e171f71e,12/6/2016 18:07,56,218987.0
7344,4a5cf927-5e23-4267-926e-9463e171f71e,12/6/2016 17:07,4,218931.0
7345,4a5cf927-5e23-4267-926e-9463e171f71e,12/6/2016 16:07,39,218927.0
7346,4a5cf927-5e23-4267-926e-9463e171f71e,12/6/2016 15:07,16,218888.0
7347,4a5cf927-5e23-4267-926e-9463e171f71e,12/6/2016 14:07,0,218872.0
7348,4a5cf927-5e23-4267-926e-9463e171f71e,12/6/2016 13:07,0,218872.0
7349,4a5cf927-5e23-4267-926e-9463e171f71e,12/6/2016 12:07,31,218872.0
7350,4a5cf927-5e23-4267-926e-9463e171f71e,12/6/2016 11:07,32,218841.0
7351,4a5cf927-5e23-4267-926e-9463e171f71e,12/6/2016 10:07,1,218809.0
7352,4a5cf927-5e23-4267-926e-9463e171f71e,12/6/2016 9:07,8,218808.0
7353,4a5cf927-5e23-4267-926e-9463e171f71e,12/6/2016 8:07,0,218800.0
7354,4a5cf927-5e23-4267-926e-9463e171f71e,12/6/2016 7:07,0,218800.0
7355,4a5cf927-5e23-4267-926e-9463e171f71e,12/6/2016 6:07,0,218800.0
7356,4a5cf927-5e23-4267-926e-9463e171f71e,12/6/2016 5:07,0,218800.0
7357,4a5cf927-5e23-4267-926e-9463e171f71e,12/6/2016 4:07,0,218800.0
7358,4a5cf927-5e23-4267-926e-9463e171f71e,12/6/2016 3:07,0,218800.0
7359,4a5cf927-5e23-4267-926e-9463e171f71e,12/6/2016 2:07,0,218800.0
7360,4a5cf927-5e23-4267-926e-9463e171f71e,12/6/2016 1:07,6,218800.0
7361,4a5cf927-5e23-4267-926e-9463e171f71e,12/6/2016 0:07,0,218794.0
7362,4a5cf927-5e23-4267-926e-9463e171f71e,11/6/2016 23:07,0,218794.0
7363,4a5cf927-5e23-4267-926e-9463e171f71e,11/6/2016 22:07,0,218794.0
7364,4a5cf927-5e23-4267-926e-9463e171f71e,11/6/2016 21:07,0,218794.0
7365,4a5cf927-5e23-4267-926e-9463e171f71e,11/6/2016 20:07,0,218794.0
7366,4a5cf927-5e23-4267-926e-9463e171f71e,11/6/2016 19:07,6,218794.0
7367,4a5cf927-5e23-4267-926e-9463e171f71e,11/6/2016 18:07,8,218788.0
7368,4a5cf927-5e23-4267-926e-9463e171f71e,11/6/2016 17:07,0,218780.0
7369,4a5cf927-5e23-4267-926e-9463e171f71e,11/6/2016 16:07,10,218780.0
7370,4a5cf927-5e23-4267-926e-9463e171f71e,11/6/2016 15:07,0,218770.0
7371,4a5cf927-5e23-4267-926e-9463e171f71e,11/6/2016 14:07,0,218770.0
7372,4a5cf927-5e23-4267-926e-9463e171f71e,11/6/2016 13:07,7,218770.0
7373,4a5cf927-5e23-4267-926e-9463e171f71e,11/6/2016 12:07,0,218763.0
7374,4a5cf927-5e23-4267-926e-9463e171f71e,11/6/2016 11:07,3,218763.0
7375,4a5cf927-5e23-4267-926e-9463e171f71e,11/6/2016 10:07,93,218760.0
7376,4a5cf927-5e23-4267-926e-9463e171f71e,11/6/2016 9:07,0,218667.0
7377,4a5cf927-5e23-4267-926e-9463e171f71e,11/6/2016 8:07,1,218667.0
7378,4a5cf927-5e23-4267-926e-9463e171f71e,11/6/2016 7:07,0,218666.0
7379,4a5cf927-5e23-4267-926e-9463e171f71e,11/6/2016 6:07,0,218666.0
7380,4a5cf927-5e23-4267-926e-9463e171f71e,11/6/2016 5:07,0,218666.0
7381,4a5cf927-5e23-4267-926e-9463e171f71e,11/6/2016 4:07,0,218666.0
7382,4a5cf927-5e23-4267-926e-9463e171f71e,11/6/2016 3:07,0,218666.0
7383,4a5cf927-5e23-4267-926e-9463e171f71e,11/6/2016 2:07,3,218666.0
7384,4a5cf927-5e23-4267-926e-9463e171f71e,11/6/2016 1:07,8,218663.0
7385,4a5cf927-5e23-4267-926e-9463e171f71e,11/6/2016 0:07,0,218655.0
7386,4a5cf927-5e23-4267-926e-9463e171f71e,10/6/2016 23:07,0,218655.0
7387,4a5cf927-5e23-4267-926e-9463e171f71e,10/6/2016 22:07,0,218655.0
7388,4a5cf927-5e23-4267-926e-9463e171f71e,10/6/2016 21:07,0,218655.0
7389,4a5cf927-5e23-4267-926e-9463e171f71e,10/6/2016 20:07,0,218655.0
7390,4a5cf927-5e23-4267-926e-9463e171f71e,10/6/2016 19:07,9,218655.0
7391,4a5cf927-5e23-4267-926e-9463e171f71e,10/6/2016 18:07,155,218646.0
7392,4a5cf927-5e23-4267-926e-9463e171f71e,10/6/2016 17:07,10,218491.0
7393,4a5cf927-5e23-4267-926e-9463e171f71e,10/6/2016 16:07,15,218481.0
7394,4a5cf927-5e23-4267-926e-9463e171f71e,10/6/2016 15:07,0,218466.0
7395,4a5cf927-5e23-4267-926e-9463e171f71e,10/6/2016 14:07,0,218466.0
7396,4a5cf927-5e23-4267-926e-9463e171f71e,10/6/2016 13:07,3,218466.0
7397,4a5cf927-5e23-4267-926e-9463e171f71e,10/6/2016 12:07,0,218463.0
7398,4a5cf927-5e23-4267-926e-9463e171f71e,10/6/2016 11:07,52,218463.0
7399,4a5cf927-5e23-4267-926e-9463e171f71e,10/6/2016 10:07,8,218411.0
7400,4a5cf927-5e23-4267-926e-9463e171f71e,10/6/2016 9:07,0,218403.0
7401,4a5cf927-5e23-4267-926e-9463e171f71e,10/6/2016 8:07,0,218403.0
7402,4a5cf927-5e23-4267-926e-9463e171f71e,10/6/2016 7:07,0,218403.0
7403,4a5cf927-5e23-4267-926e-9463e171f71e,10/6/2016 6:07,0,218403.0
7404,4a5cf927-5e23-4267-926e-9463e171f71e,10/6/2016 5:07,0,218403.0
7405,4a5cf927-5e23-4267-926e-9463e171f71e,10/6/2016 4:07,0,218403.0
7406,4a5cf927-5e23-4267-926e-9463e171f71e,10/6/2016 3:07,0,218403.0
7407,4a5cf927-5e23-4267-926e-9463e171f71e,10/6/2016 2:07,0,218403.0
7408,4a5cf927-5e23-4267-926e-9463e171f71e,10/6/2016 1:07,3,218403.0
7409,4a5cf927-5e23-4267-926e-9463e171f71e,10/6/2016 0:07,4,218400.0
7410,4a5cf927-5e23-4267-926e-9463e171f71e,9/6/2016 23:07,0,218396.0
7411,4a5cf927-5e23-4267-926e-9463e171f71e,9/6/2016 22:07,9,218396.0
7412,4a5cf927-5e23-4267-926e-9463e171f71e,9/6/2016 21:07,0,218387.0
7413,4a5cf927-5e23-4267-926e-9463e171f71e,9/6/2016 20:07,0,218387.0
7414,4a5cf927-5e23-4267-926e-9463e171f71e,9/6/2016 19:07,0,218387.0
7415,4a5cf927-5e23-4267-926e-9463e171f71e,9/6/2016 18:07,7,218387.0
7416,4a5cf927-5e23-4267-926e-9463e171f71e,9/6/2016 17:07,72,218380.0
7417,4a5cf927-5e23-4267-926e-9463e171f71e,9/6/2016 16:07,14,218308.0
7418,4a5cf927-5e23-4267-926e-9463e171f71e,9/6/2016 15:07,10,218294.0
7419,4a5cf927-5e23-4267-926e-9463e171f71e,9/6/2016 14:07,0,218284.0
7420,4a5cf927-5e23-4267-926e-9463e171f71e,9/6/2016 13:07,0,218284.0
7421,4a5cf927-5e23-4267-926e-9463e171f71e,9/6/2016 12:07,0,218284.0
7422,4a5cf927-5e23-4267-926e-9463e171f71e,9/6/2016 11:07,30,218284.0
7423,4a5cf927-5e23-4267-926e-9463e171f71e,9/6/2016 10:07,13,218254.0
7424,4a5cf927-5e23-4267-926e-9463e171f71e,9/6/2016 9:07,1,218241.0
7425,4a5cf927-5e23-4267-926e-9463e171f71e,9/6/2016 8:07,9,218240.0
7426,4a5cf927-5e23-4267-926e-9463e171f71e,8/6/2016 23:07,4,218231.0
7427,4a5cf927-5e23-4267-926e-9463e171f71e,8/6/2016 22:07,6,218227.0
7428,4a5cf927-5e23-4267-926e-9463e171f71e,8/6/2016 21:07,0,218221.0
7429,4a5cf927-5e23-4267-926e-9463e171f71e,8/6/2016 20:07,4,218221.0
7430,4a5cf927-5e23-4267-926e-9463e171f71e,8/6/2016 19:07,6,218217.0
7431,4a5cf927-5e23-4267-926e-9463e171f71e,8/6/2016 18:07,0,218211.0
7432,4a5cf927-5e23-4267-926e-9463e171f71e,8/6/2016 17:07,7,218211.0
7433,4a5cf927-5e23-4267-926e-9463e171f71e,8/6/2016 16:07,83,218204.0
7434,4a5cf927-5e23-4267-926e-9463e171f71e,8/6/2016 15:07,61,218121.0
7435,4a5cf927-5e23-4267-926e-9463e171f71e,8/6/2016 14:07,8,218060.0
7436,4a5cf927-5e23-4267-926e-9463e171f71e,8/6/2016 13:07,3,218052.0
7437,4a5cf927-5e23-4267-926e-9463e171f71e,8/6/2016 12:07,16,218049.0
7438,4a5cf927-5e23-4267-926e-9463e171f71e,8/6/2016 11:07,19,218033.0
7439,4a5cf927-5e23-4267-926e-9463e171f71e,8/6/2016 10:07,10,218014.0
7440,4a5cf927-5e23-4267-926e-9463e171f71e,8/6/2016 9:07,0,218004.0
7441,4a5cf927-5e23-4267-926e-9463e171f71e,8/6/2016 8:07,0,218004.0
7442,4a5cf927-5e23-4267-926e-9463e171f71e,8/6/2016 7:07,0,218004.0
7443,4a5cf927-5e23-4267-926e-9463e171f71e,8/6/2016 6:07,0,218004.0
7444,4a5cf927-5e23-4267-926e-9463e171f71e,8/6/2016 5:07,0,218004.0
7445,4a5cf927-5e23-4267-926e-9463e171f71e,8/6/2016 4:07,1,218004.0
7446,4a5cf927-5e23-4267-926e-9463e171f71e,8/6/2016 3:07,4,218003.0
7447,4a5cf927-5e23-4267-926e-9463e171f71e,8/6/2016 2:07,0,217999.0
7448,4a5cf927-5e23-4267-926e-9463e171f71e,8/6/2016 1:07,0,217999.0
7449,4a5cf927-5e23-4267-926e-9463e171f71e,8/6/2016 0:07,7,217999.0
7450,4a5cf927-5e23-4267-926e-9463e171f71e,7/6/2016 23:07,3,217992.0
7451,4a5cf927-5e23-4267-926e-9463e171f71e,7/6/2016 22:07,0,217989.0
7452,4a5cf927-5e23-4267-926e-9463e171f71e,7/6/2016 21:07,0,217989.0
7453,4a5cf927-5e23-4267-926e-9463e171f71e,7/6/2016 20:07,38,217989.0
7454,4a5cf927-5e23-4267-926e-9463e171f71e,7/6/2016 15:07,75,217951.0
7455,4a5cf927-5e23-4267-926e-9463e171f71e,7/6/2016 14:07,0,217876.0
7456,4a5cf927-5e23-4267-926e-9463e171f71e,7/6/2016 13:07,0,217876.0
7457,4a5cf927-5e23-4267-926e-9463e171f71e,7/6/2016 12:07,9,217876.0
7458,4a5cf927-5e23-4267-926e-9463e171f71e,7/6/2016 11:07,27,217867.0
7459,4a5cf927-5e23-4267-926e-9463e171f71e,7/6/2016 10:07,11,217840.0
7460,4a5cf927-5e23-4267-926e-9463e171f71e,7/6/2016 9:07,3,217829.0
7461,4a5cf927-5e23-4267-926e-9463e171f71e,7/6/2016 8:07,0,217826.0
7462,4a5cf927-5e23-4267-926e-9463e171f71e,7/6/2016 7:07,0,217826.0
7463,4a5cf927-5e23-4267-926e-9463e171f71e,7/6/2016 6:07,0,217826.0
7464,4a5cf927-5e23-4267-926e-9463e171f71e,7/6/2016 5:07,0,217826.0
7465,4a5cf927-5e23-4267-926e-9463e171f71e,7/6/2016 4:07,0,217826.0
7466,4a5cf927-5e23-4267-926e-9463e171f71e,7/6/2016 3:07,0,217826.0
7467,4a5cf927-5e23-4267-926e-9463e171f71e,7/6/2016 2:07,8,217826.0
7468,4a5cf927-5e23-4267-926e-9463e171f71e,7/6/2016 1:07,2,217818.0
7469,4a5cf927-5e23-4267-926e-9463e171f71e,7/6/2016 0:07,8,217816.0
7470,4a5cf927-5e23-4267-926e-9463e171f71e,6/6/2016 19:09,26,217808.0
7471,4a5cf927-5e23-4267-926e-9463e171f71e,6/6/2016 18:09,0,217782.0
7472,4a5cf927-5e23-4267-926e-9463e171f71e,6/6/2016 17:09,11,217782.0
7473,4a5cf927-5e23-4267-926e-9463e171f71e,6/6/2016 16:09,3,217771.0
7474,4a5cf927-5e23-4267-926e-9463e171f71e,6/6/2016 15:07,7,217768.0
7475,4a5cf927-5e23-4267-926e-9463e171f71e,6/6/2016 14:07,0,217761.0
7476,4a5cf927-5e23-4267-926e-9463e171f71e,6/6/2016 13:07,0,217761.0
7477,4a5cf927-5e23-4267-926e-9463e171f71e,6/6/2016 12:07,87,217761.0
7478,4a5cf927-5e23-4267-926e-9463e171f71e,6/6/2016 11:07,123,217674.0
7479,4a5cf927-5e23-4267-926e-9463e171f71e,6/6/2016 10:07,26,217551.0
7480,4a5cf927-5e23-4267-926e-9463e171f71e,6/6/2016 9:07,0,217525.0
7481,4a5cf927-5e23-4267-926e-9463e171f71e,6/6/2016 8:07,0,217525.0
7482,4a5cf927-5e23-4267-926e-9463e171f71e,6/6/2016 7:07,0,217525.0
7483,4a5cf927-5e23-4267-926e-9463e171f71e,6/6/2016 6:07,0,217525.0
7484,4a5cf927-5e23-4267-926e-9463e171f71e,6/6/2016 5:07,0,217525.0
7485,4a5cf927-5e23-4267-926e-9463e171f71e,6/6/2016 4:07,0,217525.0
7486,4a5cf927-5e23-4267-926e-9463e171f71e,6/6/2016 3:07,0,217525.0
7487,4a5cf927-5e23-4267-926e-9463e171f71e,6/6/2016 2:07,0,217525.0
7488,4a5cf927-5e23-4267-926e-9463e171f71e,6/6/2016 1:07,12,217525.0
7489,4a5cf927-5e23-4267-926e-9463e171f71e,6/6/2016 0:07,18,217513.0
7490,4a5cf927-5e23-4267-926e-9463e171f71e,5/6/2016 23:07,2,217495.0
7491,4a5cf927-5e23-4267-926e-9463e171f71e,5/6/2016 22:07,30,217493.0
7492,4a5cf927-5e23-4267-926e-9463e171f71e,5/6/2016 21:07,25,217463.0
7493,4a5cf927-5e23-4267-926e-9463e171f71e,5/6/2016 20:07,4,217438.0
7494,4a5cf927-5e23-4267-926e-9463e171f71e,5/6/2016 19:07,7,217434.0
7495,4a5cf927-5e23-4267-926e-9463e171f71e,5/6/2016 18:07,3,217427.0
7496,4a5cf927-5e23-4267-926e-9463e171f71e,5/6/2016 17:07,10,217424.0
7497,4a5cf927-5e23-4267-926e-9463e171f71e,5/6/2016 16:07,21,217414.0
7498,4a5cf927-5e23-4267-926e-9463e171f71e,5/6/2016 15:07,12,217393.0
7499,4a5cf927-5e23-4267-926e-9463e171f71e,5/6/2016 14:07,6,217381.0
7500,4a5cf927-5e23-4267-926e-9463e171f71e,5/6/2016 13:07,14,217375.0
7501,4a5cf927-5e23-4267-926e-9463e171f71e,5/6/2016 12:07,76,217361.0
7502,4a5cf927-5e23-4267-926e-9463e171f71e,5/6/2016 11:08,25,217285.0
7503,4a5cf927-5e23-4267-926e-9463e171f71e,5/6/2016 10:08,0,217260.0
7504,4a5cf927-5e23-4267-926e-9463e171f71e,5/6/2016 9:08,0,217260.0
7505,4a5cf927-5e23-4267-926e-9463e171f71e,5/6/2016 8:08,0,217260.0
7506,4a5cf927-5e23-4267-926e-9463e171f71e,5/6/2016 7:07,0,217260.0
7507,4a5cf927-5e23-4267-926e-9463e171f71e,5/6/2016 6:07,0,217260.0
7508,4a5cf927-5e23-4267-926e-9463e171f71e,5/6/2016 5:07,0,217260.0
7509,4a5cf927-5e23-4267-926e-9463e171f71e,5/6/2016 4:07,0,217260.0
7510,4a5cf927-5e23-4267-926e-9463e171f71e,5/6/2016 3:07,0,217260.0
7511,4a5cf927-5e23-4267-926e-9463e171f71e,5/6/2016 2:07,1,217260.0
7512,4a5cf927-5e23-4267-926e-9463e171f71e,5/6/2016 1:07,7,217259.0
7513,4a5cf927-5e23-4267-926e-9463e171f71e,5/6/2016 0:07,0,217252.0
7514,4a5cf927-5e23-4267-926e-9463e171f71e,4/6/2016 23:08,14,217252.0
7515,4a5cf927-5e23-4267-926e-9463e171f71e,4/6/2016 22:08,19,217238.0
7516,4a5cf927-5e23-4267-926e-9463e171f71e,4/6/2016 21:08,13,217219.0
7517,4a5cf927-5e23-4267-926e-9463e171f71e,4/6/2016 20:08,0,217206.0
7518,4a5cf927-5e23-4267-926e-9463e171f71e,4/6/2016 19:08,0,217206.0
7519,4a5cf927-5e23-4267-926e-9463e171f71e,4/6/2016 18:08,0,217206.0
7520,4a5cf927-5e23-4267-926e-9463e171f71e,4/6/2016 17:08,59,217206.0
7521,4a5cf927-5e23-4267-926e-9463e171f71e,4/6/2016 16:08,0,217147.0
7522,4a5cf927-5e23-4267-926e-9463e171f71e,4/6/2016 15:07,0,217147.0
7523,4a5cf927-5e23-4267-926e-9463e171f71e,4/6/2016 14:07,0,217147.0
7524,4a5cf927-5e23-4267-926e-9463e171f71e,4/6/2016 13:07,6,217147.0
7525,4a5cf927-5e23-4267-926e-9463e171f71e,4/6/2016 12:07,33,217141.0
7526,4a5cf927-5e23-4267-926e-9463e171f71e,4/6/2016 11:08,27,217108.0
7527,4a5cf927-5e23-4267-926e-9463e171f71e,4/6/2016 10:08,8,217081.0
7528,4a5cf927-5e23-4267-926e-9463e171f71e,4/6/2016 9:08,0,217073.0
7529,4a5cf927-5e23-4267-926e-9463e171f71e,4/6/2016 8:08,0,217073.0
7530,4a5cf927-5e23-4267-926e-9463e171f71e,4/6/2016 7:08,0,217073.0
7531,4a5cf927-5e23-4267-926e-9463e171f71e,4/6/2016 6:08,0,217073.0
7532,4a5cf927-5e23-4267-926e-9463e171f71e,4/6/2016 5:08,0,217073.0
7533,4a5cf927-5e23-4267-926e-9463e171f71e,4/6/2016 4:08,0,217073.0
7534,4a5cf927-5e23-4267-926e-9463e171f71e,4/6/2016 3:08,0,217073.0
7535,4a5cf927-5e23-4267-926e-9463e171f71e,4/6/2016 2:08,0,217073.0
7536,4a5cf927-5e23-4267-926e-9463e171f71e,4/6/2016 1:08,17,217073.0
7537,4a5cf927-5e23-4267-926e-9463e171f71e,4/6/2016 0:08,0,217056.0
7538,4a5cf927-5e23-4267-926e-9463e171f71e,3/6/2016 23:08,0,217056.0
7539,4a5cf927-5e23-4267-926e-9463e171f71e,3/6/2016 22:08,0,217056.0
7540,4a5cf927-5e23-4267-926e-9463e171f71e,3/6/2016 21:08,0,217056.0
7541,4a5cf927-5e23-4267-926e-9463e171f71e,3/6/2016 20:08,13,217056.0
7542,4a5cf927-5e23-4267-926e-9463e171f71e,3/6/2016 19:08,8,217043.0
7543,4a5cf927-5e23-4267-926e-9463e171f71e,3/6/2016 18:08,3,217035.0
7544,4a5cf927-5e23-4267-926e-9463e171f71e,3/6/2016 17:08,26,217032.0
7545,4a5cf927-5e23-4267-926e-9463e171f71e,3/6/2016 16:08,11,217006.0
7546,4a5cf927-5e23-4267-926e-9463e171f71e,3/6/2016 15:08,4,216995.0
7547,4a5cf927-5e23-4267-926e-9463e171f71e,3/6/2016 14:08,4,216991.0
7548,4a5cf927-5e23-4267-926e-9463e171f71e,3/6/2016 13:08,14,216987.0
7549,4a5cf927-5e23-4267-926e-9463e171f71e,3/6/2016 12:08,66,216973.0
7550,4a5cf927-5e23-4267-926e-9463e171f71e,3/6/2016 11:08,21,216907.0
7551,4a5cf927-5e23-4267-926e-9463e171f71e,3/6/2016 10:08,80,216886.0
7552,4a5cf927-5e23-4267-926e-9463e171f71e,3/6/2016 9:08,1,216806.0
7553,4a5cf927-5e23-4267-926e-9463e171f71e,3/6/2016 8:08,0,216805.0
7554,4a5cf927-5e23-4267-926e-9463e171f71e,3/6/2016 7:08,0,216805.0
7555,4a5cf927-5e23-4267-926e-9463e171f71e,3/6/2016 6:08,0,216805.0
7556,4a5cf927-5e23-4267-926e-9463e171f71e,3/6/2016 5:08,0,216805.0
7557,4a5cf927-5e23-4267-926e-9463e171f71e,3/6/2016 4:08,6,216805.0
7558,4a5cf927-5e23-4267-926e-9463e171f71e,3/6/2016 3:08,0,216799.0
7559,4a5cf927-5e23-4267-926e-9463e171f71e,3/6/2016 2:08,0,216799.0
7560,4a5cf927-5e23-4267-926e-9463e171f71e,3/6/2016 1:08,5,216799.0
7561,4a5cf927-5e23-4267-926e-9463e171f71e,3/6/2016 0:08,0,216794.0
7562,4a5cf927-5e23-4267-926e-9463e171f71e,2/6/2016 23:08,40,216794.0
7563,4a5cf927-5e23-4267-926e-9463e171f71e,2/6/2016 22:08,34,216754.0
7564,4a5cf927-5e23-4267-926e-9463e171f71e,2/6/2016 21:08,0,216720.0
7565,4a5cf927-5e23-4267-926e-9463e171f71e,2/6/2016 20:08,1,216720.0
7566,4a5cf927-5e23-4267-926e-9463e171f71e,2/6/2016 15:08,0,216719.0
7567,4a5cf927-5e23-4267-926e-9463e171f71e,2/6/2016 14:08,0,216719.0
7568,4a5cf927-5e23-4267-926e-9463e171f71e,2/6/2016 13:08,0,216719.0
7569,4a5cf927-5e23-4267-926e-9463e171f71e,2/6/2016 12:08,11,216719.0
7570,4a5cf927-5e23-4267-926e-9463e171f71e,2/6/2016 11:08,70,216708.0
7571,4a5cf927-5e23-4267-926e-9463e171f71e,2/6/2016 10:08,21,216638.0
7572,4a5cf927-5e23-4267-926e-9463e171f71e,2/6/2016 9:08,55,216617.0
7573,4a5cf927-5e23-4267-926e-9463e171f71e,2/6/2016 8:08,0,216562.0
7574,4a5cf927-5e23-4267-926e-9463e171f71e,2/6/2016 7:08,0,216562.0
7575,4a5cf927-5e23-4267-926e-9463e171f71e,2/6/2016 6:08,0,216562.0
7576,4a5cf927-5e23-4267-926e-9463e171f71e,2/6/2016 5:08,0,216562.0
7577,4a5cf927-5e23-4267-926e-9463e171f71e,2/6/2016 4:08,0,216562.0
7578,4a5cf927-5e23-4267-926e-9463e171f71e,2/6/2016 3:08,0,216562.0
7579,4a5cf927-5e23-4267-926e-9463e171f71e,2/6/2016 2:08,6,216562.0
7580,4a5cf927-5e23-4267-926e-9463e171f71e,2/6/2016 1:08,0,216556.0
7581,4a5cf927-5e23-4267-926e-9463e171f71e,2/6/2016 0:08,53,216556.0
7582,4a5cf927-5e23-4267-926e-9463e171f71e,1/6/2016 19:08,0,216503.0
7583,4a5cf927-5e23-4267-926e-9463e171f71e,1/6/2016 18:08,0,216503.0
7584,4a5cf927-5e23-4267-926e-9463e171f71e,1/6/2016 17:08,0,216503.0
7585,4a5cf927-5e23-4267-926e-9463e171f71e,1/6/2016 16:08,1,216503.0
7586,4a5cf927-5e23-4267-926e-9463e171f71e,1/6/2016 15:08,0,216502.0
7587,4a5cf927-5e23-4267-926e-9463e171f71e,1/6/2016 14:08,16,216502.0
7588,4a5cf927-5e23-4267-926e-9463e171f71e,1/6/2016 13:08,34,216486.0
7589,4a5cf927-5e23-4267-926e-9463e171f71e,1/6/2016 12:08,0,216452.0
7590,4a5cf927-5e23-4267-926e-9463e171f71e,1/6/2016 11:08,14,216452.0
7591,4a5cf927-5e23-4267-926e-9463e171f71e,1/6/2016 10:08,105,216438.0
7592,4a5cf927-5e23-4267-926e-9463e171f71e,1/6/2016 9:08,59,216333.0
7593,4a5cf927-5e23-4267-926e-9463e171f71e,1/6/2016 8:08,8,216274.0
7594,4a5cf927-5e23-4267-926e-9463e171f71e,1/6/2016 7:08,0,216266.0
7595,4a5cf927-5e23-4267-926e-9463e171f71e,1/6/2016 6:08,0,216266.0
7596,4a5cf927-5e23-4267-926e-9463e171f71e,1/6/2016 5:08,0,216266.0
7597,4a5cf927-5e23-4267-926e-9463e171f71e,1/6/2016 4:08,15,216266.0
7598,4a5cf927-5e23-4267-926e-9463e171f71e,31/05/2016 23:08:11,0,216251.0
7599,4a5cf927-5e23-4267-926e-9463e171f71e,31/05/2016 22:08:11,6,216251.0
7600,4a5cf927-5e23-4267-926e-9463e171f71e,31/05/2016 21:08:11,0,216245.0
7601,4a5cf927-5e23-4267-926e-9463e171f71e,31/05/2016 20:08:11,0,216245.0
7602,4a5cf927-5e23-4267-926e-9463e171f71e,31/05/2016 19:08:11,1,216245.0
7603,4a5cf927-5e23-4267-926e-9463e171f71e,31/05/2016 18:08:11,10,216244.0
7604,4a5cf927-5e23-4267-926e-9463e171f71e,31/05/2016 17:08:11,9,216234.0
7605,4a5cf927-5e23-4267-926e-9463e171f71e,31/05/2016 16:08:11,11,216225.0
7606,4a5cf927-5e23-4267-926e-9463e171f71e,31/05/2016 15:08:11,12,216214.0
7607,4a5cf927-5e23-4267-926e-9463e171f71e,31/05/2016 14:08:11,1,216202.0
7608,4a5cf927-5e23-4267-926e-9463e171f71e,31/05/2016 13:08:11,5,216201.0
7609,4a5cf927-5e23-4267-926e-9463e171f71e,31/05/2016 12:08:11,133,216196.0
7610,4a5cf927-5e23-4267-926e-9463e171f71e,31/05/2016 07:08:08,0,216063.0
7611,4a5cf927-5e23-4267-926e-9463e171f71e,31/05/2016 06:08:08,0,216063.0
7612,4a5cf927-5e23-4267-926e-9463e171f71e,31/05/2016 05:08:08,0,216063.0
7613,4a5cf927-5e23-4267-926e-9463e171f71e,31/05/2016 04:08:08,1,216063.0
7614,4a5cf927-5e23-4267-926e-9463e171f71e,31/05/2016 03:08:10,0,216062.0
7615,4a5cf927-5e23-4267-926e-9463e171f71e,31/05/2016 02:08:10,0,216062.0
7616,4a5cf927-5e23-4267-926e-9463e171f71e,31/05/2016 01:08:10,3,216062.0
7617,4a5cf927-5e23-4267-926e-9463e171f71e,31/05/2016 00:08:10,4,216059.0
7618,4a5cf927-5e23-4267-926e-9463e171f71e,30/05/2016 23:08:58,9,216055.0
7619,4a5cf927-5e23-4267-926e-9463e171f71e,30/05/2016 22:08:58,12,216046.0
7620,4a5cf927-5e23-4267-926e-9463e171f71e,30/05/2016 21:08:58,5,216034.0
7621,4a5cf927-5e23-4267-926e-9463e171f71e,30/05/2016 20:08:58,6,216029.0
7622,4a5cf927-5e23-4267-926e-9463e171f71e,30/05/2016 19:08:11,0,216023.0
7623,4a5cf927-5e23-4267-926e-9463e171f71e,30/05/2016 18:08:11,14,216023.0
7624,4a5cf927-5e23-4267-926e-9463e171f71e,30/05/2016 17:08:11,17,216009.0
7625,4a5cf927-5e23-4267-926e-9463e171f71e,30/05/2016 16:08:11,17,215992.0
7626,4a5cf927-5e23-4267-926e-9463e171f71e,30/05/2016 15:08:31,49,215975.0
7627,4a5cf927-5e23-4267-926e-9463e171f71e,30/05/2016 14:08:31,5,215926.0
7628,4a5cf927-5e23-4267-926e-9463e171f71e,30/05/2016 13:08:31,0,215921.0
7629,4a5cf927-5e23-4267-926e-9463e171f71e,30/05/2016 12:08:31,9,215921.0
7630,4a5cf927-5e23-4267-926e-9463e171f71e,30/05/2016 11:08:12,49,215912.0
7631,4a5cf927-5e23-4267-926e-9463e171f71e,30/05/2016 10:08:12,66,215863.0
7632,4a5cf927-5e23-4267-926e-9463e171f71e,30/05/2016 09:08:12,6,215797.0
7633,4a5cf927-5e23-4267-926e-9463e171f71e,30/05/2016 08:08:12,0,215791.0
7634,4a5cf927-5e23-4267-926e-9463e171f71e,30/05/2016 07:08:13,0,215791.0
7635,4a5cf927-5e23-4267-926e-9463e171f71e,30/05/2016 06:08:13,0,215791.0
7636,4a5cf927-5e23-4267-926e-9463e171f71e,30/05/2016 05:08:13,1,215791.0
7637,4a5cf927-5e23-4267-926e-9463e171f71e,30/05/2016 04:08:13,0,215790.0
7638,4a5cf927-5e23-4267-926e-9463e171f71e,30/05/2016 03:08:12,0,215790.0
7639,4a5cf927-5e23-4267-926e-9463e171f71e,30/05/2016 02:08:12,0,215790.0
7640,4a5cf927-5e23-4267-926e-9463e171f71e,30/05/2016 01:08:12,6,215790.0
7641,4a5cf927-5e23-4267-926e-9463e171f71e,30/05/2016 00:08:12,0,215784.0
7642,4a5cf927-5e23-4267-926e-9463e171f71e,29/05/2016 23:08:15,3,215784.0
7643,4a5cf927-5e23-4267-926e-9463e171f71e,29/05/2016 22:08:15,8,215781.0
7644,4a5cf927-5e23-4267-926e-9463e171f71e,29/05/2016 21:08:15,3,215773.0
7645,4a5cf927-5e23-4267-926e-9463e171f71e,29/05/2016 20:08:15,0,215770.0
7646,4a5cf927-5e23-4267-926e-9463e171f71e,29/05/2016 19:08:13,73,215770.0
7647,4a5cf927-5e23-4267-926e-9463e171f71e,29/05/2016 18:08:13,4,215697.0
7648,4a5cf927-5e23-4267-926e-9463e171f71e,29/05/2016 17:08:13,1,215693.0
7649,4a5cf927-5e23-4267-926e-9463e171f71e,29/05/2016 16:08:13,10,215692.0
7650,4a5cf927-5e23-4267-926e-9463e171f71e,29/05/2016 15:08:15,46,215682.0
7651,4a5cf927-5e23-4267-926e-9463e171f71e,29/05/2016 14:08:15,19,215636.0
7652,4a5cf927-5e23-4267-926e-9463e171f71e,29/05/2016 13:08:15,4,215617.0
7653,4a5cf927-5e23-4267-926e-9463e171f71e,29/05/2016 12:08:15,5,215613.0
7654,4a5cf927-5e23-4267-926e-9463e171f71e,29/05/2016 11:08:14,0,215608.0
7655,4a5cf927-5e23-4267-926e-9463e171f71e,29/05/2016 10:08:14,0,215608.0
7656,4a5cf927-5e23-4267-926e-9463e171f71e,29/05/2016 09:08:14,1,215608.0
7657,4a5cf927-5e23-4267-926e-9463e171f71e,29/05/2016 08:08:14,0,215607.0
7658,4a5cf927-5e23-4267-926e-9463e171f71e,29/05/2016 07:08:13,0,215607.0
7659,4a5cf927-5e23-4267-926e-9463e171f71e,29/05/2016 06:08:13,0,215607.0
7660,4a5cf927-5e23-4267-926e-9463e171f71e,29/05/2016 05:08:13,0,215607.0
7661,4a5cf927-5e23-4267-926e-9463e171f71e,29/05/2016 04:08:13,15,215607.0
7662,4a5cf927-5e23-4267-926e-9463e171f71e,29/05/2016 03:08:20,0,215592.0
7663,4a5cf927-5e23-4267-926e-9463e171f71e,29/05/2016 02:08:20,0,215592.0
7664,4a5cf927-5e23-4267-926e-9463e171f71e,29/05/2016 01:08:20,0,215592.0
7665,4a5cf927-5e23-4267-926e-9463e171f71e,29/05/2016 00:08:20,0,215592.0
7666,4a5cf927-5e23-4267-926e-9463e171f71e,28/05/2016 23:08:15,0,215592.0
7667,4a5cf927-5e23-4267-926e-9463e171f71e,28/05/2016 22:08:15,0,215592.0
7668,4a5cf927-5e23-4267-926e-9463e171f71e,28/05/2016 21:08:15,0,215592.0
7669,4a5cf927-5e23-4267-926e-9463e171f71e,28/05/2016 20:08:15,4,215592.0
7670,4a5cf927-5e23-4267-926e-9463e171f71e,28/05/2016 19:08:19,7,215588.0
7671,4a5cf927-5e23-4267-926e-9463e171f71e,28/05/2016 18:08:19,65,215581.0
7672,4a5cf927-5e23-4267-926e-9463e171f71e,28/05/2016 17:08:19,6,215516.0
7673,4a5cf927-5e23-4267-926e-9463e171f71e,28/05/2016 16:08:19,11,215510.0
7674,4a5cf927-5e23-4267-926e-9463e171f71e,28/05/2016 15:08:16,11,215499.0
7675,4a5cf927-5e23-4267-926e-9463e171f71e,28/05/2016 14:08:16,6,215488.0
7676,4a5cf927-5e23-4267-926e-9463e171f71e,28/05/2016 13:08:16,9,215482.0
7677,4a5cf927-5e23-4267-926e-9463e171f71e,28/05/2016 12:08:16,1,215473.0
7678,4a5cf927-5e23-4267-926e-9463e171f71e,28/05/2016 11:08:18,7,215472.0
7679,4a5cf927-5e23-4267-926e-9463e171f71e,28/05/2016 10:08:18,0,215465.0
7680,4a5cf927-5e23-4267-926e-9463e171f71e,28/05/2016 09:08:18,29,215465.0
7681,4a5cf927-5e23-4267-926e-9463e171f71e,28/05/2016 08:08:18,0,215436.0
7682,4a5cf927-5e23-4267-926e-9463e171f71e,28/05/2016 07:08:15,0,215436.0
7683,4a5cf927-5e23-4267-926e-9463e171f71e,28/05/2016 06:08:15,0,215436.0
7684,4a5cf927-5e23-4267-926e-9463e171f71e,28/05/2016 05:08:15,0,215436.0
7685,4a5cf927-5e23-4267-926e-9463e171f71e,28/05/2016 04:08:15,0,215436.0
7686,4a5cf927-5e23-4267-926e-9463e171f71e,28/05/2016 03:08:22,0,215436.0
7687,4a5cf927-5e23-4267-926e-9463e171f71e,28/05/2016 02:08:22,6,215436.0
7688,4a5cf927-5e23-4267-926e-9463e171f71e,28/05/2016 01:08:22,0,215430.0
7689,4a5cf927-5e23-4267-926e-9463e171f71e,28/05/2016 00:08:22,5,215430.0
7690,4a5cf927-5e23-4267-926e-9463e171f71e,27/05/2016 23:08:32,7,215425.0
7691,4a5cf927-5e23-4267-926e-9463e171f71e,27/05/2016 22:08:32,7,215418.0
7692,4a5cf927-5e23-4267-926e-9463e171f71e,27/05/2016 21:08:32,6,215411.0
7693,4a5cf927-5e23-4267-926e-9463e171f71e,27/05/2016 20:08:32,6,215405.0
7694,4a5cf927-5e23-4267-926e-9463e171f71e,27/05/2016 19:08:38,0,215399.0
7695,4a5cf927-5e23-4267-926e-9463e171f71e,27/05/2016 18:08:38,8,215399.0
7696,4a5cf927-5e23-4267-926e-9463e171f71e,27/05/2016 17:08:38,1,215391.0
7697,4a5cf927-5e23-4267-926e-9463e171f71e,27/05/2016 16:08:38,9,215390.0
7698,4a5cf927-5e23-4267-926e-9463e171f71e,27/05/2016 15:08:32,14,215381.0
7699,4a5cf927-5e23-4267-926e-9463e171f71e,27/05/2016 14:08:32,0,215367.0
7700,4a5cf927-5e23-4267-926e-9463e171f71e,27/05/2016 13:08:32,1,215367.0
7701,4a5cf927-5e23-4267-926e-9463e171f71e,27/05/2016 12:08:32,8,215366.0
7702,4a5cf927-5e23-4267-926e-9463e171f71e,27/05/2016 11:08:19,89,215358.0
7703,4a5cf927-5e23-4267-926e-9463e171f71e,27/05/2016 10:08:19,22,215269.0
7704,4a5cf927-5e23-4267-926e-9463e171f71e,27/05/2016 09:08:19,6,215247.0
7705,4a5cf927-5e23-4267-926e-9463e171f71e,27/05/2016 08:08:19,0,215241.0
7706,4a5cf927-5e23-4267-926e-9463e171f71e,27/05/2016 07:08:18,0,215241.0
7707,4a5cf927-5e23-4267-926e-9463e171f71e,27/05/2016 06:08:18,0,215241.0
7708,4a5cf927-5e23-4267-926e-9463e171f71e,27/05/2016 05:08:18,0,215241.0
7709,4a5cf927-5e23-4267-926e-9463e171f71e,27/05/2016 04:08:18,0,215241.0
7710,4a5cf927-5e23-4267-926e-9463e171f71e,27/05/2016 03:08:21,0,215241.0
7711,4a5cf927-5e23-4267-926e-9463e171f71e,27/05/2016 02:08:21,3,215241.0
7712,4a5cf927-5e23-4267-926e-9463e171f71e,27/05/2016 01:08:21,13,215238.0
7713,4a5cf927-5e23-4267-926e-9463e171f71e,27/05/2016 00:08:21,12,215225.0
7714,4a5cf927-5e23-4267-926e-9463e171f71e,26/05/2016 23:08:22,1,215213.0
7715,4a5cf927-5e23-4267-926e-9463e171f71e,26/05/2016 22:08:22,11,215212.0
7716,4a5cf927-5e23-4267-926e-9463e171f71e,26/05/2016 21:08:22,6,215201.0
7717,4a5cf927-5e23-4267-926e-9463e171f71e,26/05/2016 20:08:22,0,215195.0
7718,4a5cf927-5e23-4267-926e-9463e171f71e,26/05/2016 19:08:21,0,215195.0
7719,4a5cf927-5e23-4267-926e-9463e171f71e,26/05/2016 18:08:21,0,215195.0
7720,4a5cf927-5e23-4267-926e-9463e171f71e,26/05/2016 17:08:21,7,215195.0
7721,4a5cf927-5e23-4267-926e-9463e171f71e,26/05/2016 16:08:21,7,215188.0
7722,4a5cf927-5e23-4267-926e-9463e171f71e,26/05/2016 15:08:20,4,215181.0
7723,4a5cf927-5e23-4267-926e-9463e171f71e,26/05/2016 14:08:20,89,215177.0
7724,4a5cf927-5e23-4267-926e-9463e171f71e,26/05/2016 13:08:20,0,215088.0
7725,4a5cf927-5e23-4267-926e-9463e171f71e,26/05/2016 12:08:20,9,215088.0
7726,4a5cf927-5e23-4267-926e-9463e171f71e,26/05/2016 11:08:57,34,215079.0
7727,4a5cf927-5e23-4267-926e-9463e171f71e,26/05/2016 10:08:57,76,215045.0
7728,4a5cf927-5e23-4267-926e-9463e171f71e,26/05/2016 09:08:57,0,214969.0
7729,4a5cf927-5e23-4267-926e-9463e171f71e,26/05/2016 08:08:57,0,214969.0
7730,4a5cf927-5e23-4267-926e-9463e171f71e,26/05/2016 07:08:20,0,214969.0
7731,4a5cf927-5e23-4267-926e-9463e171f71e,26/05/2016 06:08:20,0,214969.0
7732,4a5cf927-5e23-4267-926e-9463e171f71e,26/05/2016 05:08:20,0,214969.0
7733,4a5cf927-5e23-4267-926e-9463e171f71e,26/05/2016 04:08:20,0,214969.0
7734,4a5cf927-5e23-4267-926e-9463e171f71e,26/05/2016 03:08:22,0,214969.0
7735,4a5cf927-5e23-4267-926e-9463e171f71e,26/05/2016 02:08:22,0,214969.0
7736,4a5cf927-5e23-4267-926e-9463e171f71e,26/05/2016 01:08:22,0,214969.0
7737,4a5cf927-5e23-4267-926e-9463e171f71e,26/05/2016 00:08:22,8,214969.0
7738,4a5cf927-5e23-4267-926e-9463e171f71e,25/05/2016 23:08:21,0,214961.0
7739,4a5cf927-5e23-4267-926e-9463e171f71e,25/05/2016 22:08:21,10,214961.0
7740,4a5cf927-5e23-4267-926e-9463e171f71e,25/05/2016 21:08:21,0,214951.0
7741,4a5cf927-5e23-4267-926e-9463e171f71e,25/05/2016 20:08:21,4,214951.0
7742,4a5cf927-5e23-4267-926e-9463e171f71e,25/05/2016 19:08:26,10,214947.0
7743,4a5cf927-5e23-4267-926e-9463e171f71e,25/05/2016 18:08:26,5,214937.0
7744,4a5cf927-5e23-4267-926e-9463e171f71e,25/05/2016 17:08:26,0,214932.0
7745,4a5cf927-5e23-4267-926e-9463e171f71e,25/05/2016 16:08:26,5,214932.0
7746,4a5cf927-5e23-4267-926e-9463e171f71e,25/05/2016 15:08:23,12,214927.0
7747,4a5cf927-5e23-4267-926e-9463e171f71e,25/05/2016 14:08:23,18,214915.0
7748,4a5cf927-5e23-4267-926e-9463e171f71e,25/05/2016 13:08:23,15,214897.0
7749,4a5cf927-5e23-4267-926e-9463e171f71e,25/05/2016 12:08:23,175,214882.0
7750,4a5cf927-5e23-4267-926e-9463e171f71e,25/05/2016 03:08:24,4,214707.0
7751,4a5cf927-5e23-4267-926e-9463e171f71e,25/05/2016 02:08:24,0,214703.0
7752,4a5cf927-5e23-4267-926e-9463e171f71e,25/05/2016 01:08:24,0,214703.0
7753,4a5cf927-5e23-4267-926e-9463e171f71e,25/05/2016 00:08:24,12,214703.0
7754,4a5cf927-5e23-4267-926e-9463e171f71e,24/05/2016 23:08:24,9,214691.0
7755,4a5cf927-5e23-4267-926e-9463e171f71e,24/05/2016 22:08:24,10,214682.0
7756,4a5cf927-5e23-4267-926e-9463e171f71e,24/05/2016 21:08:24,3,214672.0
7757,4a5cf927-5e23-4267-926e-9463e171f71e,24/05/2016 20:08:24,47,214669.0
7758,4a5cf927-5e23-4267-926e-9463e171f71e,24/05/2016 11:09:05,25,214622.0
7759,4a5cf927-5e23-4267-926e-9463e171f71e,24/05/2016 10:09:05,77,214597.0
7760,4a5cf927-5e23-4267-926e-9463e171f71e,24/05/2016 09:09:05,30,214520.0
7761,4a5cf927-5e23-4267-926e-9463e171f71e,24/05/2016 08:09:05,0,214490.0
7762,4a5cf927-5e23-4267-926e-9463e171f71e,24/05/2016 07:08:25,0,214490.0
7763,4a5cf927-5e23-4267-926e-9463e171f71e,24/05/2016 06:08:25,0,214490.0
7764,4a5cf927-5e23-4267-926e-9463e171f71e,24/05/2016 05:08:25,0,214490.0
7765,4a5cf927-5e23-4267-926e-9463e171f71e,24/05/2016 04:08:25,36,214490.0
7766,4a5cf927-5e23-4267-926e-9463e171f71e,23/05/2016 23:08:26,1,214454.0
7767,4a5cf927-5e23-4267-926e-9463e171f71e,23/05/2016 22:08:26,6,214453.0
7768,4a5cf927-5e23-4267-926e-9463e171f71e,23/05/2016 21:08:26,1,214447.0
7769,4a5cf927-5e23-4267-926e-9463e171f71e,23/05/2016 20:08:26,1,214446.0
7770,4a5cf927-5e23-4267-926e-9463e171f71e,23/05/2016 19:08:29,8,214445.0
7771,4a5cf927-5e23-4267-926e-9463e171f71e,23/05/2016 18:08:29,6,214437.0
7772,4a5cf927-5e23-4267-926e-9463e171f71e,23/05/2016 17:08:29,5,214431.0
7773,4a5cf927-5e23-4267-926e-9463e171f71e,23/05/2016 16:08:29,2,214426.0
7774,4a5cf927-5e23-4267-926e-9463e171f71e,23/05/2016 15:09:05,6,214424.0
7775,4a5cf927-5e23-4267-926e-9463e171f71e,23/05/2016 14:09:05,1,214418.0
7776,4a5cf927-5e23-4267-926e-9463e171f71e,23/05/2016 13:09:05,10,214417.0
7777,4a5cf927-5e23-4267-926e-9463e171f71e,23/05/2016 12:09:05,287,214407.0
7778,4a5cf927-5e23-4267-926e-9463e171f71e,23/05/2016 07:08:28,0,214120.0
7779,4a5cf927-5e23-4267-926e-9463e171f71e,23/05/2016 06:08:28,0,214120.0
7780,4a5cf927-5e23-4267-926e-9463e171f71e,23/05/2016 05:08:28,0,214120.0
7781,4a5cf927-5e23-4267-926e-9463e171f71e,23/05/2016 04:08:28,6,214120.0
7782,4a5cf927-5e23-4267-926e-9463e171f71e,22/05/2016 23:08:29,12,214114.0
7783,4a5cf927-5e23-4267-926e-9463e171f71e,22/05/2016 22:08:29,10,214102.0
7784,4a5cf927-5e23-4267-926e-9463e171f71e,22/05/2016 21:08:29,7,214092.0
7785,4a5cf927-5e23-4267-926e-9463e171f71e,22/05/2016 20:08:29,0,214085.0
7786,4a5cf927-5e23-4267-926e-9463e171f71e,22/05/2016 19:08:34,19,214085.0
7787,4a5cf927-5e23-4267-926e-9463e171f71e,22/05/2016 18:08:34,0,214066.0
7788,4a5cf927-5e23-4267-926e-9463e171f71e,22/05/2016 17:08:34,32,214066.0
7789,4a5cf927-5e23-4267-926e-9463e171f71e,22/05/2016 16:08:34,9,214034.0
7790,4a5cf927-5e23-4267-926e-9463e171f71e,22/05/2016 15:08:33,1,214025.0
7791,4a5cf927-5e23-4267-926e-9463e171f71e,22/05/2016 14:08:33,6,214024.0
7792,4a5cf927-5e23-4267-926e-9463e171f71e,22/05/2016 13:08:33,16,214018.0
7793,4a5cf927-5e23-4267-926e-9463e171f71e,22/05/2016 12:08:33,14,214002.0
7794,4a5cf927-5e23-4267-926e-9463e171f71e,22/05/2016 11:08:31,0,213988.0
7795,4a5cf927-5e23-4267-926e-9463e171f71e,22/05/2016 10:08:31,91,213988.0
7796,4a5cf927-5e23-4267-926e-9463e171f71e,22/05/2016 09:08:31,0,213897.0
7797,4a5cf927-5e23-4267-926e-9463e171f71e,22/05/2016 08:08:31,0,213897.0
7798,4a5cf927-5e23-4267-926e-9463e171f71e,22/05/2016 07:08:32,0,213897.0
7799,4a5cf927-5e23-4267-926e-9463e171f71e,22/05/2016 06:08:32,0,213897.0
7800,4a5cf927-5e23-4267-926e-9463e171f71e,22/05/2016 05:08:32,0,213897.0
7801,4a5cf927-5e23-4267-926e-9463e171f71e,22/05/2016 04:08:32,0,213897.0
7802,4a5cf927-5e23-4267-926e-9463e171f71e,22/05/2016 03:08:38,3,213897.0
7803,4a5cf927-5e23-4267-926e-9463e171f71e,22/05/2016 02:08:38,0,213894.0
7804,4a5cf927-5e23-4267-926e-9463e171f71e,22/05/2016 01:08:38,7,213894.0
7805,4a5cf927-5e23-4267-926e-9463e171f71e,22/05/2016 00:08:38,0,213887.0
7806,4a5cf927-5e23-4267-926e-9463e171f71e,21/05/2016 23:08:33,0,213887.0
7807,4a5cf927-5e23-4267-926e-9463e171f71e,21/05/2016 22:08:33,0,213887.0
7808,4a5cf927-5e23-4267-926e-9463e171f71e,21/05/2016 21:08:33,0,213887.0
7809,4a5cf927-5e23-4267-926e-9463e171f71e,21/05/2016 20:08:33,126,213887.0
7810,4a5cf927-5e23-4267-926e-9463e171f71e,21/05/2016 15:08:36,0,213761.0
7811,4a5cf927-5e23-4267-926e-9463e171f71e,21/05/2016 14:08:36,0,213761.0
7812,4a5cf927-5e23-4267-926e-9463e171f71e,21/05/2016 13:08:36,3,213761.0
7813,4a5cf927-5e23-4267-926e-9463e171f71e,21/05/2016 12:08:36,19,213758.0
7814,4a5cf927-5e23-4267-926e-9463e171f71e,21/05/2016 11:08:35,68,213739.0
7815,4a5cf927-5e23-4267-926e-9463e171f71e,21/05/2016 10:08:35,33,213671.0
7816,4a5cf927-5e23-4267-926e-9463e171f71e,21/05/2016 09:08:35,13,213638.0
7817,4a5cf927-5e23-4267-926e-9463e171f71e,21/05/2016 08:08:35,0,213625.0
7818,4a5cf927-5e23-4267-926e-9463e171f71e,21/05/2016 07:08:31,0,213625.0
7819,4a5cf927-5e23-4267-926e-9463e171f71e,21/05/2016 06:08:31,0,213625.0
7820,4a5cf927-5e23-4267-926e-9463e171f71e,21/05/2016 05:08:31,0,213625.0
7821,4a5cf927-5e23-4267-926e-9463e171f71e,21/05/2016 04:08:31,12,213625.0
7822,4a5cf927-5e23-4267-926e-9463e171f71e,20/05/2016 23:08:36,4,213613.0
7823,4a5cf927-5e23-4267-926e-9463e171f71e,20/05/2016 22:08:36,13,213609.0
7824,4a5cf927-5e23-4267-926e-9463e171f71e,20/05/2016 21:08:36,4,213596.0
7825,4a5cf927-5e23-4267-926e-9463e171f71e,20/05/2016 20:08:36,0,213592.0
7826,4a5cf927-5e23-4267-926e-9463e171f71e,20/05/2016 19:08:37,0,213592.0
7827,4a5cf927-5e23-4267-926e-9463e171f71e,20/05/2016 18:08:37,0,213592.0
7828,4a5cf927-5e23-4267-926e-9463e171f71e,20/05/2016 17:08:37,1,213592.0
7829,4a5cf927-5e23-4267-926e-9463e171f71e,20/05/2016 16:08:37,0,213591.0
7830,4a5cf927-5e23-4267-926e-9463e171f71e,20/05/2016 15:08:35,0,213591.0
7831,4a5cf927-5e23-4267-926e-9463e171f71e,20/05/2016 14:08:35,0,213591.0
7832,4a5cf927-5e23-4267-926e-9463e171f71e,20/05/2016 13:08:35,0,213591.0
7833,4a5cf927-5e23-4267-926e-9463e171f71e,20/05/2016 12:08:35,0,213591.0
7834,4a5cf927-5e23-4267-926e-9463e171f71e,20/05/2016 11:08:35,0,213591.0
7835,4a5cf927-5e23-4267-926e-9463e171f71e,20/05/2016 10:08:35,0,213591.0
7836,4a5cf927-5e23-4267-926e-9463e171f71e,20/05/2016 09:08:35,0,213591.0
7837,4a5cf927-5e23-4267-926e-9463e171f71e,20/05/2016 08:08:35,1,213591.0
7838,4a5cf927-5e23-4267-926e-9463e171f71e,20/05/2016 07:08:35,0,213590.0
7839,4a5cf927-5e23-4267-926e-9463e171f71e,20/05/2016 06:08:35,0,213590.0
7840,4a5cf927-5e23-4267-926e-9463e171f71e,20/05/2016 05:08:35,0,213590.0
7841,4a5cf927-5e23-4267-926e-9463e171f71e,20/05/2016 04:08:35,0,213590.0
7842,4a5cf927-5e23-4267-926e-9463e171f71e,20/05/2016 03:08:37,0,213590.0
7843,4a5cf927-5e23-4267-926e-9463e171f71e,20/05/2016 02:08:37,0,213590.0
7844,4a5cf927-5e23-4267-926e-9463e171f71e,20/05/2016 01:08:37,0,213590.0
7845,4a5cf927-5e23-4267-926e-9463e171f71e,20/05/2016 00:08:37,0,213590.0
7846,4a5cf927-5e23-4267-926e-9463e171f71e,19/05/2016 23:08:36,0,213590.0
7847,4a5cf927-5e23-4267-926e-9463e171f71e,19/05/2016 22:08:36,0,213590.0
7848,4a5cf927-5e23-4267-926e-9463e171f71e,19/05/2016 21:08:36,0,213590.0
7849,4a5cf927-5e23-4267-926e-9463e171f71e,19/05/2016 20:08:36,0,213590.0
7850,4a5cf927-5e23-4267-926e-9463e171f71e,19/05/2016 19:08:38,0,213590.0
7851,4a5cf927-5e23-4267-926e-9463e171f71e,19/05/2016 18:08:38,0,213590.0
7852,4a5cf927-5e23-4267-926e-9463e171f71e,19/05/2016 17:08:38,0,213590.0
7853,4a5cf927-5e23-4267-926e-9463e171f71e,19/05/2016 16:08:38,15,213590.0
7854,4a5cf927-5e23-4267-926e-9463e171f71e,19/05/2016 07:08:38,0,213575.0
7855,4a5cf927-5e23-4267-926e-9463e171f71e,19/05/2016 06:08:38,0,213575.0
7856,4a5cf927-5e23-4267-926e-9463e171f71e,19/05/2016 05:08:38,0,213575.0
7857,4a5cf927-5e23-4267-926e-9463e171f71e,19/05/2016 04:08:38,0,213575.0
7858,4a5cf927-5e23-4267-926e-9463e171f71e,19/05/2016 03:08:42,0,213575.0
7859,4a5cf927-5e23-4267-926e-9463e171f71e,19/05/2016 02:08:42,0,213575.0
7860,4a5cf927-5e23-4267-926e-9463e171f71e,19/05/2016 01:08:42,0,213575.0
7861,4a5cf927-5e23-4267-926e-9463e171f71e,19/05/2016 00:08:42,1,213575.0
7862,4a5cf927-5e23-4267-926e-9463e171f71e,18/05/2016 23:08:40,0,213574.0
7863,4a5cf927-5e23-4267-926e-9463e171f71e,18/05/2016 22:08:40,0,213574.0
7864,4a5cf927-5e23-4267-926e-9463e171f71e,18/05/2016 21:08:40,0,213574.0
7865,4a5cf927-5e23-4267-926e-9463e171f71e,18/05/2016 20:08:40,0,213574.0
7866,4a5cf927-5e23-4267-926e-9463e171f71e,18/05/2016 19:10:09,0,213574.0
7867,4a5cf927-5e23-4267-926e-9463e171f71e,18/05/2016 18:10:09,0,213574.0
7868,4a5cf927-5e23-4267-926e-9463e171f71e,18/05/2016 17:10:09,0,213574.0
7869,4a5cf927-5e23-4267-926e-9463e171f71e,18/05/2016 16:10:09,0,213574.0
7870,4a5cf927-5e23-4267-926e-9463e171f71e,18/05/2016 11:08:40,1,213574.0
7871,4a5cf927-5e23-4267-926e-9463e171f71e,18/05/2016 10:08:40,0,213573.0
7872,4a5cf927-5e23-4267-926e-9463e171f71e,18/05/2016 09:08:40,0,213573.0
7873,4a5cf927-5e23-4267-926e-9463e171f71e,18/05/2016 08:08:40,0,213573.0
7874,4a5cf927-5e23-4267-926e-9463e171f71e,18/05/2016 07:08:40,0,213573.0
7875,4a5cf927-5e23-4267-926e-9463e171f71e,18/05/2016 06:08:40,0,213573.0
7876,4a5cf927-5e23-4267-926e-9463e171f71e,18/05/2016 05:08:40,0,213573.0
7877,4a5cf927-5e23-4267-926e-9463e171f71e,18/05/2016 04:08:40,0,213573.0
7878,4a5cf927-5e23-4267-926e-9463e171f71e,18/05/2016 03:08:42,0,213573.0
7879,4a5cf927-5e23-4267-926e-9463e171f71e,18/05/2016 02:08:42,0,213573.0
7880,4a5cf927-5e23-4267-926e-9463e171f71e,18/05/2016 01:08:42,0,213573.0
7881,4a5cf927-5e23-4267-926e-9463e171f71e,18/05/2016 00:08:42,0,213573.0
7882,4a5cf927-5e23-4267-926e-9463e171f71e,17/05/2016 23:08:40,0,213573.0
7883,4a5cf927-5e23-4267-926e-9463e171f71e,17/05/2016 22:08:40,0,213573.0
7884,4a5cf927-5e23-4267-926e-9463e171f71e,17/05/2016 21:08:40,0,213573.0
7885,4a5cf927-5e23-4267-926e-9463e171f71e,17/05/2016 20:08:40,0,213573.0
7886,4a5cf927-5e23-4267-926e-9463e171f71e,17/05/2016 19:08:43,0,213573.0
7887,4a5cf927-5e23-4267-926e-9463e171f71e,17/05/2016 18:08:43,0,213573.0
7888,4a5cf927-5e23-4267-926e-9463e171f71e,17/05/2016 17:08:43,0,213573.0
7889,4a5cf927-5e23-4267-926e-9463e171f71e,17/05/2016 16:08:43,1,213573.0
7890,4a5cf927-5e23-4267-926e-9463e171f71e,17/05/2016 15:08:41,0,213572.0
7891,4a5cf927-5e23-4267-926e-9463e171f71e,17/05/2016 14:08:41,0,213572.0
7892,4a5cf927-5e23-4267-926e-9463e171f71e,17/05/2016 13:08:41,3,213572.0
7893,4a5cf927-5e23-4267-926e-9463e171f71e,17/05/2016 12:08:41,6,213569.0
7894,4a5cf927-5e23-4267-926e-9463e171f71e,17/05/2016 07:08:43,0,213563.0
7895,4a5cf927-5e23-4267-926e-9463e171f71e,17/05/2016 06:08:43,0,213563.0
7896,4a5cf927-5e23-4267-926e-9463e171f71e,17/05/2016 05:08:43,0,213563.0
7897,4a5cf927-5e23-4267-926e-9463e171f71e,17/05/2016 04:08:43,0,213563.0
7898,4a5cf927-5e23-4267-926e-9463e171f71e,16/05/2016 23:08:43,0,213563.0
7899,4a5cf927-5e23-4267-926e-9463e171f71e,16/05/2016 22:08:43,0,213563.0
7900,4a5cf927-5e23-4267-926e-9463e171f71e,16/05/2016 21:08:43,0,213563.0
7901,4a5cf927-5e23-4267-926e-9463e171f71e,16/05/2016 20:08:43,0,213563.0
7902,4a5cf927-5e23-4267-926e-9463e171f71e,16/05/2016 19:08:46,0,213563.0
7903,4a5cf927-5e23-4267-926e-9463e171f71e,16/05/2016 18:08:46,0,213563.0
7904,4a5cf927-5e23-4267-926e-9463e171f71e,16/05/2016 17:08:46,0,213563.0
7905,4a5cf927-5e23-4267-926e-9463e171f71e,16/05/2016 16:08:46,0,213563.0
7906,4a5cf927-5e23-4267-926e-9463e171f71e,16/05/2016 15:08:45,0,213563.0
7907,4a5cf927-5e23-4267-926e-9463e171f71e,16/05/2016 14:08:45,1,213563.0
7908,4a5cf927-5e23-4267-926e-9463e171f71e,16/05/2016 13:08:45,0,213562.0
7909,4a5cf927-5e23-4267-926e-9463e171f71e,16/05/2016 12:08:45,0,213562.0
7910,4a5cf927-5e23-4267-926e-9463e171f71e,16/05/2016 11:08:47,0,213562.0
7911,4a5cf927-5e23-4267-926e-9463e171f71e,16/05/2016 10:08:47,0,213562.0
7912,4a5cf927-5e23-4267-926e-9463e171f71e,16/05/2016 09:08:47,0,213562.0
7913,4a5cf927-5e23-4267-926e-9463e171f71e,16/05/2016 08:08:47,0,213562.0
7914,4a5cf927-5e23-4267-926e-9463e171f71e,16/05/2016 07:08:44,0,213562.0
7915,4a5cf927-5e23-4267-926e-9463e171f71e,16/05/2016 06:08:44,0,213562.0
7916,4a5cf927-5e23-4267-926e-9463e171f71e,16/05/2016 05:08:44,0,213562.0
7917,4a5cf927-5e23-4267-926e-9463e171f71e,16/05/2016 04:08:44,0,213562.0
7918,4a5cf927-5e23-4267-926e-9463e171f71e,16/05/2016 03:08:47,0,213562.0
7919,4a5cf927-5e23-4267-926e-9463e171f71e,16/05/2016 02:08:47,0,213562.0
7920,4a5cf927-5e23-4267-926e-9463e171f71e,16/05/2016 01:08:47,0,213562.0
7921,4a5cf927-5e23-4267-926e-9463e171f71e,16/05/2016 00:08:47,0,213562.0
7922,4a5cf927-5e23-4267-926e-9463e171f71e,15/05/2016 23:08:46,0,213562.0
7923,4a5cf927-5e23-4267-926e-9463e171f71e,15/05/2016 22:08:46,1,213562.0
7924,4a5cf927-5e23-4267-926e-9463e171f71e,15/05/2016 21:08:46,0,213561.0
7925,4a5cf927-5e23-4267-926e-9463e171f71e,15/05/2016 20:08:46,0,213561.0
7926,4a5cf927-5e23-4267-926e-9463e171f71e,15/05/2016 19:08:52,0,213561.0
7927,4a5cf927-5e23-4267-926e-9463e171f71e,15/05/2016 18:08:52,0,213561.0
7928,4a5cf927-5e23-4267-926e-9463e171f71e,15/05/2016 17:08:52,0,213561.0
7929,4a5cf927-5e23-4267-926e-9463e171f71e,15/05/2016 16:08:52,0,213561.0
7930,4a5cf927-5e23-4267-926e-9463e171f71e,15/05/2016 15:08:48,0,213561.0
7931,4a5cf927-5e23-4267-926e-9463e171f71e,15/05/2016 14:08:48,0,213561.0
7932,4a5cf927-5e23-4267-926e-9463e171f71e,15/05/2016 13:08:48,1,213561.0
7933,4a5cf927-5e23-4267-926e-9463e171f71e,15/05/2016 12:08:48,0,213560.0
7934,4a5cf927-5e23-4267-926e-9463e171f71e,15/05/2016 11:08:49,4,213560.0
7935,4a5cf927-5e23-4267-926e-9463e171f71e,15/05/2016 10:08:49,19,213556.0
7936,4a5cf927-5e23-4267-926e-9463e171f71e,15/05/2016 09:08:49,24,213537.0
7937,4a5cf927-5e23-4267-926e-9463e171f71e,15/05/2016 08:08:49,80,213513.0
7938,4a5cf927-5e23-4267-926e-9463e171f71e,15/05/2016 07:08:47,0,213433.0
7939,4a5cf927-5e23-4267-926e-9463e171f71e,15/05/2016 06:08:47,0,213433.0
7940,4a5cf927-5e23-4267-926e-9463e171f71e,15/05/2016 05:08:47,0,213433.0
7941,4a5cf927-5e23-4267-926e-9463e171f71e,15/05/2016 04:08:47,0,213433.0
7942,4a5cf927-5e23-4267-926e-9463e171f71e,15/05/2016 03:08:50,0,213433.0
7943,4a5cf927-5e23-4267-926e-9463e171f71e,15/05/2016 02:08:50,0,213433.0
7944,4a5cf927-5e23-4267-926e-9463e171f71e,15/05/2016 01:08:50,6,213433.0
7945,4a5cf927-5e23-4267-926e-9463e171f71e,15/05/2016 00:08:50,22,213427.0
7946,4a5cf927-5e23-4267-926e-9463e171f71e,14/05/2016 19:08:51,0,213405.0
7947,4a5cf927-5e23-4267-926e-9463e171f71e,14/05/2016 18:08:51,0,213405.0
7948,4a5cf927-5e23-4267-926e-9463e171f71e,14/05/2016 17:08:51,24,213405.0
7949,4a5cf927-5e23-4267-926e-9463e171f71e,14/05/2016 16:08:51,18,213381.0
7950,4a5cf927-5e23-4267-926e-9463e171f71e,14/05/2016 15:08:49,0,213363.0
7951,4a5cf927-5e23-4267-926e-9463e171f71e,14/05/2016 14:08:49,0,213363.0
7952,4a5cf927-5e23-4267-926e-9463e171f71e,14/05/2016 13:08:49,85,213363.0
7953,4a5cf927-5e23-4267-926e-9463e171f71e,14/05/2016 12:08:49,138,213278.0
7954,4a5cf927-5e23-4267-926e-9463e171f71e,14/05/2016 07:08:50,0,213140.0
7955,4a5cf927-5e23-4267-926e-9463e171f71e,14/05/2016 06:08:50,0,213140.0
7956,4a5cf927-5e23-4267-926e-9463e171f71e,14/05/2016 05:08:50,0,213140.0
7957,4a5cf927-5e23-4267-926e-9463e171f71e,14/05/2016 04:08:50,0,213140.0
7958,4a5cf927-5e23-4267-926e-9463e171f71e,14/05/2016 03:09:01,0,213140.0
7959,4a5cf927-5e23-4267-926e-9463e171f71e,14/05/2016 02:09:01,0,213140.0
7960,4a5cf927-5e23-4267-926e-9463e171f71e,14/05/2016 01:09:01,9,213140.0
7961,4a5cf927-5e23-4267-926e-9463e171f71e,14/05/2016 00:09:01,29,213131.0
7962,4a5cf927-5e23-4267-926e-9463e171f71e,13/05/2016 15:08:52,0,213102.0
7963,4a5cf927-5e23-4267-926e-9463e171f71e,13/05/2016 14:08:52,0,213102.0
7964,4a5cf927-5e23-4267-926e-9463e171f71e,13/05/2016 13:08:52,1,213102.0
7965,4a5cf927-5e23-4267-926e-9463e171f71e,13/05/2016 12:08:52,27,213101.0
7966,4a5cf927-5e23-4267-926e-9463e171f71e,13/05/2016 11:08:54,108,213074.0
7967,4a5cf927-5e23-4267-926e-9463e171f71e,13/05/2016 10:08:54,44,212966.0
7968,4a5cf927-5e23-4267-926e-9463e171f71e,13/05/2016 09:08:54,14,212922.0
7969,4a5cf927-5e23-4267-926e-9463e171f71e,13/05/2016 08:08:54,0,212908.0
7970,4a5cf927-5e23-4267-926e-9463e171f71e,13/05/2016 07:08:52,0,212908.0
7971,4a5cf927-5e23-4267-926e-9463e171f71e,13/05/2016 06:08:52,0,212908.0
7972,4a5cf927-5e23-4267-926e-9463e171f71e,13/05/2016 05:08:52,0,212908.0
7973,4a5cf927-5e23-4267-926e-9463e171f71e,13/05/2016 04:08:52,0,212908.0
7974,4a5cf927-5e23-4267-926e-9463e171f71e,13/05/2016 03:08:54,0,212908.0
7975,4a5cf927-5e23-4267-926e-9463e171f71e,13/05/2016 02:08:54,0,212908.0
7976,4a5cf927-5e23-4267-926e-9463e171f71e,13/05/2016 01:08:54,0,212908.0
7977,4a5cf927-5e23-4267-926e-9463e171f71e,13/05/2016 00:08:54,14,212908.0
7978,4a5cf927-5e23-4267-926e-9463e171f71e,12/5/2016 23:09,6,212894.0
7979,4a5cf927-5e23-4267-926e-9463e171f71e,12/5/2016 22:09,5,212888.0
7980,4a5cf927-5e23-4267-926e-9463e171f71e,12/5/2016 21:09,8,212883.0
7981,4a5cf927-5e23-4267-926e-9463e171f71e,12/5/2016 20:09,4,212875.0
7982,4a5cf927-5e23-4267-926e-9463e171f71e,12/5/2016 19:08,0,212871.0
7983,4a5cf927-5e23-4267-926e-9463e171f71e,12/5/2016 18:08,3,212871.0
7984,4a5cf927-5e23-4267-926e-9463e171f71e,12/5/2016 17:08,4,212868.0
7985,4a5cf927-5e23-4267-926e-9463e171f71e,12/5/2016 16:08,8,212864.0
7986,4a5cf927-5e23-4267-926e-9463e171f71e,12/5/2016 15:08,32,212856.0
7987,4a5cf927-5e23-4267-926e-9463e171f71e,12/5/2016 14:08,4,212824.0
7988,4a5cf927-5e23-4267-926e-9463e171f71e,12/5/2016 13:08,4,212820.0
7989,4a5cf927-5e23-4267-926e-9463e171f71e,12/5/2016 12:08,9,212816.0
7990,4a5cf927-5e23-4267-926e-9463e171f71e,12/5/2016 11:09,41,212807.0
7991,4a5cf927-5e23-4267-926e-9463e171f71e,12/5/2016 10:09,0,212766.0
7992,4a5cf927-5e23-4267-926e-9463e171f71e,12/5/2016 9:09,16,212766.0
7993,4a5cf927-5e23-4267-926e-9463e171f71e,12/5/2016 8:09,139,212750.0
7994,4a5cf927-5e23-4267-926e-9463e171f71e,12/5/2016 7:08,0,212611.0
7995,4a5cf927-5e23-4267-926e-9463e171f71e,12/5/2016 6:08,0,212611.0
7996,4a5cf927-5e23-4267-926e-9463e171f71e,12/5/2016 5:08,0,212611.0
7997,4a5cf927-5e23-4267-926e-9463e171f71e,12/5/2016 4:08,0,212611.0
7998,4a5cf927-5e23-4267-926e-9463e171f71e,12/5/2016 3:08,0,212611.0
7999,4a5cf927-5e23-4267-926e-9463e171f71e,12/5/2016 2:08,0,212611.0
8000,4a5cf927-5e23-4267-926e-9463e171f71e,12/5/2016 1:08,6,212611.0
8001,4a5cf927-5e23-4267-926e-9463e171f71e,12/5/2016 0:08,3,212605.0
8002,4a5cf927-5e23-4267-926e-9463e171f71e,11/5/2016 23:08,9,212602.0
8003,4a5cf927-5e23-4267-926e-9463e171f71e,11/5/2016 22:08,0,212593.0
8004,4a5cf927-5e23-4267-926e-9463e171f71e,11/5/2016 21:08,0,212593.0
8005,4a5cf927-5e23-4267-926e-9463e171f71e,11/5/2016 20:08,0,212593.0
8006,4a5cf927-5e23-4267-926e-9463e171f71e,11/5/2016 19:08,0,212593.0
8007,4a5cf927-5e23-4267-926e-9463e171f71e,11/5/2016 18:08,9,212593.0
8008,4a5cf927-5e23-4267-926e-9463e171f71e,11/5/2016 17:08,6,212584.0
8009,4a5cf927-5e23-4267-926e-9463e171f71e,11/5/2016 16:08,10,212578.0
8010,4a5cf927-5e23-4267-926e-9463e171f71e,11/5/2016 15:08,10,212568.0
8011,4a5cf927-5e23-4267-926e-9463e171f71e,11/5/2016 14:08,0,212558.0
8012,4a5cf927-5e23-4267-926e-9463e171f71e,11/5/2016 13:08,0,212558.0
8013,4a5cf927-5e23-4267-926e-9463e171f71e,11/5/2016 12:08,12,212558.0
8014,4a5cf927-5e23-4267-926e-9463e171f71e,11/5/2016 11:09,142,212546.0
8015,4a5cf927-5e23-4267-926e-9463e171f71e,11/5/2016 10:09,23,212404.0
8016,4a5cf927-5e23-4267-926e-9463e171f71e,11/5/2016 9:09,5,212381.0
8017,4a5cf927-5e23-4267-926e-9463e171f71e,11/5/2016 8:09,0,212376.0
8018,4a5cf927-5e23-4267-926e-9463e171f71e,11/5/2016 7:08,0,212376.0
8019,4a5cf927-5e23-4267-926e-9463e171f71e,11/5/2016 6:08,0,212376.0
8020,4a5cf927-5e23-4267-926e-9463e171f71e,11/5/2016 5:08,0,212376.0
8021,4a5cf927-5e23-4267-926e-9463e171f71e,11/5/2016 4:08,0,212376.0
8022,4a5cf927-5e23-4267-926e-9463e171f71e,11/5/2016 3:08,0,212376.0
8023,4a5cf927-5e23-4267-926e-9463e171f71e,11/5/2016 2:08,0,212376.0
8024,4a5cf927-5e23-4267-926e-9463e171f71e,11/5/2016 1:08,0,212376.0
8025,4a5cf927-5e23-4267-926e-9463e171f71e,11/5/2016 0:08,5,212376.0
8026,4a5cf927-5e23-4267-926e-9463e171f71e,10/5/2016 23:09,11,212371.0
8027,4a5cf927-5e23-4267-926e-9463e171f71e,10/5/2016 22:09,4,212360.0
8028,4a5cf927-5e23-4267-926e-9463e171f71e,10/5/2016 21:09,0,212356.0
8029,4a5cf927-5e23-4267-926e-9463e171f71e,10/5/2016 20:09,10,212356.0
8030,4a5cf927-5e23-4267-926e-9463e171f71e,10/5/2016 19:09,13,212346.0
8031,4a5cf927-5e23-4267-926e-9463e171f71e,10/5/2016 18:09,0,212333.0
8032,4a5cf927-5e23-4267-926e-9463e171f71e,10/5/2016 17:09,0,212333.0
8033,4a5cf927-5e23-4267-926e-9463e171f71e,10/5/2016 16:09,23,212333.0
8034,4a5cf927-5e23-4267-926e-9463e171f71e,10/5/2016 15:08,0,212310.0
8035,4a5cf927-5e23-4267-926e-9463e171f71e,10/5/2016 14:08,0,212310.0
8036,4a5cf927-5e23-4267-926e-9463e171f71e,10/5/2016 13:08,0,212310.0
8037,4a5cf927-5e23-4267-926e-9463e171f71e,10/5/2016 12:08,9,212310.0
8038,4a5cf927-5e23-4267-926e-9463e171f71e,10/5/2016 11:09,27,212301.0
8039,4a5cf927-5e23-4267-926e-9463e171f71e,10/5/2016 10:09,24,212274.0
8040,4a5cf927-5e23-4267-926e-9463e171f71e,10/5/2016 9:09,81,212250.0
8041,4a5cf927-5e23-4267-926e-9463e171f71e,10/5/2016 8:09,0,212169.0
8042,4a5cf927-5e23-4267-926e-9463e171f71e,10/5/2016 7:08,0,212169.0
8043,4a5cf927-5e23-4267-926e-9463e171f71e,10/5/2016 6:08,0,212169.0
8044,4a5cf927-5e23-4267-926e-9463e171f71e,10/5/2016 5:08,0,212169.0
8045,4a5cf927-5e23-4267-926e-9463e171f71e,10/5/2016 4:08,0,212169.0
8046,4a5cf927-5e23-4267-926e-9463e171f71e,10/5/2016 3:09,0,212169.0
8047,4a5cf927-5e23-4267-926e-9463e171f71e,10/5/2016 2:09,0,212169.0
8048,4a5cf927-5e23-4267-926e-9463e171f71e,10/5/2016 1:09,0,212169.0
8049,4a5cf927-5e23-4267-926e-9463e171f71e,10/5/2016 0:09,14,212169.0
8050,4a5cf927-5e23-4267-926e-9463e171f71e,9/5/2016 23:09,5,212155.0
8051,4a5cf927-5e23-4267-926e-9463e171f71e,9/5/2016 22:09,0,212150.0
8052,4a5cf927-5e23-4267-926e-9463e171f71e,9/5/2016 21:09,0,212150.0
8053,4a5cf927-5e23-4267-926e-9463e171f71e,9/5/2016 20:09,0,212150.0
8054,4a5cf927-5e23-4267-926e-9463e171f71e,9/5/2016 19:09,0,212150.0
8055,4a5cf927-5e23-4267-926e-9463e171f71e,9/5/2016 18:09,9,212150.0
8056,4a5cf927-5e23-4267-926e-9463e171f71e,9/5/2016 17:09,0,212141.0
8057,4a5cf927-5e23-4267-926e-9463e171f71e,9/5/2016 16:09,18,212141.0
8058,4a5cf927-5e23-4267-926e-9463e171f71e,9/5/2016 15:09,4,212123.0
8059,4a5cf927-5e23-4267-926e-9463e171f71e,9/5/2016 14:09,0,212119.0
8060,4a5cf927-5e23-4267-926e-9463e171f71e,9/5/2016 13:09,0,212119.0
8061,4a5cf927-5e23-4267-926e-9463e171f71e,9/5/2016 12:09,5,212119.0
8062,4a5cf927-5e23-4267-926e-9463e171f71e,9/5/2016 11:09,82,212114.0
8063,4a5cf927-5e23-4267-926e-9463e171f71e,9/5/2016 10:09,94,212032.0
8064,4a5cf927-5e23-4267-926e-9463e171f71e,9/5/2016 9:09,7,211938.0
8065,4a5cf927-5e23-4267-926e-9463e171f71e,9/5/2016 8:09,5,211931.0
8066,4a5cf927-5e23-4267-926e-9463e171f71e,9/5/2016 7:09,0,211926.0
8067,4a5cf927-5e23-4267-926e-9463e171f71e,9/5/2016 6:09,0,211926.0
8068,4a5cf927-5e23-4267-926e-9463e171f71e,9/5/2016 5:09,1,211926.0
8069,4a5cf927-5e23-4267-926e-9463e171f71e,9/5/2016 4:09,0,211925.0
8070,4a5cf927-5e23-4267-926e-9463e171f71e,9/5/2016 3:09,0,211925.0
8071,4a5cf927-5e23-4267-926e-9463e171f71e,9/5/2016 2:09,0,211925.0
8072,4a5cf927-5e23-4267-926e-9463e171f71e,9/5/2016 1:09,0,211925.0
8073,4a5cf927-5e23-4267-926e-9463e171f71e,9/5/2016 0:09,3,211925.0
8074,4a5cf927-5e23-4267-926e-9463e171f71e,8/5/2016 23:09,13,211922.0
8075,4a5cf927-5e23-4267-926e-9463e171f71e,8/5/2016 22:09,0,211909.0
8076,4a5cf927-5e23-4267-926e-9463e171f71e,8/5/2016 21:09,0,211909.0
8077,4a5cf927-5e23-4267-926e-9463e171f71e,8/5/2016 20:09,21,211909.0
8078,4a5cf927-5e23-4267-926e-9463e171f71e,8/5/2016 19:09,0,211888.0
8079,4a5cf927-5e23-4267-926e-9463e171f71e,8/5/2016 18:09,0,211888.0
8080,4a5cf927-5e23-4267-926e-9463e171f71e,8/5/2016 17:09,0,211888.0
8081,4a5cf927-5e23-4267-926e-9463e171f71e,8/5/2016 16:09,33,211888.0
8082,4a5cf927-5e23-4267-926e-9463e171f71e,8/5/2016 11:09,104,211855.0
8083,4a5cf927-5e23-4267-926e-9463e171f71e,8/5/2016 10:09,0,211751.0
8084,4a5cf927-5e23-4267-926e-9463e171f71e,8/5/2016 9:09,4,211751.0
8085,4a5cf927-5e23-4267-926e-9463e171f71e,8/5/2016 8:09,0,211747.0
8086,4a5cf927-5e23-4267-926e-9463e171f71e,8/5/2016 7:09,0,211747.0
8087,4a5cf927-5e23-4267-926e-9463e171f71e,8/5/2016 6:09,0,211747.0
8088,4a5cf927-5e23-4267-926e-9463e171f71e,8/5/2016 5:09,0,211747.0
8089,4a5cf927-5e23-4267-926e-9463e171f71e,8/5/2016 4:09,0,211747.0
8090,4a5cf927-5e23-4267-926e-9463e171f71e,8/5/2016 3:09,4,211747.0
8091,4a5cf927-5e23-4267-926e-9463e171f71e,8/5/2016 2:09,0,211743.0
8092,4a5cf927-5e23-4267-926e-9463e171f71e,8/5/2016 1:09,0,211743.0
8093,4a5cf927-5e23-4267-926e-9463e171f71e,8/5/2016 0:09,3,211743.0
8094,4a5cf927-5e23-4267-926e-9463e171f71e,7/5/2016 23:09,11,211740.0
8095,4a5cf927-5e23-4267-926e-9463e171f71e,7/5/2016 22:09,0,211729.0
8096,4a5cf927-5e23-4267-926e-9463e171f71e,7/5/2016 21:09,0,211729.0
8097,4a5cf927-5e23-4267-926e-9463e171f71e,7/5/2016 20:09,0,211729.0
8098,4a5cf927-5e23-4267-926e-9463e171f71e,7/5/2016 19:09,0,211729.0
8099,4a5cf927-5e23-4267-926e-9463e171f71e,7/5/2016 18:09,0,211729.0
8100,4a5cf927-5e23-4267-926e-9463e171f71e,7/5/2016 17:09,1,211729.0
8101,4a5cf927-5e23-4267-926e-9463e171f71e,7/5/2016 16:09,4,211728.0
8102,4a5cf927-5e23-4267-926e-9463e171f71e,7/5/2016 15:09,0,211724.0
8103,4a5cf927-5e23-4267-926e-9463e171f71e,7/5/2016 14:09,5,211724.0
8104,4a5cf927-5e23-4267-926e-9463e171f71e,7/5/2016 13:09,88,211719.0
8105,4a5cf927-5e23-4267-926e-9463e171f71e,7/5/2016 12:09,14,211631.0
8106,4a5cf927-5e23-4267-926e-9463e171f71e,7/5/2016 11:09,25,211617.0
8107,4a5cf927-5e23-4267-926e-9463e171f71e,7/5/2016 10:09,32,211592.0
8108,4a5cf927-5e23-4267-926e-9463e171f71e,7/5/2016 9:09,1,211560.0
8109,4a5cf927-5e23-4267-926e-9463e171f71e,7/5/2016 8:09,0,211559.0
8110,4a5cf927-5e23-4267-926e-9463e171f71e,7/5/2016 7:10,0,211559.0
8111,4a5cf927-5e23-4267-926e-9463e171f71e,7/5/2016 6:10,0,211559.0
8112,4a5cf927-5e23-4267-926e-9463e171f71e,7/5/2016 5:10,0,211559.0
8113,4a5cf927-5e23-4267-926e-9463e171f71e,7/5/2016 4:10,0,211559.0
8114,4a5cf927-5e23-4267-926e-9463e171f71e,7/5/2016 3:09,0,211559.0
8115,4a5cf927-5e23-4267-926e-9463e171f71e,7/5/2016 2:09,0,211559.0
8116,4a5cf927-5e23-4267-926e-9463e171f71e,7/5/2016 1:09,15,211559.0
8117,4a5cf927-5e23-4267-926e-9463e171f71e,7/5/2016 0:09,0,211544.0
8118,4a5cf927-5e23-4267-926e-9463e171f71e,6/5/2016 23:09,0,211544.0
8119,4a5cf927-5e23-4267-926e-9463e171f71e,6/5/2016 22:09,0,211544.0
8120,4a5cf927-5e23-4267-926e-9463e171f71e,6/5/2016 21:09,0,211544.0
8121,4a5cf927-5e23-4267-926e-9463e171f71e,6/5/2016 20:09,14,211544.0
8122,4a5cf927-5e23-4267-926e-9463e171f71e,6/5/2016 19:09,0,211530.0
8123,4a5cf927-5e23-4267-926e-9463e171f71e,6/5/2016 18:09,17,211530.0
8124,4a5cf927-5e23-4267-926e-9463e171f71e,6/5/2016 17:09,10,211513.0
8125,4a5cf927-5e23-4267-926e-9463e171f71e,6/5/2016 16:09,4,211503.0
8126,4a5cf927-5e23-4267-926e-9463e171f71e,6/5/2016 15:09,15,211499.0
8127,4a5cf927-5e23-4267-926e-9463e171f71e,6/5/2016 14:09,4,211484.0
8128,4a5cf927-5e23-4267-926e-9463e171f71e,6/5/2016 13:09,0,211480.0
8129,4a5cf927-5e23-4267-926e-9463e171f71e,6/5/2016 12:09,74,211480.0
8130,4a5cf927-5e23-4267-926e-9463e171f71e,6/5/2016 11:09,20,211406.0
8131,4a5cf927-5e23-4267-926e-9463e171f71e,6/5/2016 10:09,18,211386.0
8132,4a5cf927-5e23-4267-926e-9463e171f71e,6/5/2016 9:09,9,211368.0
8133,4a5cf927-5e23-4267-926e-9463e171f71e,6/5/2016 8:09,1,211359.0
8134,4a5cf927-5e23-4267-926e-9463e171f71e,6/5/2016 7:09,0,211358.0
8135,4a5cf927-5e23-4267-926e-9463e171f71e,6/5/2016 6:09,0,211358.0
8136,4a5cf927-5e23-4267-926e-9463e171f71e,6/5/2016 5:09,0,211358.0
8137,4a5cf927-5e23-4267-926e-9463e171f71e,6/5/2016 4:09,0,211358.0
8138,4a5cf927-5e23-4267-926e-9463e171f71e,6/5/2016 3:09,0,211358.0
8139,4a5cf927-5e23-4267-926e-9463e171f71e,6/5/2016 2:09,0,211358.0
8140,4a5cf927-5e23-4267-926e-9463e171f71e,6/5/2016 1:09,0,211358.0
8141,4a5cf927-5e23-4267-926e-9463e171f71e,6/5/2016 0:09,2,211358.0
8142,4a5cf927-5e23-4267-926e-9463e171f71e,5/5/2016 23:09,3,211356.0
8143,4a5cf927-5e23-4267-926e-9463e171f71e,5/5/2016 22:09,8,211353.0
8144,4a5cf927-5e23-4267-926e-9463e171f71e,5/5/2016 21:09,1,211345.0
8145,4a5cf927-5e23-4267-926e-9463e171f71e,5/5/2016 20:09,0,211344.0
8146,4a5cf927-5e23-4267-926e-9463e171f71e,5/5/2016 19:09,0,211344.0
8147,4a5cf927-5e23-4267-926e-9463e171f71e,5/5/2016 18:09,0,211344.0
8148,4a5cf927-5e23-4267-926e-9463e171f71e,5/5/2016 17:09,6,211344.0
8149,4a5cf927-5e23-4267-926e-9463e171f71e,5/5/2016 16:09,35,211338.0
8150,4a5cf927-5e23-4267-926e-9463e171f71e,5/5/2016 15:09,1,211303.0
8151,4a5cf927-5e23-4267-926e-9463e171f71e,5/5/2016 14:09,0,211302.0
8152,4a5cf927-5e23-4267-926e-9463e171f71e,5/5/2016 13:09,10,211302.0
8153,4a5cf927-5e23-4267-926e-9463e171f71e,5/5/2016 12:09,84,211292.0
8154,4a5cf927-5e23-4267-926e-9463e171f71e,5/5/2016 11:09,0,211208.0
8155,4a5cf927-5e23-4267-926e-9463e171f71e,5/5/2016 10:09,54,211208.0
8156,4a5cf927-5e23-4267-926e-9463e171f71e,5/5/2016 9:09,6,211154.0
8157,4a5cf927-5e23-4267-926e-9463e171f71e,5/5/2016 8:09,0,211148.0
8158,4a5cf927-5e23-4267-926e-9463e171f71e,5/5/2016 3:09,0,211148.0
8159,4a5cf927-5e23-4267-926e-9463e171f71e,5/5/2016 2:09,0,211148.0
8160,4a5cf927-5e23-4267-926e-9463e171f71e,5/5/2016 1:09,0,211148.0
8161,4a5cf927-5e23-4267-926e-9463e171f71e,5/5/2016 0:09,0,211148.0
8162,4a5cf927-5e23-4267-926e-9463e171f71e,4/5/2016 23:09,25,211148.0
8163,4a5cf927-5e23-4267-926e-9463e171f71e,4/5/2016 22:09,6,211123.0
8164,4a5cf927-5e23-4267-926e-9463e171f71e,4/5/2016 21:09,1,211117.0
8165,4a5cf927-5e23-4267-926e-9463e171f71e,4/5/2016 20:09,0,211116.0
8166,4a5cf927-5e23-4267-926e-9463e171f71e,4/5/2016 19:09,14,211116.0
8167,4a5cf927-5e23-4267-926e-9463e171f71e,4/5/2016 18:09,94,211102.0
8168,4a5cf927-5e23-4267-926e-9463e171f71e,4/5/2016 17:09,0,211008.0
8169,4a5cf927-5e23-4267-926e-9463e171f71e,4/5/2016 16:09,12,211008.0
8170,4a5cf927-5e23-4267-926e-9463e171f71e,4/5/2016 15:09,15,210996.0
8171,4a5cf927-5e23-4267-926e-9463e171f71e,4/5/2016 14:09,0,210981.0
8172,4a5cf927-5e23-4267-926e-9463e171f71e,4/5/2016 13:09,3,210981.0
8173,4a5cf927-5e23-4267-926e-9463e171f71e,4/5/2016 12:09,34,210978.0
8174,4a5cf927-5e23-4267-926e-9463e171f71e,4/5/2016 11:09,54,210944.0
8175,4a5cf927-5e23-4267-926e-9463e171f71e,4/5/2016 10:09,13,210890.0
8176,4a5cf927-5e23-4267-926e-9463e171f71e,4/5/2016 9:09,6,210877.0
8177,4a5cf927-5e23-4267-926e-9463e171f71e,4/5/2016 8:09,0,210871.0
8178,4a5cf927-5e23-4267-926e-9463e171f71e,4/5/2016 3:09,0,210871.0
8179,4a5cf927-5e23-4267-926e-9463e171f71e,4/5/2016 2:09,0,210871.0
8180,4a5cf927-5e23-4267-926e-9463e171f71e,4/5/2016 1:09,0,210871.0
8181,4a5cf927-5e23-4267-926e-9463e171f71e,4/5/2016 0:09,0,210871.0
8182,4a5cf927-5e23-4267-926e-9463e171f71e,3/5/2016 23:09,4,210871.0
8183,4a5cf927-5e23-4267-926e-9463e171f71e,3/5/2016 22:09,0,210867.0
8184,4a5cf927-5e23-4267-926e-9463e171f71e,3/5/2016 21:09,0,210867.0
8185,4a5cf927-5e23-4267-926e-9463e171f71e,3/5/2016 20:09,56,210867.0
8186,4a5cf927-5e23-4267-926e-9463e171f71e,3/5/2016 15:09,10,210811.0
8187,4a5cf927-5e23-4267-926e-9463e171f71e,3/5/2016 14:09,0,210801.0
8188,4a5cf927-5e23-4267-926e-9463e171f71e,3/5/2016 13:09,7,210801.0
8189,4a5cf927-5e23-4267-926e-9463e171f71e,3/5/2016 12:09,0,210794.0
8190,4a5cf927-5e23-4267-926e-9463e171f71e,3/5/2016 11:09,131,210794.0
8191,4a5cf927-5e23-4267-926e-9463e171f71e,3/5/2016 10:09,37,210663.0
8192,4a5cf927-5e23-4267-926e-9463e171f71e,3/5/2016 9:09,8,210626.0
8193,4a5cf927-5e23-4267-926e-9463e171f71e,3/5/2016 8:09,0,210618.0
8194,4a5cf927-5e23-4267-926e-9463e171f71e,3/5/2016 7:09,0,210618.0
8195,4a5cf927-5e23-4267-926e-9463e171f71e,3/5/2016 6:09,0,210618.0
8196,4a5cf927-5e23-4267-926e-9463e171f71e,3/5/2016 5:09,0,210618.0
8197,4a5cf927-5e23-4267-926e-9463e171f71e,3/5/2016 4:09,4,210618.0
8198,4a5cf927-5e23-4267-926e-9463e171f71e,2/5/2016 23:09,14,210614.0
8199,4a5cf927-5e23-4267-926e-9463e171f71e,2/5/2016 22:09,0,210600.0
8200,4a5cf927-5e23-4267-926e-9463e171f71e,2/5/2016 21:09,1,210600.0
8201,4a5cf927-5e23-4267-926e-9463e171f71e,2/5/2016 20:09,4,210599.0
8202,4a5cf927-5e23-4267-926e-9463e171f71e,2/5/2016 19:09,5,210595.0
8203,4a5cf927-5e23-4267-926e-9463e171f71e,2/5/2016 18:09,0,210590.0
8204,4a5cf927-5e23-4267-926e-9463e171f71e,2/5/2016 17:09,0,210590.0
8205,4a5cf927-5e23-4267-926e-9463e171f71e,2/5/2016 16:09,67,210590.0
8206,4a5cf927-5e23-4267-926e-9463e171f71e,2/5/2016 15:09,66,210523.0
8207,4a5cf927-5e23-4267-926e-9463e171f71e,2/5/2016 14:09,11,210457.0
8208,4a5cf927-5e23-4267-926e-9463e171f71e,2/5/2016 13:09,47,210446.0
8209,4a5cf927-5e23-4267-926e-9463e171f71e,2/5/2016 12:09,10,210399.0
8210,4a5cf927-5e23-4267-926e-9463e171f71e,2/5/2016 11:10,17,210389.0
8211,4a5cf927-5e23-4267-926e-9463e171f71e,2/5/2016 10:10,2,210372.0
8212,4a5cf927-5e23-4267-926e-9463e171f71e,2/5/2016 9:10,0,210370.0
8213,4a5cf927-5e23-4267-926e-9463e171f71e,2/5/2016 8:10,1,210370.0
8214,4a5cf927-5e23-4267-926e-9463e171f71e,2/5/2016 7:09,0,210369.0
8215,4a5cf927-5e23-4267-926e-9463e171f71e,2/5/2016 6:09,0,210369.0
8216,4a5cf927-5e23-4267-926e-9463e171f71e,2/5/2016 5:09,0,210369.0
8217,4a5cf927-5e23-4267-926e-9463e171f71e,2/5/2016 4:09,0,210369.0
8218,4a5cf927-5e23-4267-926e-9463e171f71e,2/5/2016 3:09,0,210369.0
8219,4a5cf927-5e23-4267-926e-9463e171f71e,2/5/2016 2:09,0,210369.0
8220,4a5cf927-5e23-4267-926e-9463e171f71e,2/5/2016 1:09,6,210369.0
8221,4a5cf927-5e23-4267-926e-9463e171f71e,2/5/2016 0:09,0,210363.0
8222,4a5cf927-5e23-4267-926e-9463e171f71e,1/5/2016 23:09,0,210363.0
8223,4a5cf927-5e23-4267-926e-9463e171f71e,1/5/2016 22:09,0,210363.0
8224,4a5cf927-5e23-4267-926e-9463e171f71e,1/5/2016 21:09,5,210363.0
8225,4a5cf927-5e23-4267-926e-9463e171f71e,1/5/2016 20:09,75,210358.0
8226,4a5cf927-5e23-4267-926e-9463e171f71e,1/5/2016 19:09,11,210283.0
8227,4a5cf927-5e23-4267-926e-9463e171f71e,1/5/2016 18:09,0,210272.0
8228,4a5cf927-5e23-4267-926e-9463e171f71e,1/5/2016 17:09,8,210272.0
8229,4a5cf927-5e23-4267-926e-9463e171f71e,1/5/2016 16:09,175,210264.0
8230,4a5cf927-5e23-4267-926e-9463e171f71e,1/5/2016 11:09,58,210089.0
8231,4a5cf927-5e23-4267-926e-9463e171f71e,1/5/2016 10:09,5,210031.0
8232,4a5cf927-5e23-4267-926e-9463e171f71e,1/5/2016 9:09,12,210026.0
8233,4a5cf927-5e23-4267-926e-9463e171f71e,1/5/2016 8:09,0,210014.0
8234,4a5cf927-5e23-4267-926e-9463e171f71e,1/5/2016 7:09,0,210014.0
8235,4a5cf927-5e23-4267-926e-9463e171f71e,1/5/2016 6:09,0,210014.0
8236,4a5cf927-5e23-4267-926e-9463e171f71e,1/5/2016 5:09,0,210014.0
8237,4a5cf927-5e23-4267-926e-9463e171f71e,1/5/2016 4:09,0,210014.0
8238,4a5cf927-5e23-4267-926e-9463e171f71e,1/5/2016 3:09,0,210014.0
8239,4a5cf927-5e23-4267-926e-9463e171f71e,1/5/2016 2:09,0,210014.0
8240,4a5cf927-5e23-4267-926e-9463e171f71e,1/5/2016 1:09,5,210014.0
8241,4a5cf927-5e23-4267-926e-9463e171f71e,1/5/2016 0:09,13,210009.0
8242,4a5cf927-5e23-4267-926e-9463e171f71e,30/04/2016 23:09:22,7,209996.0
8243,4a5cf927-5e23-4267-926e-9463e171f71e,30/04/2016 22:09:22,1,209989.0
8244,4a5cf927-5e23-4267-926e-9463e171f71e,30/04/2016 21:09:22,4,209988.0
8245,4a5cf927-5e23-4267-926e-9463e171f71e,30/04/2016 20:09:22,0,209984.0
8246,4a5cf927-5e23-4267-926e-9463e171f71e,30/04/2016 19:09:25,4,209984.0
8247,4a5cf927-5e23-4267-926e-9463e171f71e,30/04/2016 18:09:25,0,209980.0
8248,4a5cf927-5e23-4267-926e-9463e171f71e,30/04/2016 17:09:25,5,209980.0
8249,4a5cf927-5e23-4267-926e-9463e171f71e,30/04/2016 16:09:25,18,209975.0
8250,4a5cf927-5e23-4267-926e-9463e171f71e,30/04/2016 15:09:23,7,209957.0
8251,4a5cf927-5e23-4267-926e-9463e171f71e,30/04/2016 14:09:23,0,209950.0
8252,4a5cf927-5e23-4267-926e-9463e171f71e,30/04/2016 13:09:23,5,209950.0
8253,4a5cf927-5e23-4267-926e-9463e171f71e,30/04/2016 12:09:23,20,209945.0
8254,4a5cf927-5e23-4267-926e-9463e171f71e,30/04/2016 11:09:25,104,209925.0
8255,4a5cf927-5e23-4267-926e-9463e171f71e,30/04/2016 10:09:25,78,209821.0
8256,4a5cf927-5e23-4267-926e-9463e171f71e,30/04/2016 09:09:25,119,209743.0
8257,4a5cf927-5e23-4267-926e-9463e171f71e,30/04/2016 08:09:25,6,209624.0
8258,4a5cf927-5e23-4267-926e-9463e171f71e,30/04/2016 07:13:16,0,209618.0
8259,4a5cf927-5e23-4267-926e-9463e171f71e,30/04/2016 06:13:16,0,209618.0
8260,4a5cf927-5e23-4267-926e-9463e171f71e,30/04/2016 05:13:16,0,209618.0
8261,4a5cf927-5e23-4267-926e-9463e171f71e,30/04/2016 04:13:16,0,209618.0
8262,4a5cf927-5e23-4267-926e-9463e171f71e,30/04/2016 03:09:26,0,209618.0
8263,4a5cf927-5e23-4267-926e-9463e171f71e,30/04/2016 02:09:26,0,209618.0
8264,4a5cf927-5e23-4267-926e-9463e171f71e,30/04/2016 01:09:26,7,209618.0
8265,4a5cf927-5e23-4267-926e-9463e171f71e,30/04/2016 00:09:26,0,209611.0
8266,4a5cf927-5e23-4267-926e-9463e171f71e,29/04/2016 23:09:25,3,209611.0
8267,4a5cf927-5e23-4267-926e-9463e171f71e,29/04/2016 22:09:25,0,209608.0
8268,4a5cf927-5e23-4267-926e-9463e171f71e,29/04/2016 21:09:25,5,209608.0
8269,4a5cf927-5e23-4267-926e-9463e171f71e,29/04/2016 20:09:25,11,209603.0
8270,4a5cf927-5e23-4267-926e-9463e171f71e,29/04/2016 19:09:26,9,209592.0
8271,4a5cf927-5e23-4267-926e-9463e171f71e,29/04/2016 18:09:26,5,209583.0
8272,4a5cf927-5e23-4267-926e-9463e171f71e,29/04/2016 17:09:26,16,209578.0
8273,4a5cf927-5e23-4267-926e-9463e171f71e,29/04/2016 16:09:26,36,209562.0
8274,4a5cf927-5e23-4267-926e-9463e171f71e,29/04/2016 15:09:29,5,209526.0
8275,4a5cf927-5e23-4267-926e-9463e171f71e,29/04/2016 14:09:29,5,209521.0
8276,4a5cf927-5e23-4267-926e-9463e171f71e,29/04/2016 13:09:29,1,209516.0
8277,4a5cf927-5e23-4267-926e-9463e171f71e,29/04/2016 12:09:29,130,209515.0
8278,4a5cf927-5e23-4267-926e-9463e171f71e,29/04/2016 07:09:26,0,209385.0
8279,4a5cf927-5e23-4267-926e-9463e171f71e,29/04/2016 06:09:26,0,209385.0
8280,4a5cf927-5e23-4267-926e-9463e171f71e,29/04/2016 05:09:26,0,209385.0
8281,4a5cf927-5e23-4267-926e-9463e171f71e,29/04/2016 04:09:26,0,209385.0
8282,4a5cf927-5e23-4267-926e-9463e171f71e,29/04/2016 03:09:28,0,209385.0
8283,4a5cf927-5e23-4267-926e-9463e171f71e,29/04/2016 02:09:28,0,209385.0
8284,4a5cf927-5e23-4267-926e-9463e171f71e,29/04/2016 01:09:28,0,209385.0
8285,4a5cf927-5e23-4267-926e-9463e171f71e,29/04/2016 00:09:28,6,209385.0
8286,4a5cf927-5e23-4267-926e-9463e171f71e,28/04/2016 23:09:28,17,209379.0
8287,4a5cf927-5e23-4267-926e-9463e171f71e,28/04/2016 22:09:28,66,209362.0
8288,4a5cf927-5e23-4267-926e-9463e171f71e,28/04/2016 21:09:28,4,209296.0
8289,4a5cf927-5e23-4267-926e-9463e171f71e,28/04/2016 20:09:28,0,209292.0
8290,4a5cf927-5e23-4267-926e-9463e171f71e,28/04/2016 19:09:29,8,209292.0
8291,4a5cf927-5e23-4267-926e-9463e171f71e,28/04/2016 18:09:29,9,209284.0
8292,4a5cf927-5e23-4267-926e-9463e171f71e,28/04/2016 17:09:29,19,209275.0
8293,4a5cf927-5e23-4267-926e-9463e171f71e,28/04/2016 16:09:29,201,209256.0
8294,4a5cf927-5e23-4267-926e-9463e171f71e,28/04/2016 11:10:08,13,209055.0
8295,4a5cf927-5e23-4267-926e-9463e171f71e,28/04/2016 10:10:08,14,209042.0
8296,4a5cf927-5e23-4267-926e-9463e171f71e,28/04/2016 09:10:08,5,209028.0
8297,4a5cf927-5e23-4267-926e-9463e171f71e,28/04/2016 08:10:08,1,209023.0
8298,4a5cf927-5e23-4267-926e-9463e171f71e,28/04/2016 07:09:30,0,209022.0
8299,4a5cf927-5e23-4267-926e-9463e171f71e,28/04/2016 06:09:30,0,209022.0
8300,4a5cf927-5e23-4267-926e-9463e171f71e,28/04/2016 05:09:30,0,209022.0
8301,4a5cf927-5e23-4267-926e-9463e171f71e,28/04/2016 04:09:30,0,209022.0
8302,4a5cf927-5e23-4267-926e-9463e171f71e,28/04/2016 03:09:30,0,209022.0
8303,4a5cf927-5e23-4267-926e-9463e171f71e,28/04/2016 02:09:30,0,209022.0
8304,4a5cf927-5e23-4267-926e-9463e171f71e,28/04/2016 01:09:30,0,209022.0
8305,4a5cf927-5e23-4267-926e-9463e171f71e,28/04/2016 00:09:30,2,209022.0
8306,4a5cf927-5e23-4267-926e-9463e171f71e,27/04/2016 23:09:29,4,209020.0
8307,4a5cf927-5e23-4267-926e-9463e171f71e,27/04/2016 22:09:29,25,209016.0
8308,4a5cf927-5e23-4267-926e-9463e171f71e,27/04/2016 21:09:29,0,208991.0
8309,4a5cf927-5e23-4267-926e-9463e171f71e,27/04/2016 20:09:29,0,208991.0
8310,4a5cf927-5e23-4267-926e-9463e171f71e,27/04/2016 19:09:31,3,208991.0
8311,4a5cf927-5e23-4267-926e-9463e171f71e,27/04/2016 18:09:31,0,208988.0
8312,4a5cf927-5e23-4267-926e-9463e171f71e,27/04/2016 17:09:31,0,208988.0
8313,4a5cf927-5e23-4267-926e-9463e171f71e,27/04/2016 16:09:31,31,208988.0
8314,4a5cf927-5e23-4267-926e-9463e171f71e,27/04/2016 15:09:30,8,208957.0
8315,4a5cf927-5e23-4267-926e-9463e171f71e,27/04/2016 14:09:30,43,208949.0
8316,4a5cf927-5e23-4267-926e-9463e171f71e,27/04/2016 13:09:30,35,208906.0
8317,4a5cf927-5e23-4267-926e-9463e171f71e,27/04/2016 12:09:30,93,208871.0
8318,4a5cf927-5e23-4267-926e-9463e171f71e,27/04/2016 11:10:07,16,208778.0
8319,4a5cf927-5e23-4267-926e-9463e171f71e,27/04/2016 10:10:07,34,208762.0
8320,4a5cf927-5e23-4267-926e-9463e171f71e,27/04/2016 09:10:07,6,208728.0
8321,4a5cf927-5e23-4267-926e-9463e171f71e,27/04/2016 08:10:07,0,208722.0
8322,4a5cf927-5e23-4267-926e-9463e171f71e,27/04/2016 07:09:32,0,208722.0
8323,4a5cf927-5e23-4267-926e-9463e171f71e,27/04/2016 06:09:32,0,208722.0
8324,4a5cf927-5e23-4267-926e-9463e171f71e,27/04/2016 05:09:32,0,208722.0
8325,4a5cf927-5e23-4267-926e-9463e171f71e,27/04/2016 04:09:32,0,208722.0
8326,4a5cf927-5e23-4267-926e-9463e171f71e,27/04/2016 03:09:32,0,208722.0
8327,4a5cf927-5e23-4267-926e-9463e171f71e,27/04/2016 02:09:32,0,208722.0
8328,4a5cf927-5e23-4267-926e-9463e171f71e,27/04/2016 01:09:32,6,208722.0
8329,4a5cf927-5e23-4267-926e-9463e171f71e,27/04/2016 00:09:32,3,208716.0
8330,4a5cf927-5e23-4267-926e-9463e171f71e,26/04/2016 23:09:31,6,208713.0
8331,4a5cf927-5e23-4267-926e-9463e171f71e,26/04/2016 22:09:31,9,208707.0
8332,4a5cf927-5e23-4267-926e-9463e171f71e,26/04/2016 21:09:31,0,208698.0
8333,4a5cf927-5e23-4267-926e-9463e171f71e,26/04/2016 20:09:31,0,208698.0
8334,4a5cf927-5e23-4267-926e-9463e171f71e,26/04/2016 19:09:32,13,208698.0
8335,4a5cf927-5e23-4267-926e-9463e171f71e,26/04/2016 18:09:32,11,208685.0
8336,4a5cf927-5e23-4267-926e-9463e171f71e,26/04/2016 17:09:32,0,208674.0
8337,4a5cf927-5e23-4267-926e-9463e171f71e,26/04/2016 16:09:32,8,208674.0
8338,4a5cf927-5e23-4267-926e-9463e171f71e,26/04/2016 15:09:45,7,208666.0
8339,4a5cf927-5e23-4267-926e-9463e171f71e,26/04/2016 14:09:45,0,208659.0
8340,4a5cf927-5e23-4267-926e-9463e171f71e,26/04/2016 13:09:45,3,208659.0
8341,4a5cf927-5e23-4267-926e-9463e171f71e,26/04/2016 12:09:45,14,208656.0
8342,4a5cf927-5e23-4267-926e-9463e171f71e,26/04/2016 11:09:34,133,208642.0
8343,4a5cf927-5e23-4267-926e-9463e171f71e,26/04/2016 10:09:34,26,208509.0
8344,4a5cf927-5e23-4267-926e-9463e171f71e,26/04/2016 09:09:34,11,208483.0
8345,4a5cf927-5e23-4267-926e-9463e171f71e,26/04/2016 08:09:34,1,208472.0
8346,4a5cf927-5e23-4267-926e-9463e171f71e,26/04/2016 07:09:33,0,208471.0
8347,4a5cf927-5e23-4267-926e-9463e171f71e,26/04/2016 06:09:33,0,208471.0
8348,4a5cf927-5e23-4267-926e-9463e171f71e,26/04/2016 05:09:33,0,208471.0
8349,4a5cf927-5e23-4267-926e-9463e171f71e,26/04/2016 04:09:33,0,208471.0
8350,4a5cf927-5e23-4267-926e-9463e171f71e,26/04/2016 03:09:35,0,208471.0
8351,4a5cf927-5e23-4267-926e-9463e171f71e,26/04/2016 02:09:35,3,208471.0
8352,4a5cf927-5e23-4267-926e-9463e171f71e,26/04/2016 01:09:35,3,208468.0
8353,4a5cf927-5e23-4267-926e-9463e171f71e,26/04/2016 00:09:35,18,208465.0
8354,4a5cf927-5e23-4267-926e-9463e171f71e,25/04/2016 23:09:34,0,208447.0
8355,4a5cf927-5e23-4267-926e-9463e171f71e,25/04/2016 22:09:34,12,208447.0
8356,4a5cf927-5e23-4267-926e-9463e171f71e,25/04/2016 21:09:34,0,208435.0
8357,4a5cf927-5e23-4267-926e-9463e171f71e,25/04/2016 20:09:34,4,208435.0
8358,4a5cf927-5e23-4267-926e-9463e171f71e,25/04/2016 19:12:39,0,208431.0
8359,4a5cf927-5e23-4267-926e-9463e171f71e,25/04/2016 18:12:39,6,208431.0
8360,4a5cf927-5e23-4267-926e-9463e171f71e,25/04/2016 17:12:39,0,208425.0
8361,4a5cf927-5e23-4267-926e-9463e171f71e,25/04/2016 16:12:39,68,208425.0
8362,4a5cf927-5e23-4267-926e-9463e171f71e,25/04/2016 15:09:35,15,208357.0
8363,4a5cf927-5e23-4267-926e-9463e171f71e,25/04/2016 14:09:35,0,208342.0
8364,4a5cf927-5e23-4267-926e-9463e171f71e,25/04/2016 13:09:35,0,208342.0
8365,4a5cf927-5e23-4267-926e-9463e171f71e,25/04/2016 12:09:35,26,208342.0
8366,4a5cf927-5e23-4267-926e-9463e171f71e,25/04/2016 11:09:37,88,208316.0
8367,4a5cf927-5e23-4267-926e-9463e171f71e,25/04/2016 10:09:37,11,208228.0
8368,4a5cf927-5e23-4267-926e-9463e171f71e,25/04/2016 09:09:37,6,208217.0
8369,4a5cf927-5e23-4267-926e-9463e171f71e,25/04/2016 08:09:37,1,208211.0
8370,4a5cf927-5e23-4267-926e-9463e171f71e,25/04/2016 07:09:36,0,208210.0
8371,4a5cf927-5e23-4267-926e-9463e171f71e,25/04/2016 06:09:36,0,208210.0
8372,4a5cf927-5e23-4267-926e-9463e171f71e,25/04/2016 05:09:36,0,208210.0
8373,4a5cf927-5e23-4267-926e-9463e171f71e,25/04/2016 04:09:36,0,208210.0
8374,4a5cf927-5e23-4267-926e-9463e171f71e,25/04/2016 03:09:37,0,208210.0
8375,4a5cf927-5e23-4267-926e-9463e171f71e,25/04/2016 02:09:37,0,208210.0
8376,4a5cf927-5e23-4267-926e-9463e171f71e,25/04/2016 01:09:37,3,208210.0
8377,4a5cf927-5e23-4267-926e-9463e171f71e,25/04/2016 00:09:37,6,208207.0
8378,4a5cf927-5e23-4267-926e-9463e171f71e,24/04/2016 23:09:35,0,208201.0
8379,4a5cf927-5e23-4267-926e-9463e171f71e,24/04/2016 22:09:35,0,208201.0
8380,4a5cf927-5e23-4267-926e-9463e171f71e,24/04/2016 21:09:35,0,208201.0
8381,4a5cf927-5e23-4267-926e-9463e171f71e,24/04/2016 20:09:35,3,208201.0
8382,4a5cf927-5e23-4267-926e-9463e171f71e,24/04/2016 19:09:39,8,208198.0
8383,4a5cf927-5e23-4267-926e-9463e171f71e,24/04/2016 18:09:39,0,208190.0
8384,4a5cf927-5e23-4267-926e-9463e171f71e,24/04/2016 17:09:39,7,208190.0
8385,4a5cf927-5e23-4267-926e-9463e171f71e,24/04/2016 16:09:39,25,208183.0
8386,4a5cf927-5e23-4267-926e-9463e171f71e,24/04/2016 15:09:37,67,208158.0
8387,4a5cf927-5e23-4267-926e-9463e171f71e,24/04/2016 14:09:37,0,208091.0
8388,4a5cf927-5e23-4267-926e-9463e171f71e,24/04/2016 13:09:37,4,208091.0
8389,4a5cf927-5e23-4267-926e-9463e171f71e,24/04/2016 12:09:37,9,208087.0
8390,4a5cf927-5e23-4267-926e-9463e171f71e,24/04/2016 11:09:39,21,208078.0
8391,4a5cf927-5e23-4267-926e-9463e171f71e,24/04/2016 10:09:39,16,208057.0
8392,4a5cf927-5e23-4267-926e-9463e171f71e,24/04/2016 09:09:39,0,208041.0
8393,4a5cf927-5e23-4267-926e-9463e171f71e,24/04/2016 08:09:39,7,208041.0
8394,4a5cf927-5e23-4267-926e-9463e171f71e,24/04/2016 07:09:40,0,208034.0
8395,4a5cf927-5e23-4267-926e-9463e171f71e,24/04/2016 06:09:40,0,208034.0
8396,4a5cf927-5e23-4267-926e-9463e171f71e,24/04/2016 05:09:40,0,208034.0
8397,4a5cf927-5e23-4267-926e-9463e171f71e,24/04/2016 04:09:40,2,208034.0
8398,4a5cf927-5e23-4267-926e-9463e171f71e,23/04/2016 23:09:42,6,208032.0
8399,4a5cf927-5e23-4267-926e-9463e171f71e,23/04/2016 22:09:42,3,208026.0
8400,4a5cf927-5e23-4267-926e-9463e171f71e,23/04/2016 21:09:42,16,208023.0
8401,4a5cf927-5e23-4267-926e-9463e171f71e,23/04/2016 20:09:42,4,208007.0
8402,4a5cf927-5e23-4267-926e-9463e171f71e,23/04/2016 19:09:40,0,208003.0
8403,4a5cf927-5e23-4267-926e-9463e171f71e,23/04/2016 18:09:40,0,208003.0
8404,4a5cf927-5e23-4267-926e-9463e171f71e,23/04/2016 17:09:40,0,208003.0
8405,4a5cf927-5e23-4267-926e-9463e171f71e,23/04/2016 16:09:40,4,208003.0
8406,4a5cf927-5e23-4267-926e-9463e171f71e,23/04/2016 15:09:39,4,207999.0
8407,4a5cf927-5e23-4267-926e-9463e171f71e,23/04/2016 14:09:39,58,207995.0
8408,4a5cf927-5e23-4267-926e-9463e171f71e,23/04/2016 13:09:39,11,207937.0
8409,4a5cf927-5e23-4267-926e-9463e171f71e,23/04/2016 12:09:39,18,207926.0
8410,4a5cf927-5e23-4267-926e-9463e171f71e,23/04/2016 11:09:42,2,207908.0
8411,4a5cf927-5e23-4267-926e-9463e171f71e,23/04/2016 10:09:42,86,207906.0
8412,4a5cf927-5e23-4267-926e-9463e171f71e,23/04/2016 09:09:42,6,207820.0
8413,4a5cf927-5e23-4267-926e-9463e171f71e,23/04/2016 08:09:42,0,207814.0
8414,4a5cf927-5e23-4267-926e-9463e171f71e,23/04/2016 07:09:41,0,207814.0
8415,4a5cf927-5e23-4267-926e-9463e171f71e,23/04/2016 06:09:41,0,207814.0
8416,4a5cf927-5e23-4267-926e-9463e171f71e,23/04/2016 05:09:41,0,207814.0
8417,4a5cf927-5e23-4267-926e-9463e171f71e,23/04/2016 04:09:41,0,207814.0
8418,4a5cf927-5e23-4267-926e-9463e171f71e,23/04/2016 03:09:43,0,207814.0
8419,4a5cf927-5e23-4267-926e-9463e171f71e,23/04/2016 02:09:43,0,207814.0
8420,4a5cf927-5e23-4267-926e-9463e171f71e,23/04/2016 01:09:43,10,207814.0
8421,4a5cf927-5e23-4267-926e-9463e171f71e,23/04/2016 00:09:43,0,207804.0
8422,4a5cf927-5e23-4267-926e-9463e171f71e,22/04/2016 23:09:41,0,207804.0
8423,4a5cf927-5e23-4267-926e-9463e171f71e,22/04/2016 22:09:41,0,207804.0
8424,4a5cf927-5e23-4267-926e-9463e171f71e,22/04/2016 21:09:41,0,207804.0
8425,4a5cf927-5e23-4267-926e-9463e171f71e,22/04/2016 20:09:41,7,207804.0
8426,4a5cf927-5e23-4267-926e-9463e171f71e,22/04/2016 19:09:43,22,207797.0
8427,4a5cf927-5e23-4267-926e-9463e171f71e,22/04/2016 18:09:43,0,207775.0
8428,4a5cf927-5e23-4267-926e-9463e171f71e,22/04/2016 17:09:43,6,207775.0
8429,4a5cf927-5e23-4267-926e-9463e171f71e,22/04/2016 16:09:43,17,207769.0
8430,4a5cf927-5e23-4267-926e-9463e171f71e,22/04/2016 15:09:42,0,207752.0
8431,4a5cf927-5e23-4267-926e-9463e171f71e,22/04/2016 14:09:42,0,207752.0
8432,4a5cf927-5e23-4267-926e-9463e171f71e,22/04/2016 13:09:42,2,207752.0
8433,4a5cf927-5e23-4267-926e-9463e171f71e,22/04/2016 12:09:42,50,207750.0
8434,4a5cf927-5e23-4267-926e-9463e171f71e,22/04/2016 11:09:44,86,207700.0
8435,4a5cf927-5e23-4267-926e-9463e171f71e,22/04/2016 10:09:44,13,207614.0
8436,4a5cf927-5e23-4267-926e-9463e171f71e,22/04/2016 09:09:44,6,207601.0
8437,4a5cf927-5e23-4267-926e-9463e171f71e,22/04/2016 08:09:44,0,207595.0
8438,4a5cf927-5e23-4267-926e-9463e171f71e,22/04/2016 07:09:43,0,207595.0
8439,4a5cf927-5e23-4267-926e-9463e171f71e,22/04/2016 06:09:43,0,207595.0
8440,4a5cf927-5e23-4267-926e-9463e171f71e,22/04/2016 05:09:43,0,207595.0
8441,4a5cf927-5e23-4267-926e-9463e171f71e,22/04/2016 04:09:43,0,207595.0
8442,4a5cf927-5e23-4267-926e-9463e171f71e,22/04/2016 03:09:45,0,207595.0
8443,4a5cf927-5e23-4267-926e-9463e171f71e,22/04/2016 02:09:45,2,207595.0
8444,4a5cf927-5e23-4267-926e-9463e171f71e,22/04/2016 01:09:45,1,207593.0
8445,4a5cf927-5e23-4267-926e-9463e171f71e,22/04/2016 00:09:45,0,207592.0
8446,4a5cf927-5e23-4267-926e-9463e171f71e,21/04/2016 23:09:44,18,207592.0
8447,4a5cf927-5e23-4267-926e-9463e171f71e,21/04/2016 22:09:44,12,207574.0
8448,4a5cf927-5e23-4267-926e-9463e171f71e,21/04/2016 21:09:44,0,207562.0
8449,4a5cf927-5e23-4267-926e-9463e171f71e,21/04/2016 20:09:44,41,207562.0
8450,4a5cf927-5e23-4267-926e-9463e171f71e,21/04/2016 15:09:45,1,207521.0
8451,4a5cf927-5e23-4267-926e-9463e171f71e,21/04/2016 14:09:45,0,207520.0
8452,4a5cf927-5e23-4267-926e-9463e171f71e,21/04/2016 13:09:45,60,207520.0
8453,4a5cf927-5e23-4267-926e-9463e171f71e,21/04/2016 12:09:45,102,207460.0
8454,4a5cf927-5e23-4267-926e-9463e171f71e,21/04/2016 11:09:46,26,207358.0
8455,4a5cf927-5e23-4267-926e-9463e171f71e,21/04/2016 10:09:46,1,207332.0
8456,4a5cf927-5e23-4267-926e-9463e171f71e,21/04/2016 09:09:46,6,207331.0
8457,4a5cf927-5e23-4267-926e-9463e171f71e,21/04/2016 08:09:46,0,207325.0
8458,4a5cf927-5e23-4267-926e-9463e171f71e,21/04/2016 07:09:47,0,207325.0
8459,4a5cf927-5e23-4267-926e-9463e171f71e,21/04/2016 06:09:47,0,207325.0
8460,4a5cf927-5e23-4267-926e-9463e171f71e,21/04/2016 05:09:47,0,207325.0
8461,4a5cf927-5e23-4267-926e-9463e171f71e,21/04/2016 04:09:47,0,207325.0
8462,4a5cf927-5e23-4267-926e-9463e171f71e,21/04/2016 03:09:47,0,207325.0
8463,4a5cf927-5e23-4267-926e-9463e171f71e,21/04/2016 02:09:47,0,207325.0
8464,4a5cf927-5e23-4267-926e-9463e171f71e,21/04/2016 01:09:47,0,207325.0
8465,4a5cf927-5e23-4267-926e-9463e171f71e,21/04/2016 00:09:47,5,207325.0
8466,4a5cf927-5e23-4267-926e-9463e171f71e,20/04/2016 23:09:45,0,207320.0
8467,4a5cf927-5e23-4267-926e-9463e171f71e,20/04/2016 22:09:45,1,207320.0
8468,4a5cf927-5e23-4267-926e-9463e171f71e,20/04/2016 21:09:45,9,207319.0
8469,4a5cf927-5e23-4267-926e-9463e171f71e,20/04/2016 20:09:45,0,207310.0
8470,4a5cf927-5e23-4267-926e-9463e171f71e,20/04/2016 19:09:47,0,207310.0
8471,4a5cf927-5e23-4267-926e-9463e171f71e,20/04/2016 18:09:47,8,207310.0
8472,4a5cf927-5e23-4267-926e-9463e171f71e,20/04/2016 17:09:47,0,207302.0
8473,4a5cf927-5e23-4267-926e-9463e171f71e,20/04/2016 16:09:47,19,207302.0
8474,4a5cf927-5e23-4267-926e-9463e171f71e,20/04/2016 15:09:47,8,207283.0
8475,4a5cf927-5e23-4267-926e-9463e171f71e,20/04/2016 14:09:47,14,207275.0
8476,4a5cf927-5e23-4267-926e-9463e171f71e,20/04/2016 13:09:47,49,207261.0
8477,4a5cf927-5e23-4267-926e-9463e171f71e,20/04/2016 12:09:47,78,207212.0
8478,4a5cf927-5e23-4267-926e-9463e171f71e,20/04/2016 11:09:48,51,207134.0
8479,4a5cf927-5e23-4267-926e-9463e171f71e,20/04/2016 10:09:48,0,207083.0
8480,4a5cf927-5e23-4267-926e-9463e171f71e,20/04/2016 09:09:48,0,207083.0
8481,4a5cf927-5e23-4267-926e-9463e171f71e,20/04/2016 08:09:48,0,207083.0
8482,4a5cf927-5e23-4267-926e-9463e171f71e,20/04/2016 07:09:50,1,207083.0
8483,4a5cf927-5e23-4267-926e-9463e171f71e,20/04/2016 06:09:50,0,207082.0
8484,4a5cf927-5e23-4267-926e-9463e171f71e,20/04/2016 05:09:50,0,207082.0
8485,4a5cf927-5e23-4267-926e-9463e171f71e,20/04/2016 04:09:50,0,207082.0
8486,4a5cf927-5e23-4267-926e-9463e171f71e,20/04/2016 03:09:49,0,207082.0
8487,4a5cf927-5e23-4267-926e-9463e171f71e,20/04/2016 02:09:49,0,207082.0
8488,4a5cf927-5e23-4267-926e-9463e171f71e,20/04/2016 01:09:49,0,207082.0
8489,4a5cf927-5e23-4267-926e-9463e171f71e,20/04/2016 00:09:49,7,207082.0
8490,4a5cf927-5e23-4267-926e-9463e171f71e,19/04/2016 23:10:13,5,207075.0
8491,4a5cf927-5e23-4267-926e-9463e171f71e,19/04/2016 22:10:13,9,207070.0
8492,4a5cf927-5e23-4267-926e-9463e171f71e,19/04/2016 21:10:13,0,207061.0
8493,4a5cf927-5e23-4267-926e-9463e171f71e,19/04/2016 20:10:13,7,207061.0
8494,4a5cf927-5e23-4267-926e-9463e171f71e,19/04/2016 19:09:51,5,207054.0
8495,4a5cf927-5e23-4267-926e-9463e171f71e,19/04/2016 18:09:51,4,207049.0
8496,4a5cf927-5e23-4267-926e-9463e171f71e,19/04/2016 17:09:51,0,207045.0
8497,4a5cf927-5e23-4267-926e-9463e171f71e,19/04/2016 16:09:51,53,207045.0
8498,4a5cf927-5e23-4267-926e-9463e171f71e,19/04/2016 15:09:49,5,206992.0
8499,4a5cf927-5e23-4267-926e-9463e171f71e,19/04/2016 14:09:49,50,206987.0
8500,4a5cf927-5e23-4267-926e-9463e171f71e,19/04/2016 13:09:49,55,206937.0
8501,4a5cf927-5e23-4267-926e-9463e171f71e,19/04/2016 12:09:49,103,206882.0
8502,4a5cf927-5e23-4267-926e-9463e171f71e,19/04/2016 11:09:52,28,206779.0
8503,4a5cf927-5e23-4267-926e-9463e171f71e,19/04/2016 10:09:52,12,206751.0
8504,4a5cf927-5e23-4267-926e-9463e171f71e,19/04/2016 09:09:52,0,206739.0
8505,4a5cf927-5e23-4267-926e-9463e171f71e,19/04/2016 08:09:52,0,206739.0
8506,4a5cf927-5e23-4267-926e-9463e171f71e,19/04/2016 07:09:51,0,206739.0
8507,4a5cf927-5e23-4267-926e-9463e171f71e,19/04/2016 06:09:51,1,206739.0
8508,4a5cf927-5e23-4267-926e-9463e171f71e,19/04/2016 05:09:51,0,206738.0
8509,4a5cf927-5e23-4267-926e-9463e171f71e,19/04/2016 04:09:51,0,206738.0
8510,4a5cf927-5e23-4267-926e-9463e171f71e,19/04/2016 03:09:52,0,206738.0
8511,4a5cf927-5e23-4267-926e-9463e171f71e,19/04/2016 02:09:52,0,206738.0
8512,4a5cf927-5e23-4267-926e-9463e171f71e,19/04/2016 01:09:52,0,206738.0
8513,4a5cf927-5e23-4267-926e-9463e171f71e,19/04/2016 00:09:52,5,206738.0
8514,4a5cf927-5e23-4267-926e-9463e171f71e,18/04/2016 23:09:51,0,206733.0
8515,4a5cf927-5e23-4267-926e-9463e171f71e,18/04/2016 22:09:51,12,206733.0
8516,4a5cf927-5e23-4267-926e-9463e171f71e,18/04/2016 21:09:51,0,206721.0
8517,4a5cf927-5e23-4267-926e-9463e171f71e,18/04/2016 20:09:51,5,206721.0
8518,4a5cf927-5e23-4267-926e-9463e171f71e,18/04/2016 19:09:52,6,206716.0
8519,4a5cf927-5e23-4267-926e-9463e171f71e,18/04/2016 18:09:52,0,206710.0
8520,4a5cf927-5e23-4267-926e-9463e171f71e,18/04/2016 17:09:52,0,206710.0
8521,4a5cf927-5e23-4267-926e-9463e171f71e,18/04/2016 16:09:52,97,206710.0
8522,4a5cf927-5e23-4267-926e-9463e171f71e,18/04/2016 11:09:52,80,206613.0
8523,4a5cf927-5e23-4267-926e-9463e171f71e,18/04/2016 10:09:52,12,206533.0
8524,4a5cf927-5e23-4267-926e-9463e171f71e,18/04/2016 09:09:52,0,206521.0
8525,4a5cf927-5e23-4267-926e-9463e171f71e,18/04/2016 08:09:52,0,206521.0
8526,4a5cf927-5e23-4267-926e-9463e171f71e,18/04/2016 07:09:52,0,206521.0
8527,4a5cf927-5e23-4267-926e-9463e171f71e,18/04/2016 06:09:52,0,206521.0
8528,4a5cf927-5e23-4267-926e-9463e171f71e,18/04/2016 05:09:52,0,206521.0
8529,4a5cf927-5e23-4267-926e-9463e171f71e,18/04/2016 04:09:52,0,206521.0
8530,4a5cf927-5e23-4267-926e-9463e171f71e,18/04/2016 03:09:55,0,206521.0
8531,4a5cf927-5e23-4267-926e-9463e171f71e,18/04/2016 02:09:55,2,206521.0
8532,4a5cf927-5e23-4267-926e-9463e171f71e,18/04/2016 01:09:55,0,206519.0
8533,4a5cf927-5e23-4267-926e-9463e171f71e,18/04/2016 00:09:55,4,206519.0
8534,4a5cf927-5e23-4267-926e-9463e171f71e,17/04/2016 23:09:56,4,206515.0
8535,4a5cf927-5e23-4267-926e-9463e171f71e,17/04/2016 22:09:56,7,206511.0
8536,4a5cf927-5e23-4267-926e-9463e171f71e,17/04/2016 21:09:56,12,206504.0
8537,4a5cf927-5e23-4267-926e-9463e171f71e,17/04/2016 20:09:56,0,206492.0
8538,4a5cf927-5e23-4267-926e-9463e171f71e,17/04/2016 19:09:54,0,206492.0
8539,4a5cf927-5e23-4267-926e-9463e171f71e,17/04/2016 18:09:54,0,206492.0
8540,4a5cf927-5e23-4267-926e-9463e171f71e,17/04/2016 17:09:54,1,206492.0
8541,4a5cf927-5e23-4267-926e-9463e171f71e,17/04/2016 16:09:54,0,206491.0
8542,4a5cf927-5e23-4267-926e-9463e171f71e,17/04/2016 15:09:55,0,206491.0
8543,4a5cf927-5e23-4267-926e-9463e171f71e,17/04/2016 14:09:55,3,206491.0
8544,4a5cf927-5e23-4267-926e-9463e171f71e,17/04/2016 13:09:55,74,206488.0
8545,4a5cf927-5e23-4267-926e-9463e171f71e,17/04/2016 12:09:55,14,206414.0
8546,4a5cf927-5e23-4267-926e-9463e171f71e,17/04/2016 11:09:55,16,206400.0
8547,4a5cf927-5e23-4267-926e-9463e171f71e,17/04/2016 10:09:55,0,206384.0
8548,4a5cf927-5e23-4267-926e-9463e171f71e,17/04/2016 09:09:55,0,206384.0
8549,4a5cf927-5e23-4267-926e-9463e171f71e,17/04/2016 08:09:55,0,206384.0
8550,4a5cf927-5e23-4267-926e-9463e171f71e,17/04/2016 03:09:56,0,206384.0
8551,4a5cf927-5e23-4267-926e-9463e171f71e,17/04/2016 02:09:56,0,206384.0
8552,4a5cf927-5e23-4267-926e-9463e171f71e,17/04/2016 01:09:56,0,206384.0
8553,4a5cf927-5e23-4267-926e-9463e171f71e,17/04/2016 00:09:56,4,206384.0
8554,4a5cf927-5e23-4267-926e-9463e171f71e,16/04/2016 23:09:57,4,206380.0
8555,4a5cf927-5e23-4267-926e-9463e171f71e,16/04/2016 22:09:57,1,206376.0
8556,4a5cf927-5e23-4267-926e-9463e171f71e,16/04/2016 21:09:57,0,206375.0
8557,4a5cf927-5e23-4267-926e-9463e171f71e,16/04/2016 20:09:57,5,206375.0
8558,4a5cf927-5e23-4267-926e-9463e171f71e,16/04/2016 19:09:59,78,206370.0
8559,4a5cf927-5e23-4267-926e-9463e171f71e,16/04/2016 18:09:59,0,206292.0
8560,4a5cf927-5e23-4267-926e-9463e171f71e,16/04/2016 17:09:59,2,206292.0
8561,4a5cf927-5e23-4267-926e-9463e171f71e,16/04/2016 16:09:59,0,206290.0
8562,4a5cf927-5e23-4267-926e-9463e171f71e,16/04/2016 15:09:56,0,206290.0
8563,4a5cf927-5e23-4267-926e-9463e171f71e,16/04/2016 14:09:56,0,206290.0
8564,4a5cf927-5e23-4267-926e-9463e171f71e,16/04/2016 13:09:56,0,206290.0
8565,4a5cf927-5e23-4267-926e-9463e171f71e,16/04/2016 12:09:56,15,206290.0
8566,4a5cf927-5e23-4267-926e-9463e171f71e,16/04/2016 11:09:59,37,206275.0
8567,4a5cf927-5e23-4267-926e-9463e171f71e,16/04/2016 10:09:59,83,206238.0
8568,4a5cf927-5e23-4267-926e-9463e171f71e,16/04/2016 09:09:59,0,206155.0
8569,4a5cf927-5e23-4267-926e-9463e171f71e,16/04/2016 08:09:59,0,206155.0
8570,4a5cf927-5e23-4267-926e-9463e171f71e,16/04/2016 07:10:00,0,206155.0
8571,4a5cf927-5e23-4267-926e-9463e171f71e,16/04/2016 06:10:00,0,206155.0
8572,4a5cf927-5e23-4267-926e-9463e171f71e,16/04/2016 05:10:00,0,206155.0
8573,4a5cf927-5e23-4267-926e-9463e171f71e,16/04/2016 04:10:00,0,206155.0
8574,4a5cf927-5e23-4267-926e-9463e171f71e,16/04/2016 03:09:59,0,206155.0
8575,4a5cf927-5e23-4267-926e-9463e171f71e,16/04/2016 02:09:59,0,206155.0
8576,4a5cf927-5e23-4267-926e-9463e171f71e,16/04/2016 01:09:59,5,206155.0
8577,4a5cf927-5e23-4267-926e-9463e171f71e,16/04/2016 00:09:59,0,206150.0
8578,4a5cf927-5e23-4267-926e-9463e171f71e,15/04/2016 23:10:00,0,206150.0
8579,4a5cf927-5e23-4267-926e-9463e171f71e,15/04/2016 22:10:00,0,206150.0
8580,4a5cf927-5e23-4267-926e-9463e171f71e,15/04/2016 21:10:00,0,206150.0
8581,4a5cf927-5e23-4267-926e-9463e171f71e,15/04/2016 20:10:00,8,206150.0
8582,4a5cf927-5e23-4267-926e-9463e171f71e,15/04/2016 19:10:00,8,206142.0
8583,4a5cf927-5e23-4267-926e-9463e171f71e,15/04/2016 18:10:00,3,206134.0
8584,4a5cf927-5e23-4267-926e-9463e171f71e,15/04/2016 17:10:00,31,206131.0
8585,4a5cf927-5e23-4267-926e-9463e171f71e,15/04/2016 16:10:00,32,206100.0
8586,4a5cf927-5e23-4267-926e-9463e171f71e,15/04/2016 15:10:05,4,206068.0
8587,4a5cf927-5e23-4267-926e-9463e171f71e,15/04/2016 14:10:05,0,206064.0
8588,4a5cf927-5e23-4267-926e-9463e171f71e,15/04/2016 13:10:05,10,206064.0
8589,4a5cf927-5e23-4267-926e-9463e171f71e,15/04/2016 12:10:05,51,206054.0
8590,4a5cf927-5e23-4267-926e-9463e171f71e,15/04/2016 11:10:00,15,206003.0
8591,4a5cf927-5e23-4267-926e-9463e171f71e,15/04/2016 10:10:00,28,205988.0
8592,4a5cf927-5e23-4267-926e-9463e171f71e,15/04/2016 09:10:00,0,205960.0
8593,4a5cf927-5e23-4267-926e-9463e171f71e,15/04/2016 08:10:00,0,205960.0
8594,4a5cf927-5e23-4267-926e-9463e171f71e,15/04/2016 03:10:01,1,205960.0
8595,4a5cf927-5e23-4267-926e-9463e171f71e,15/04/2016 02:10:01,0,205959.0
8596,4a5cf927-5e23-4267-926e-9463e171f71e,15/04/2016 01:10:01,0,205959.0
8597,4a5cf927-5e23-4267-926e-9463e171f71e,15/04/2016 00:10:01,6,205959.0
8598,4a5cf927-5e23-4267-926e-9463e171f71e,14/04/2016 23:10:00,0,205953.0
8599,4a5cf927-5e23-4267-926e-9463e171f71e,14/04/2016 22:10:00,15,205953.0
8600,4a5cf927-5e23-4267-926e-9463e171f71e,14/04/2016 21:10:00,1,205938.0
8601,4a5cf927-5e23-4267-926e-9463e171f71e,14/04/2016 20:10:00,0,205937.0
8602,4a5cf927-5e23-4267-926e-9463e171f71e,14/04/2016 19:10:02,6,205937.0
8603,4a5cf927-5e23-4267-926e-9463e171f71e,14/04/2016 18:10:02,0,205931.0
8604,4a5cf927-5e23-4267-926e-9463e171f71e,14/04/2016 17:10:02,9,205931.0
8605,4a5cf927-5e23-4267-926e-9463e171f71e,14/04/2016 16:10:02,61,205922.0
8606,4a5cf927-5e23-4267-926e-9463e171f71e,14/04/2016 11:10:19,74,205861.0
8607,4a5cf927-5e23-4267-926e-9463e171f71e,14/04/2016 10:10:19,67,205787.0
8608,4a5cf927-5e23-4267-926e-9463e171f71e,14/04/2016 09:10:19,5,205720.0
8609,4a5cf927-5e23-4267-926e-9463e171f71e,14/04/2016 08:10:19,0,205715.0
8610,4a5cf927-5e23-4267-926e-9463e171f71e,14/04/2016 07:10:01,0,205715.0
8611,4a5cf927-5e23-4267-926e-9463e171f71e,14/04/2016 06:10:01,0,205715.0
8612,4a5cf927-5e23-4267-926e-9463e171f71e,14/04/2016 05:10:01,0,205715.0
8613,4a5cf927-5e23-4267-926e-9463e171f71e,14/04/2016 04:10:01,0,205715.0
8614,4a5cf927-5e23-4267-926e-9463e171f71e,14/04/2016 03:10:03,0,205715.0
8615,4a5cf927-5e23-4267-926e-9463e171f71e,14/04/2016 02:10:03,0,205715.0
8616,4a5cf927-5e23-4267-926e-9463e171f71e,14/04/2016 01:10:03,0,205715.0
8617,4a5cf927-5e23-4267-926e-9463e171f71e,14/04/2016 00:10:03,4,205715.0
8618,4a5cf927-5e23-4267-926e-9463e171f71e,13/04/2016 23:10:02,6,205711.0
8619,4a5cf927-5e23-4267-926e-9463e171f71e,13/04/2016 22:10:02,2,205705.0
8620,4a5cf927-5e23-4267-926e-9463e171f71e,13/04/2016 21:10:02,11,205703.0
8621,4a5cf927-5e23-4267-926e-9463e171f71e,13/04/2016 20:10:02,7,205692.0
8622,4a5cf927-5e23-4267-926e-9463e171f71e,13/04/2016 19:10:05,4,205685.0
8623,4a5cf927-5e23-4267-926e-9463e171f71e,13/04/2016 18:10:05,3,205681.0
8624,4a5cf927-5e23-4267-926e-9463e171f71e,13/04/2016 17:10:05,31,205678.0
8625,4a5cf927-5e23-4267-926e-9463e171f71e,13/04/2016 16:10:05,0,205647.0
8626,4a5cf927-5e23-4267-926e-9463e171f71e,13/04/2016 15:10:30,0,205647.0
8627,4a5cf927-5e23-4267-926e-9463e171f71e,13/04/2016 14:10:30,0,205647.0
8628,4a5cf927-5e23-4267-926e-9463e171f71e,13/04/2016 13:10:30,0,205647.0
8629,4a5cf927-5e23-4267-926e-9463e171f71e,13/04/2016 12:10:30,1,205647.0
8630,4a5cf927-5e23-4267-926e-9463e171f71e,13/04/2016 11:10:05,0,205646.0
8631,4a5cf927-5e23-4267-926e-9463e171f71e,13/04/2016 10:10:05,0,205646.0
8632,4a5cf927-5e23-4267-926e-9463e171f71e,13/04/2016 09:10:05,0,205646.0
8633,4a5cf927-5e23-4267-926e-9463e171f71e,13/04/2016 08:10:05,0,205646.0
8634,4a5cf927-5e23-4267-926e-9463e171f71e,13/04/2016 03:10:06,0,205646.0
8635,4a5cf927-5e23-4267-926e-9463e171f71e,13/04/2016 02:10:06,0,205646.0
8636,4a5cf927-5e23-4267-926e-9463e171f71e,13/04/2016 01:10:06,0,205646.0
8637,4a5cf927-5e23-4267-926e-9463e171f71e,13/04/2016 00:10:06,0,205646.0
8638,4a5cf927-5e23-4267-926e-9463e171f71e,12/4/2016 23:10,0,205646.0
8639,4a5cf927-5e23-4267-926e-9463e171f71e,12/4/2016 22:10,0,205646.0
8640,4a5cf927-5e23-4267-926e-9463e171f71e,12/4/2016 21:10,0,205646.0
8641,4a5cf927-5e23-4267-926e-9463e171f71e,12/4/2016 20:10,0,205646.0
8642,4a5cf927-5e23-4267-926e-9463e171f71e,12/4/2016 19:10,1,205646.0
8643,4a5cf927-5e23-4267-926e-9463e171f71e,12/4/2016 18:10,0,205645.0
8644,4a5cf927-5e23-4267-926e-9463e171f71e,12/4/2016 17:10,16,205645.0
8645,4a5cf927-5e23-4267-926e-9463e171f71e,12/4/2016 16:10,38,205629.0
8646,4a5cf927-5e23-4267-926e-9463e171f71e,12/4/2016 15:10,10,205591.0
8647,4a5cf927-5e23-4267-926e-9463e171f71e,12/4/2016 14:10,0,205581.0
8648,4a5cf927-5e23-4267-926e-9463e171f71e,12/4/2016 13:10,0,205581.0
8649,4a5cf927-5e23-4267-926e-9463e171f71e,12/4/2016 12:10,0,205581.0
8650,4a5cf927-5e23-4267-926e-9463e171f71e,12/4/2016 11:10,0,205581.0
8651,4a5cf927-5e23-4267-926e-9463e171f71e,12/4/2016 10:10,0,205581.0
8652,4a5cf927-5e23-4267-926e-9463e171f71e,12/4/2016 9:10,0,205581.0
8653,4a5cf927-5e23-4267-926e-9463e171f71e,12/4/2016 8:10,0,205581.0
8654,4a5cf927-5e23-4267-926e-9463e171f71e,12/4/2016 7:10,0,205581.0
8655,4a5cf927-5e23-4267-926e-9463e171f71e,12/4/2016 6:10,0,205581.0
8656,4a5cf927-5e23-4267-926e-9463e171f71e,12/4/2016 5:10,0,205581.0
8657,4a5cf927-5e23-4267-926e-9463e171f71e,12/4/2016 4:10,0,205581.0
8658,4a5cf927-5e23-4267-926e-9463e171f71e,12/4/2016 3:10,0,205581.0
8659,4a5cf927-5e23-4267-926e-9463e171f71e,12/4/2016 2:10,0,205581.0
8660,4a5cf927-5e23-4267-926e-9463e171f71e,12/4/2016 1:10,0,205581.0
8661,4a5cf927-5e23-4267-926e-9463e171f71e,12/4/2016 0:10,0,205581.0
8662,4a5cf927-5e23-4267-926e-9463e171f71e,11/4/2016 23:10,0,205581.0
8663,4a5cf927-5e23-4267-926e-9463e171f71e,11/4/2016 22:10,0,205581.0
8664,4a5cf927-5e23-4267-926e-9463e171f71e,11/4/2016 21:10,0,205581.0
8665,4a5cf927-5e23-4267-926e-9463e171f71e,11/4/2016 20:10,0,205581.0
8666,4a5cf927-5e23-4267-926e-9463e171f71e,11/4/2016 19:10,1,205581.0
8667,4a5cf927-5e23-4267-926e-9463e171f71e,11/4/2016 18:10,0,205580.0
8668,4a5cf927-5e23-4267-926e-9463e171f71e,11/4/2016 17:10,0,205580.0
8669,4a5cf927-5e23-4267-926e-9463e171f71e,11/4/2016 16:10,0,205580.0
8670,4a5cf927-5e23-4267-926e-9463e171f71e,11/4/2016 15:10,0,205580.0
8671,4a5cf927-5e23-4267-926e-9463e171f71e,11/4/2016 14:10,0,205580.0
8672,4a5cf927-5e23-4267-926e-9463e171f71e,11/4/2016 13:10,0,205580.0
8673,4a5cf927-5e23-4267-926e-9463e171f71e,11/4/2016 12:10,0,205580.0
8674,4a5cf927-5e23-4267-926e-9463e171f71e,11/4/2016 11:10,0,205580.0
8675,4a5cf927-5e23-4267-926e-9463e171f71e,11/4/2016 10:10,0,205580.0
8676,4a5cf927-5e23-4267-926e-9463e171f71e,11/4/2016 9:10,0,205580.0
8677,4a5cf927-5e23-4267-926e-9463e171f71e,11/4/2016 8:10,0,205580.0
8678,4a5cf927-5e23-4267-926e-9463e171f71e,11/4/2016 3:10,0,205580.0
8679,4a5cf927-5e23-4267-926e-9463e171f71e,11/4/2016 2:10,0,205580.0
8680,4a5cf927-5e23-4267-926e-9463e171f71e,11/4/2016 1:10,0,205580.0
8681,4a5cf927-5e23-4267-926e-9463e171f71e,11/4/2016 0:10,1,205580.0
8682,4a5cf927-5e23-4267-926e-9463e171f71e,10/4/2016 19:10,0,205579.0
8683,4a5cf927-5e23-4267-926e-9463e171f71e,10/4/2016 18:10,0,205579.0
8684,4a5cf927-5e23-4267-926e-9463e171f71e,10/4/2016 17:10,0,205579.0
8685,4a5cf927-5e23-4267-926e-9463e171f71e,10/4/2016 16:10,0,205579.0
8686,4a5cf927-5e23-4267-926e-9463e171f71e,10/4/2016 15:10,0,205579.0
8687,4a5cf927-5e23-4267-926e-9463e171f71e,10/4/2016 14:10,0,205579.0
8688,4a5cf927-5e23-4267-926e-9463e171f71e,10/4/2016 13:10,0,205579.0
8689,4a5cf927-5e23-4267-926e-9463e171f71e,10/4/2016 12:10,0,205579.0
8690,4a5cf927-5e23-4267-926e-9463e171f71e,10/4/2016 11:10,3,205579.0
8691,4a5cf927-5e23-4267-926e-9463e171f71e,10/4/2016 10:10,25,205576.0
8692,4a5cf927-5e23-4267-926e-9463e171f71e,10/4/2016 9:10,136,205551.0
8693,4a5cf927-5e23-4267-926e-9463e171f71e,10/4/2016 8:10,0,205415.0
8694,4a5cf927-5e23-4267-926e-9463e171f71e,10/4/2016 7:10,0,205415.0
8695,4a5cf927-5e23-4267-926e-9463e171f71e,10/4/2016 6:10,0,205415.0
8696,4a5cf927-5e23-4267-926e-9463e171f71e,10/4/2016 5:10,0,205415.0
8697,4a5cf927-5e23-4267-926e-9463e171f71e,10/4/2016 4:10,31,205415.0
8698,4a5cf927-5e23-4267-926e-9463e171f71e,9/4/2016 23:10,4,205384.0
8699,4a5cf927-5e23-4267-926e-9463e171f71e,9/4/2016 22:10,2,205380.0
8700,4a5cf927-5e23-4267-926e-9463e171f71e,9/4/2016 21:10,0,205378.0
8701,4a5cf927-5e23-4267-926e-9463e171f71e,9/4/2016 20:10,0,205378.0
8702,4a5cf927-5e23-4267-926e-9463e171f71e,9/4/2016 19:10,4,205378.0
8703,4a5cf927-5e23-4267-926e-9463e171f71e,9/4/2016 18:10,0,205374.0
8704,4a5cf927-5e23-4267-926e-9463e171f71e,9/4/2016 17:10,2,205374.0
8705,4a5cf927-5e23-4267-926e-9463e171f71e,9/4/2016 16:10,3,205372.0
8706,4a5cf927-5e23-4267-926e-9463e171f71e,9/4/2016 15:10,9,205369.0
8707,4a5cf927-5e23-4267-926e-9463e171f71e,9/4/2016 14:10,0,205360.0
8708,4a5cf927-5e23-4267-926e-9463e171f71e,9/4/2016 13:10,75,205360.0
8709,4a5cf927-5e23-4267-926e-9463e171f71e,9/4/2016 12:10,19,205285.0
8710,4a5cf927-5e23-4267-926e-9463e171f71e,9/4/2016 11:10,35,205266.0
8711,4a5cf927-5e23-4267-926e-9463e171f71e,9/4/2016 10:10,24,205231.0
8712,4a5cf927-5e23-4267-926e-9463e171f71e,9/4/2016 9:10,6,205207.0
8713,4a5cf927-5e23-4267-926e-9463e171f71e,9/4/2016 8:10,0,205201.0
8714,4a5cf927-5e23-4267-926e-9463e171f71e,9/4/2016 7:10,0,205201.0
8715,4a5cf927-5e23-4267-926e-9463e171f71e,9/4/2016 6:10,0,205201.0
8716,4a5cf927-5e23-4267-926e-9463e171f71e,9/4/2016 5:10,0,205201.0
8717,4a5cf927-5e23-4267-926e-9463e171f71e,9/4/2016 4:10,0,205201.0
8718,4a5cf927-5e23-4267-926e-9463e171f71e,9/4/2016 3:10,0,205201.0
8719,4a5cf927-5e23-4267-926e-9463e171f71e,9/4/2016 2:10,0,205201.0
8720,4a5cf927-5e23-4267-926e-9463e171f71e,9/4/2016 1:10,13,205201.0
8721,4a5cf927-5e23-4267-926e-9463e171f71e,9/4/2016 0:10,0,205188.0
8722,4a5cf927-5e23-4267-926e-9463e171f71e,8/4/2016 23:10,7,205188.0
8723,4a5cf927-5e23-4267-926e-9463e171f71e,8/4/2016 22:10,0,205181.0
8724,4a5cf927-5e23-4267-926e-9463e171f71e,8/4/2016 21:10,0,205181.0
8725,4a5cf927-5e23-4267-926e-9463e171f71e,8/4/2016 20:10,2,205181.0
8726,4a5cf927-5e23-4267-926e-9463e171f71e,8/4/2016 19:10,2,205179.0
8727,4a5cf927-5e23-4267-926e-9463e171f71e,8/4/2016 18:10,15,205177.0
8728,4a5cf927-5e23-4267-926e-9463e171f71e,8/4/2016 17:10,7,205162.0
8729,4a5cf927-5e23-4267-926e-9463e171f71e,8/4/2016 16:10,12,205155.0
8730,4a5cf927-5e23-4267-926e-9463e171f71e,8/4/2016 15:10,10,205143.0
8731,4a5cf927-5e23-4267-926e-9463e171f71e,8/4/2016 14:10,0,205133.0
8732,4a5cf927-5e23-4267-926e-9463e171f71e,8/4/2016 13:10,4,205133.0
8733,4a5cf927-5e23-4267-926e-9463e171f71e,8/4/2016 12:10,232,205129.0
8734,4a5cf927-5e23-4267-926e-9463e171f71e,8/4/2016 7:10,0,204897.0
8735,4a5cf927-5e23-4267-926e-9463e171f71e,8/4/2016 6:10,0,204897.0
8736,4a5cf927-5e23-4267-926e-9463e171f71e,8/4/2016 5:10,0,204897.0
8737,4a5cf927-5e23-4267-926e-9463e171f71e,8/4/2016 4:10,0,204897.0
8738,4a5cf927-5e23-4267-926e-9463e171f71e,8/4/2016 3:10,0,204897.0
8739,4a5cf927-5e23-4267-926e-9463e171f71e,8/4/2016 2:10,0,204897.0
8740,4a5cf927-5e23-4267-926e-9463e171f71e,8/4/2016 1:10,0,204897.0
8741,4a5cf927-5e23-4267-926e-9463e171f71e,8/4/2016 0:10,109,204897.0
8742,4a5cf927-5e23-4267-926e-9463e171f71e,7/4/2016 19:10,0,204788.0
8743,4a5cf927-5e23-4267-926e-9463e171f71e,7/4/2016 18:10,0,204788.0
8744,4a5cf927-5e23-4267-926e-9463e171f71e,7/4/2016 17:10,0,204788.0
8745,4a5cf927-5e23-4267-926e-9463e171f71e,7/4/2016 16:10,9,204788.0
8746,4a5cf927-5e23-4267-926e-9463e171f71e,7/4/2016 11:12,81,204779.0
8747,4a5cf927-5e23-4267-926e-9463e171f71e,7/4/2016 10:12,12,204698.0
8748,4a5cf927-5e23-4267-926e-9463e171f71e,7/4/2016 9:12,5,204686.0
8749,4a5cf927-5e23-4267-926e-9463e171f71e,7/4/2016 8:12,65,204681.0
8750,4a5cf927-5e23-4267-926e-9463e171f71e,7/4/2016 7:10,59,204616.0
8751,4a5cf927-5e23-4267-926e-9463e171f71e,7/4/2016 6:10,0,204557.0
8752,4a5cf927-5e23-4267-926e-9463e171f71e,7/4/2016 5:10,0,204557.0
8753,4a5cf927-5e23-4267-926e-9463e171f71e,7/4/2016 4:10,24,204557.0
8754,4a5cf927-5e23-4267-926e-9463e171f71e,6/4/2016 23:10,7,204533.0
8755,4a5cf927-5e23-4267-926e-9463e171f71e,6/4/2016 22:10,14,204526.0
8756,4a5cf927-5e23-4267-926e-9463e171f71e,6/4/2016 21:10,7,204512.0
8757,4a5cf927-5e23-4267-926e-9463e171f71e,6/4/2016 20:10,0,204505.0
8758,4a5cf927-5e23-4267-926e-9463e171f71e,6/4/2016 19:13,1,204505.0
8759,4a5cf927-5e23-4267-926e-9463e171f71e,6/4/2016 18:13,8,204504.0
8760,4a5cf927-5e23-4267-926e-9463e171f71e,6/4/2016 17:13,4,204496.0
8761,4a5cf927-5e23-4267-926e-9463e171f71e,6/4/2016 16:13,1,204492.0
8762,4a5cf927-5e23-4267-926e-9463e171f71e,6/4/2016 15:10,0,204491.0
8763,4a5cf927-5e23-4267-926e-9463e171f71e,6/4/2016 14:10,0,204491.0
8764,4a5cf927-5e23-4267-926e-9463e171f71e,6/4/2016 13:10,71,204491.0
8765,4a5cf927-5e23-4267-926e-9463e171f71e,6/4/2016 12:10,29,204420.0
8766,4a5cf927-5e23-4267-926e-9463e171f71e,6/4/2016 11:10,8,204391.0
8767,4a5cf927-5e23-4267-926e-9463e171f71e,6/4/2016 10:10,34,204383.0
8768,4a5cf927-5e23-4267-926e-9463e171f71e,6/4/2016 9:10,0,204349.0
8769,4a5cf927-5e23-4267-926e-9463e171f71e,6/4/2016 8:10,0,204349.0
8770,4a5cf927-5e23-4267-926e-9463e171f71e,6/4/2016 7:10,0,204349.0
8771,4a5cf927-5e23-4267-926e-9463e171f71e,6/4/2016 6:10,0,204349.0
8772,4a5cf927-5e23-4267-926e-9463e171f71e,6/4/2016 5:10,0,204349.0
8773,4a5cf927-5e23-4267-926e-9463e171f71e,6/4/2016 4:10,0,204349.0
8774,4a5cf927-5e23-4267-926e-9463e171f71e,6/4/2016 3:10,0,204349.0
8775,4a5cf927-5e23-4267-926e-9463e171f71e,6/4/2016 2:10,0,204349.0
8776,4a5cf927-5e23-4267-926e-9463e171f71e,6/4/2016 1:10,3,204349.0
8777,4a5cf927-5e23-4267-926e-9463e171f71e,6/4/2016 0:10,4,204346.0
8778,4a5cf927-5e23-4267-926e-9463e171f71e,5/4/2016 23:10,36,204342.0
8779,4a5cf927-5e23-4267-926e-9463e171f71e,5/4/2016 22:10,7,204306.0
8780,4a5cf927-5e23-4267-926e-9463e171f71e,5/4/2016 21:10,10,204299.0
8781,4a5cf927-5e23-4267-926e-9463e171f71e,5/4/2016 20:10,0,204289.0
8782,4a5cf927-5e23-4267-926e-9463e171f71e,5/4/2016 19:10,0,204289.0
8783,4a5cf927-5e23-4267-926e-9463e171f71e,5/4/2016 18:10,0,204289.0
8784,4a5cf927-5e23-4267-926e-9463e171f71e,5/4/2016 17:10,11,204289.0
8785,4a5cf927-5e23-4267-926e-9463e171f71e,5/4/2016 16:10,29,204278.0
8786,4a5cf927-5e23-4267-926e-9463e171f71e,5/4/2016 15:10,8,204249.0
8787,4a5cf927-5e23-4267-926e-9463e171f71e,5/4/2016 14:10,0,204241.0
8788,4a5cf927-5e23-4267-926e-9463e171f71e,5/4/2016 13:10,0,204241.0
8789,4a5cf927-5e23-4267-926e-9463e171f71e,5/4/2016 12:10,90,204241.0
8790,4a5cf927-5e23-4267-926e-9463e171f71e,5/4/2016 11:10,18,204151.0
8791,4a5cf927-5e23-4267-926e-9463e171f71e,5/4/2016 10:10,22,204133.0
8792,4a5cf927-5e23-4267-926e-9463e171f71e,5/4/2016 9:10,0,204111.0
8793,4a5cf927-5e23-4267-926e-9463e171f71e,5/4/2016 8:10,0,204111.0
8794,4a5cf927-5e23-4267-926e-9463e171f71e,5/4/2016 3:10,0,204111.0
8795,4a5cf927-5e23-4267-926e-9463e171f71e,5/4/2016 2:10,0,204111.0
8796,4a5cf927-5e23-4267-926e-9463e171f71e,5/4/2016 1:10,0,204111.0
8797,4a5cf927-5e23-4267-926e-9463e171f71e,5/4/2016 0:10,5,204111.0
8798,4a5cf927-5e23-4267-926e-9463e171f71e,4/4/2016 23:10,6,204106.0
8799,4a5cf927-5e23-4267-926e-9463e171f71e,4/4/2016 22:10,33,204100.0
8800,4a5cf927-5e23-4267-926e-9463e171f71e,4/4/2016 21:10,0,204067.0
8801,4a5cf927-5e23-4267-926e-9463e171f71e,4/4/2016 20:10,14,204067.0
8802,4a5cf927-5e23-4267-926e-9463e171f71e,4/4/2016 15:10,0,204053.0
8803,4a5cf927-5e23-4267-926e-9463e171f71e,4/4/2016 14:10,12,204053.0
8804,4a5cf927-5e23-4267-926e-9463e171f71e,4/4/2016 13:10,4,204041.0
8805,4a5cf927-5e23-4267-926e-9463e171f71e,4/4/2016 12:10,80,204037.0
8806,4a5cf927-5e23-4267-926e-9463e171f71e,4/4/2016 11:10,10,203957.0
8807,4a5cf927-5e23-4267-926e-9463e171f71e,4/4/2016 10:10,73,203947.0
8808,4a5cf927-5e23-4267-926e-9463e171f71e,4/4/2016 9:10,0,203874.0
8809,4a5cf927-5e23-4267-926e-9463e171f71e,4/4/2016 8:10,0,203874.0
8810,4a5cf927-5e23-4267-926e-9463e171f71e,4/4/2016 7:10,0,203874.0
8811,4a5cf927-5e23-4267-926e-9463e171f71e,4/4/2016 6:10,0,203874.0
8812,4a5cf927-5e23-4267-926e-9463e171f71e,4/4/2016 5:10,0,203874.0
8813,4a5cf927-5e23-4267-926e-9463e171f71e,4/4/2016 4:10,0,203874.0
8814,4a5cf927-5e23-4267-926e-9463e171f71e,4/4/2016 3:10,0,203874.0
8815,4a5cf927-5e23-4267-926e-9463e171f71e,4/4/2016 2:10,2,203874.0
8816,4a5cf927-5e23-4267-926e-9463e171f71e,4/4/2016 1:10,0,203872.0
8817,4a5cf927-5e23-4267-926e-9463e171f71e,4/4/2016 0:10,5,203872.0
8818,4a5cf927-5e23-4267-926e-9463e171f71e,3/4/2016 23:10,42,203867.0
8819,4a5cf927-5e23-4267-926e-9463e171f71e,3/4/2016 22:10,23,203825.0
8820,4a5cf927-5e23-4267-926e-9463e171f71e,3/4/2016 21:10,0,203802.0
8821,4a5cf927-5e23-4267-926e-9463e171f71e,3/4/2016 20:10,4,203802.0
8822,4a5cf927-5e23-4267-926e-9463e171f71e,3/4/2016 19:10,8,203798.0
8823,4a5cf927-5e23-4267-926e-9463e171f71e,3/4/2016 18:10,4,203790.0
8824,4a5cf927-5e23-4267-926e-9463e171f71e,3/4/2016 17:10,12,203786.0
8825,4a5cf927-5e23-4267-926e-9463e171f71e,3/4/2016 16:10,33,203774.0
8826,4a5cf927-5e23-4267-926e-9463e171f71e,3/4/2016 15:10,0,203741.0
8827,4a5cf927-5e23-4267-926e-9463e171f71e,3/4/2016 14:10,17,203741.0
8828,4a5cf927-5e23-4267-926e-9463e171f71e,3/4/2016 13:10,93,203724.0
8829,4a5cf927-5e23-4267-926e-9463e171f71e,3/4/2016 12:10,5,203631.0
8830,4a5cf927-5e23-4267-926e-9463e171f71e,3/4/2016 11:10,23,203626.0
8831,4a5cf927-5e23-4267-926e-9463e171f71e,3/4/2016 10:10,0,203603.0
8832,4a5cf927-5e23-4267-926e-9463e171f71e,3/4/2016 9:10,0,203603.0
8833,4a5cf927-5e23-4267-926e-9463e171f71e,3/4/2016 8:10,0,203603.0
8834,4a5cf927-5e23-4267-926e-9463e171f71e,3/4/2016 7:10,0,203603.0
8835,4a5cf927-5e23-4267-926e-9463e171f71e,3/4/2016 6:10,0,203603.0
8836,4a5cf927-5e23-4267-926e-9463e171f71e,3/4/2016 5:10,0,203603.0
8837,4a5cf927-5e23-4267-926e-9463e171f71e,3/4/2016 4:10,6,203603.0
8838,4a5cf927-5e23-4267-926e-9463e171f71e,2/4/2016 23:10,3,203597.0
8839,4a5cf927-5e23-4267-926e-9463e171f71e,2/4/2016 22:10,0,203594.0
8840,4a5cf927-5e23-4267-926e-9463e171f71e,2/4/2016 21:10,6,203594.0
8841,4a5cf927-5e23-4267-926e-9463e171f71e,2/4/2016 20:10,0,203588.0
8842,4a5cf927-5e23-4267-926e-9463e171f71e,2/4/2016 19:10,0,203588.0
8843,4a5cf927-5e23-4267-926e-9463e171f71e,2/4/2016 18:10,1,203588.0
8844,4a5cf927-5e23-4267-926e-9463e171f71e,2/4/2016 17:10,25,203587.0
8845,4a5cf927-5e23-4267-926e-9463e171f71e,2/4/2016 16:10,7,203562.0
8846,4a5cf927-5e23-4267-926e-9463e171f71e,2/4/2016 15:10,0,203555.0
8847,4a5cf927-5e23-4267-926e-9463e171f71e,2/4/2016 14:10,0,203555.0
8848,4a5cf927-5e23-4267-926e-9463e171f71e,2/4/2016 13:10,94,203555.0
8849,4a5cf927-5e23-4267-926e-9463e171f71e,2/4/2016 12:10,8,203461.0
8850,4a5cf927-5e23-4267-926e-9463e171f71e,2/4/2016 11:10,10,203453.0
8851,4a5cf927-5e23-4267-926e-9463e171f71e,2/4/2016 10:10,17,203443.0
8852,4a5cf927-5e23-4267-926e-9463e171f71e,2/4/2016 9:10,0,203426.0
8853,4a5cf927-5e23-4267-926e-9463e171f71e,2/4/2016 8:10,0,203426.0
8854,4a5cf927-5e23-4267-926e-9463e171f71e,2/4/2016 7:10,0,203426.0
8855,4a5cf927-5e23-4267-926e-9463e171f71e,2/4/2016 6:10,0,203426.0
8856,4a5cf927-5e23-4267-926e-9463e171f71e,2/4/2016 5:10,0,203426.0
8857,4a5cf927-5e23-4267-926e-9463e171f71e,2/4/2016 4:10,0,203426.0
8858,4a5cf927-5e23-4267-926e-9463e171f71e,2/4/2016 3:10,0,203426.0
8859,4a5cf927-5e23-4267-926e-9463e171f71e,2/4/2016 2:10,1,203426.0
8860,4a5cf927-5e23-4267-926e-9463e171f71e,2/4/2016 1:10,8,203425.0
8861,4a5cf927-5e23-4267-926e-9463e171f71e,2/4/2016 0:10,11,203417.0
8862,4a5cf927-5e23-4267-926e-9463e171f71e,1/4/2016 23:10,8,203406.0
8863,4a5cf927-5e23-4267-926e-9463e171f71e,1/4/2016 22:10,0,203398.0
8864,4a5cf927-5e23-4267-926e-9463e171f71e,1/4/2016 21:10,0,203398.0
8865,4a5cf927-5e23-4267-926e-9463e171f71e,1/4/2016 20:10,7,203398.0
8866,4a5cf927-5e23-4267-926e-9463e171f71e,1/4/2016 19:10,21,203391.0
8867,4a5cf927-5e23-4267-926e-9463e171f71e,1/4/2016 18:10,0,203370.0
8868,4a5cf927-5e23-4267-926e-9463e171f71e,1/4/2016 17:10,15,203370.0
8869,4a5cf927-5e23-4267-926e-9463e171f71e,1/4/2016 16:10,0,203355.0
8870,4a5cf927-5e23-4267-926e-9463e171f71e,1/4/2016 15:10,2,203355.0
8871,4a5cf927-5e23-4267-926e-9463e171f71e,1/4/2016 14:10,68,203353.0
8872,4a5cf927-5e23-4267-926e-9463e171f71e,1/4/2016 13:10,0,203285.0
8873,4a5cf927-5e23-4267-926e-9463e171f71e,1/4/2016 12:10,14,203285.0
8874,4a5cf927-5e23-4267-926e-9463e171f71e,1/4/2016 11:10,5,203271.0
8875,4a5cf927-5e23-4267-926e-9463e171f71e,1/4/2016 10:10,82,203266.0
8876,4a5cf927-5e23-4267-926e-9463e171f71e,1/4/2016 9:10,6,203184.0
8877,4a5cf927-5e23-4267-926e-9463e171f71e,1/4/2016 8:10,0,203178.0
8878,4a5cf927-5e23-4267-926e-9463e171f71e,1/4/2016 7:10,0,203178.0
8879,4a5cf927-5e23-4267-926e-9463e171f71e,1/4/2016 6:10,0,203178.0
8880,4a5cf927-5e23-4267-926e-9463e171f71e,1/4/2016 5:10,0,203178.0
8881,4a5cf927-5e23-4267-926e-9463e171f71e,1/4/2016 4:10,0,203178.0
8882,4a5cf927-5e23-4267-926e-9463e171f71e,1/4/2016 3:10,0,203178.0
8883,4a5cf927-5e23-4267-926e-9463e171f71e,1/4/2016 2:10,4,203178.0
8884,4a5cf927-5e23-4267-926e-9463e171f71e,1/4/2016 1:10,27,203174.0
8885,4a5cf927-5e23-4267-926e-9463e171f71e,1/4/2016 0:10,11,203147.0
8886,4a5cf927-5e23-4267-926e-9463e171f71e,31/03/2016 23:10:34,1,203136.0
8887,4a5cf927-5e23-4267-926e-9463e171f71e,31/03/2016 22:10:34,10,203135.0
8888,4a5cf927-5e23-4267-926e-9463e171f71e,31/03/2016 21:10:34,14,203125.0
8889,4a5cf927-5e23-4267-926e-9463e171f71e,31/03/2016 20:10:34,0,203111.0
8890,4a5cf927-5e23-4267-926e-9463e171f71e,31/03/2016 19:10:37,10,203111.0
8891,4a5cf927-5e23-4267-926e-9463e171f71e,31/03/2016 18:10:37,7,203101.0
8892,4a5cf927-5e23-4267-926e-9463e171f71e,31/03/2016 17:10:37,59,203094.0
8893,4a5cf927-5e23-4267-926e-9463e171f71e,31/03/2016 16:10:37,6,203035.0
8894,4a5cf927-5e23-4267-926e-9463e171f71e,31/03/2016 15:10:36,11,203029.0
8895,4a5cf927-5e23-4267-926e-9463e171f71e,31/03/2016 14:10:36,6,203018.0
8896,4a5cf927-5e23-4267-926e-9463e171f71e,31/03/2016 13:10:36,61,203012.0
8897,4a5cf927-5e23-4267-926e-9463e171f71e,31/03/2016 12:10:36,12,202951.0
8898,4a5cf927-5e23-4267-926e-9463e171f71e,31/03/2016 11:10:37,42,202939.0
8899,4a5cf927-5e23-4267-926e-9463e171f71e,31/03/2016 10:10:37,31,202897.0
8900,4a5cf927-5e23-4267-926e-9463e171f71e,31/03/2016 09:10:37,6,202866.0
8901,4a5cf927-5e23-4267-926e-9463e171f71e,31/03/2016 08:10:37,1,202860.0
8902,4a5cf927-5e23-4267-926e-9463e171f71e,31/03/2016 07:10:36,0,202859.0
8903,4a5cf927-5e23-4267-926e-9463e171f71e,31/03/2016 06:10:36,0,202859.0
8904,4a5cf927-5e23-4267-926e-9463e171f71e,31/03/2016 05:10:36,0,202859.0
8905,4a5cf927-5e23-4267-926e-9463e171f71e,31/03/2016 04:10:36,6,202859.0
8906,4a5cf927-5e23-4267-926e-9463e171f71e,30/03/2016 23:10:36,12,202853.0
8907,4a5cf927-5e23-4267-926e-9463e171f71e,30/03/2016 22:10:36,0,202841.0
8908,4a5cf927-5e23-4267-926e-9463e171f71e,30/03/2016 21:10:36,0,202841.0
8909,4a5cf927-5e23-4267-926e-9463e171f71e,30/03/2016 20:10:36,10,202841.0
8910,4a5cf927-5e23-4267-926e-9463e171f71e,30/03/2016 19:10:38,11,202831.0
8911,4a5cf927-5e23-4267-926e-9463e171f71e,30/03/2016 18:10:38,0,202820.0
8912,4a5cf927-5e23-4267-926e-9463e171f71e,30/03/2016 17:10:38,5,202820.0
8913,4a5cf927-5e23-4267-926e-9463e171f71e,30/03/2016 16:10:38,152,202815.0
8914,4a5cf927-5e23-4267-926e-9463e171f71e,30/03/2016 11:10:40,13,202663.0
8915,4a5cf927-5e23-4267-926e-9463e171f71e,30/03/2016 10:10:40,19,202650.0
8916,4a5cf927-5e23-4267-926e-9463e171f71e,30/03/2016 09:10:40,11,202631.0
8917,4a5cf927-5e23-4267-926e-9463e171f71e,30/03/2016 08:10:40,0,202620.0
8918,4a5cf927-5e23-4267-926e-9463e171f71e,30/03/2016 03:10:38,0,202620.0
8919,4a5cf927-5e23-4267-926e-9463e171f71e,30/03/2016 02:10:38,2,202620.0
8920,4a5cf927-5e23-4267-926e-9463e171f71e,30/03/2016 01:10:38,0,202618.0
8921,4a5cf927-5e23-4267-926e-9463e171f71e,30/03/2016 00:10:38,6,202618.0
8922,4a5cf927-5e23-4267-926e-9463e171f71e,29/03/2016 23:10:38,0,202612.0
8923,4a5cf927-5e23-4267-926e-9463e171f71e,29/03/2016 22:10:38,0,202612.0
8924,4a5cf927-5e23-4267-926e-9463e171f71e,29/03/2016 21:10:38,0,202612.0
8925,4a5cf927-5e23-4267-926e-9463e171f71e,29/03/2016 20:10:38,12,202612.0
8926,4a5cf927-5e23-4267-926e-9463e171f71e,29/03/2016 19:10:40,0,202600.0
8927,4a5cf927-5e23-4267-926e-9463e171f71e,29/03/2016 18:10:40,10,202600.0
8928,4a5cf927-5e23-4267-926e-9463e171f71e,29/03/2016 17:10:40,12,202590.0
8929,4a5cf927-5e23-4267-926e-9463e171f71e,29/03/2016 16:10:40,40,202578.0
8930,4a5cf927-5e23-4267-926e-9463e171f71e,29/03/2016 15:10:42,53,202538.0
8931,4a5cf927-5e23-4267-926e-9463e171f71e,29/03/2016 14:10:42,13,202485.0
8932,4a5cf927-5e23-4267-926e-9463e171f71e,29/03/2016 13:10:42,17,202472.0
8933,4a5cf927-5e23-4267-926e-9463e171f71e,29/03/2016 12:10:42,58,202455.0
8934,4a5cf927-5e23-4267-926e-9463e171f71e,29/03/2016 11:10:41,0,202397.0
8935,4a5cf927-5e23-4267-926e-9463e171f71e,29/03/2016 10:10:41,6,202397.0
8936,4a5cf927-5e23-4267-926e-9463e171f71e,29/03/2016 09:10:41,0,202391.0
8937,4a5cf927-5e23-4267-926e-9463e171f71e,29/03/2016 08:10:41,1,202391.0
8938,4a5cf927-5e23-4267-926e-9463e171f71e,29/03/2016 03:10:42,0,202390.0
8939,4a5cf927-5e23-4267-926e-9463e171f71e,29/03/2016 02:10:42,0,202390.0
8940,4a5cf927-5e23-4267-926e-9463e171f71e,29/03/2016 01:10:42,0,202390.0
8941,4a5cf927-5e23-4267-926e-9463e171f71e,29/03/2016 00:10:42,3,202390.0
8942,4a5cf927-5e23-4267-926e-9463e171f71e,28/03/2016 23:10:42,5,202387.0
8943,4a5cf927-5e23-4267-926e-9463e171f71e,28/03/2016 22:10:42,4,202382.0
8944,4a5cf927-5e23-4267-926e-9463e171f71e,28/03/2016 21:10:42,1,202378.0
8945,4a5cf927-5e23-4267-926e-9463e171f71e,28/03/2016 20:10:42,0,202377.0
8946,4a5cf927-5e23-4267-926e-9463e171f71e,28/03/2016 19:10:43,11,202377.0
8947,4a5cf927-5e23-4267-926e-9463e171f71e,28/03/2016 18:10:43,3,202366.0
8948,4a5cf927-5e23-4267-926e-9463e171f71e,28/03/2016 17:10:43,11,202363.0
8949,4a5cf927-5e23-4267-926e-9463e171f71e,28/03/2016 16:10:43,17,202352.0
8950,4a5cf927-5e23-4267-926e-9463e171f71e,28/03/2016 15:10:44,50,202335.0
8951,4a5cf927-5e23-4267-926e-9463e171f71e,28/03/2016 14:10:44,10,202285.0
8952,4a5cf927-5e23-4267-926e-9463e171f71e,28/03/2016 13:10:44,92,202275.0
8953,4a5cf927-5e23-4267-926e-9463e171f71e,28/03/2016 12:10:44,44,202183.0
8954,4a5cf927-5e23-4267-926e-9463e171f71e,28/03/2016 11:10:45,30,202139.0
8955,4a5cf927-5e23-4267-926e-9463e171f71e,28/03/2016 10:10:45,9,202109.0
8956,4a5cf927-5e23-4267-926e-9463e171f71e,28/03/2016 09:10:45,0,202100.0
8957,4a5cf927-5e23-4267-926e-9463e171f71e,28/03/2016 08:10:45,0,202100.0
8958,4a5cf927-5e23-4267-926e-9463e171f71e,28/03/2016 07:10:42,0,202100.0
8959,4a5cf927-5e23-4267-926e-9463e171f71e,28/03/2016 06:10:42,0,202100.0
8960,4a5cf927-5e23-4267-926e-9463e171f71e,28/03/2016 05:10:42,0,202100.0
8961,4a5cf927-5e23-4267-926e-9463e171f71e,28/03/2016 04:10:42,0,202100.0
8962,4a5cf927-5e23-4267-926e-9463e171f71e,28/03/2016 03:10:44,0,202100.0
8963,4a5cf927-5e23-4267-926e-9463e171f71e,28/03/2016 02:10:44,0,202100.0
8964,4a5cf927-5e23-4267-926e-9463e171f71e,28/03/2016 01:10:44,2,202100.0
8965,4a5cf927-5e23-4267-926e-9463e171f71e,28/03/2016 00:10:44,13,202098.0
8966,4a5cf927-5e23-4267-926e-9463e171f71e,27/03/2016 23:10:44,12,202085.0
8967,4a5cf927-5e23-4267-926e-9463e171f71e,27/03/2016 22:10:44,12,202073.0
8968,4a5cf927-5e23-4267-926e-9463e171f71e,27/03/2016 21:10:44,6,202061.0
8969,4a5cf927-5e23-4267-926e-9463e171f71e,27/03/2016 20:10:44,0,202055.0
8970,4a5cf927-5e23-4267-926e-9463e171f71e,27/03/2016 19:10:45,0,202055.0
8971,4a5cf927-5e23-4267-926e-9463e171f71e,27/03/2016 18:10:45,0,202055.0
8972,4a5cf927-5e23-4267-926e-9463e171f71e,27/03/2016 17:10:45,12,202055.0
8973,4a5cf927-5e23-4267-926e-9463e171f71e,27/03/2016 16:10:45,11,202043.0
8974,4a5cf927-5e23-4267-926e-9463e171f71e,27/03/2016 15:10:44,0,202032.0
8975,4a5cf927-5e23-4267-926e-9463e171f71e,27/03/2016 14:10:44,3,202032.0
8976,4a5cf927-5e23-4267-926e-9463e171f71e,27/03/2016 13:10:44,4,202029.0
8977,4a5cf927-5e23-4267-926e-9463e171f71e,27/03/2016 12:10:44,95,202025.0
8978,4a5cf927-5e23-4267-926e-9463e171f71e,27/03/2016 11:10:47,45,201930.0
8979,4a5cf927-5e23-4267-926e-9463e171f71e,27/03/2016 10:10:47,32,201885.0
8980,4a5cf927-5e23-4267-926e-9463e171f71e,27/03/2016 09:10:47,20,201853.0
8981,4a5cf927-5e23-4267-926e-9463e171f71e,27/03/2016 08:10:47,0,201833.0
8982,4a5cf927-5e23-4267-926e-9463e171f71e,27/03/2016 07:10:46,0,201833.0
8983,4a5cf927-5e23-4267-926e-9463e171f71e,27/03/2016 06:10:46,0,201833.0
8984,4a5cf927-5e23-4267-926e-9463e171f71e,27/03/2016 05:10:46,0,201833.0
8985,4a5cf927-5e23-4267-926e-9463e171f71e,27/03/2016 04:10:46,53,201833.0
8986,4a5cf927-5e23-4267-926e-9463e171f71e,26/03/2016 18:10:50,3,201780.0
8987,4a5cf927-5e23-4267-926e-9463e171f71e,26/03/2016 17:10:50,0,201777.0
8988,4a5cf927-5e23-4267-926e-9463e171f71e,26/03/2016 16:10:50,13,201777.0
8989,4a5cf927-5e23-4267-926e-9463e171f71e,26/03/2016 15:10:50,0,201764.0
8990,4a5cf927-5e23-4267-926e-9463e171f71e,26/03/2016 14:10:47,0,201764.0
8991,4a5cf927-5e23-4267-926e-9463e171f71e,26/03/2016 13:10:47,0,201764.0
8992,4a5cf927-5e23-4267-926e-9463e171f71e,26/03/2016 12:10:47,27,201764.0
8993,4a5cf927-5e23-4267-926e-9463e171f71e,26/03/2016 11:10:47,8,201737.0
8994,4a5cf927-5e23-4267-926e-9463e171f71e,26/03/2016 10:10:48,69,201729.0
8995,4a5cf927-5e23-4267-926e-9463e171f71e,26/03/2016 09:10:48,10,201660.0
8996,4a5cf927-5e23-4267-926e-9463e171f71e,26/03/2016 08:10:48,0,201650.0
8997,4a5cf927-5e23-4267-926e-9463e171f71e,26/03/2016 07:10:48,0,201650.0
8998,4a5cf927-5e23-4267-926e-9463e171f71e,26/03/2016 06:10:47,0,201650.0
8999,4a5cf927-5e23-4267-926e-9463e171f71e,26/03/2016 05:10:47,0,201650.0
9000,4a5cf927-5e23-4267-926e-9463e171f71e,26/03/2016 04:10:47,0,201650.0
9001,4a5cf927-5e23-4267-926e-9463e171f71e,26/03/2016 03:10:47,26,201650.0
9002,4a5cf927-5e23-4267-926e-9463e171f71e,25/03/2016 22:10:47,0,201624.0
9003,4a5cf927-5e23-4267-926e-9463e171f71e,25/03/2016 21:10:47,0,201624.0
9004,4a5cf927-5e23-4267-926e-9463e171f71e,25/03/2016 20:10:47,0,201624.0
9005,4a5cf927-5e23-4267-926e-9463e171f71e,25/03/2016 19:10:47,10,201624.0
9006,4a5cf927-5e23-4267-926e-9463e171f71e,25/03/2016 18:10:50,0,201614.0
9007,4a5cf927-5e23-4267-926e-9463e171f71e,25/03/2016 17:10:50,9,201614.0
9008,4a5cf927-5e23-4267-926e-9463e171f71e,25/03/2016 16:10:50,0,201605.0
9009,4a5cf927-5e23-4267-926e-9463e171f71e,25/03/2016 15:10:50,2,201605.0
9010,4a5cf927-5e23-4267-926e-9463e171f71e,25/03/2016 14:10:49,4,201603.0
9011,4a5cf927-5e23-4267-926e-9463e171f71e,25/03/2016 13:10:49,31,201599.0
9012,4a5cf927-5e23-4267-926e-9463e171f71e,25/03/2016 12:10:49,161,201568.0
9013,4a5cf927-5e23-4267-926e-9463e171f71e,25/03/2016 11:10:49,48,201407.0
9014,4a5cf927-5e23-4267-926e-9463e171f71e,25/03/2016 06:10:51,0,201359.0
9015,4a5cf927-5e23-4267-926e-9463e171f71e,25/03/2016 05:10:51,0,201359.0
9016,4a5cf927-5e23-4267-926e-9463e171f71e,25/03/2016 04:10:51,0,201359.0
9017,4a5cf927-5e23-4267-926e-9463e171f71e,25/03/2016 03:10:51,0,201359.0
9018,4a5cf927-5e23-4267-926e-9463e171f71e,25/03/2016 02:10:52,0,201359.0
9019,4a5cf927-5e23-4267-926e-9463e171f71e,25/03/2016 01:10:52,0,201359.0
9020,4a5cf927-5e23-4267-926e-9463e171f71e,25/03/2016 00:10:52,6,201359.0
9021,4a5cf927-5e23-4267-926e-9463e171f71e,24/03/2016 23:10:52,28,201353.0
9022,4a5cf927-5e23-4267-926e-9463e171f71e,24/03/2016 18:10:53,0,201325.0
9023,4a5cf927-5e23-4267-926e-9463e171f71e,24/03/2016 17:10:53,0,201325.0
9024,4a5cf927-5e23-4267-926e-9463e171f71e,24/03/2016 16:10:53,16,201325.0
9025,4a5cf927-5e23-4267-926e-9463e171f71e,24/03/2016 15:10:53,110,201309.0
9026,4a5cf927-5e23-4267-926e-9463e171f71e,24/03/2016 10:10:55,83,201199.0
9027,4a5cf927-5e23-4267-926e-9463e171f71e,24/03/2016 09:10:55,10,201116.0
9028,4a5cf927-5e23-4267-926e-9463e171f71e,24/03/2016 08:10:55,8,201106.0
9029,4a5cf927-5e23-4267-926e-9463e171f71e,24/03/2016 07:10:55,0,201098.0
9030,4a5cf927-5e23-4267-926e-9463e171f71e,24/03/2016 06:16:40,0,201098.0
9031,4a5cf927-5e23-4267-926e-9463e171f71e,24/03/2016 05:16:40,0,201098.0
9032,4a5cf927-5e23-4267-926e-9463e171f71e,24/03/2016 04:16:40,0,201098.0
9033,4a5cf927-5e23-4267-926e-9463e171f71e,24/03/2016 03:16:40,9,201098.0
9034,4a5cf927-5e23-4267-926e-9463e171f71e,24/03/2016 02:10:55,6,201089.0
9035,4a5cf927-5e23-4267-926e-9463e171f71e,24/03/2016 01:10:55,5,201083.0
9036,4a5cf927-5e23-4267-926e-9463e171f71e,24/03/2016 00:10:55,0,201078.0
9037,4a5cf927-5e23-4267-926e-9463e171f71e,23/03/2016 23:10:55,0,201078.0
9038,4a5cf927-5e23-4267-926e-9463e171f71e,23/03/2016 22:10:54,0,201078.0
9039,4a5cf927-5e23-4267-926e-9463e171f71e,23/03/2016 21:10:54,4,201078.0
9040,4a5cf927-5e23-4267-926e-9463e171f71e,23/03/2016 20:10:54,8,201074.0
9041,4a5cf927-5e23-4267-926e-9463e171f71e,23/03/2016 19:10:54,11,201066.0
9042,4a5cf927-5e23-4267-926e-9463e171f71e,23/03/2016 18:10:56,8,201055.0
9043,4a5cf927-5e23-4267-926e-9463e171f71e,23/03/2016 17:10:56,9,201047.0
9044,4a5cf927-5e23-4267-926e-9463e171f71e,23/03/2016 16:10:56,4,201038.0
9045,4a5cf927-5e23-4267-926e-9463e171f71e,23/03/2016 15:10:56,16,201034.0
9046,4a5cf927-5e23-4267-926e-9463e171f71e,23/03/2016 14:10:55,5,201018.0
9047,4a5cf927-5e23-4267-926e-9463e171f71e,23/03/2016 13:10:55,0,201013.0
9048,4a5cf927-5e23-4267-926e-9463e171f71e,23/03/2016 12:10:55,74,201013.0
9049,4a5cf927-5e23-4267-926e-9463e171f71e,23/03/2016 11:10:55,20,200939.0
9050,4a5cf927-5e23-4267-926e-9463e171f71e,23/03/2016 10:11:42,7,200919.0
9051,4a5cf927-5e23-4267-926e-9463e171f71e,23/03/2016 09:11:42,8,200912.0
9052,4a5cf927-5e23-4267-926e-9463e171f71e,23/03/2016 08:11:42,0,200904.0
9053,4a5cf927-5e23-4267-926e-9463e171f71e,23/03/2016 07:11:42,0,200904.0
9054,4a5cf927-5e23-4267-926e-9463e171f71e,23/03/2016 06:10:54,0,200904.0
9055,4a5cf927-5e23-4267-926e-9463e171f71e,23/03/2016 05:10:54,0,200904.0
9056,4a5cf927-5e23-4267-926e-9463e171f71e,23/03/2016 04:10:54,0,200904.0
9057,4a5cf927-5e23-4267-926e-9463e171f71e,23/03/2016 03:10:54,6,200904.0
9058,4a5cf927-5e23-4267-926e-9463e171f71e,22/03/2016 22:11:06,3,200898.0
9059,4a5cf927-5e23-4267-926e-9463e171f71e,22/03/2016 21:11:06,0,200895.0
9060,4a5cf927-5e23-4267-926e-9463e171f71e,22/03/2016 20:11:06,0,200895.0
9061,4a5cf927-5e23-4267-926e-9463e171f71e,22/03/2016 19:11:06,11,200895.0
9062,4a5cf927-5e23-4267-926e-9463e171f71e,22/03/2016 18:10:58,0,200884.0
9063,4a5cf927-5e23-4267-926e-9463e171f71e,22/03/2016 17:10:58,24,200884.0
9064,4a5cf927-5e23-4267-926e-9463e171f71e,22/03/2016 16:10:58,61,200860.0
9065,4a5cf927-5e23-4267-926e-9463e171f71e,22/03/2016 15:10:58,0,200799.0
9066,4a5cf927-5e23-4267-926e-9463e171f71e,22/03/2016 14:11:31,0,200799.0
9067,4a5cf927-5e23-4267-926e-9463e171f71e,22/03/2016 13:11:31,9,200799.0
9068,4a5cf927-5e23-4267-926e-9463e171f71e,22/03/2016 12:11:31,120,200790.0
9069,4a5cf927-5e23-4267-926e-9463e171f71e,22/03/2016 11:11:31,24,200670.0
9070,4a5cf927-5e23-4267-926e-9463e171f71e,22/03/2016 10:12:44,7,200646.0
9071,4a5cf927-5e23-4267-926e-9463e171f71e,22/03/2016 09:12:44,0,200639.0
9072,4a5cf927-5e23-4267-926e-9463e171f71e,22/03/2016 08:12:44,1,200639.0
9073,4a5cf927-5e23-4267-926e-9463e171f71e,22/03/2016 07:12:44,0,200638.0
9074,4a5cf927-5e23-4267-926e-9463e171f71e,22/03/2016 06:10:56,0,200638.0
9075,4a5cf927-5e23-4267-926e-9463e171f71e,22/03/2016 05:10:56,0,200638.0
9076,4a5cf927-5e23-4267-926e-9463e171f71e,22/03/2016 04:10:56,0,200638.0
9077,4a5cf927-5e23-4267-926e-9463e171f71e,22/03/2016 03:10:56,0,200638.0
9078,4a5cf927-5e23-4267-926e-9463e171f71e,22/03/2016 02:11:01,0,200638.0
9079,4a5cf927-5e23-4267-926e-9463e171f71e,22/03/2016 01:11:01,0,200638.0
9080,4a5cf927-5e23-4267-926e-9463e171f71e,22/03/2016 00:11:01,18,200638.0
9081,4a5cf927-5e23-4267-926e-9463e171f71e,21/03/2016 23:11:01,3,200620.0
9082,4a5cf927-5e23-4267-926e-9463e171f71e,21/03/2016 22:10:59,24,200617.0
9083,4a5cf927-5e23-4267-926e-9463e171f71e,21/03/2016 21:10:59,0,200593.0
9084,4a5cf927-5e23-4267-926e-9463e171f71e,21/03/2016 20:10:59,0,200593.0
9085,4a5cf927-5e23-4267-926e-9463e171f71e,21/03/2016 19:10:59,12,200593.0
9086,4a5cf927-5e23-4267-926e-9463e171f71e,21/03/2016 18:11:01,0,200581.0
9087,4a5cf927-5e23-4267-926e-9463e171f71e,21/03/2016 17:11:01,0,200581.0
9088,4a5cf927-5e23-4267-926e-9463e171f71e,21/03/2016 16:11:01,14,200581.0
9089,4a5cf927-5e23-4267-926e-9463e171f71e,21/03/2016 15:11:01,9,200567.0
9090,4a5cf927-5e23-4267-926e-9463e171f71e,21/03/2016 14:11:13,0,200558.0
9091,4a5cf927-5e23-4267-926e-9463e171f71e,21/03/2016 13:11:13,2,200558.0
9092,4a5cf927-5e23-4267-926e-9463e171f71e,21/03/2016 12:11:13,10,200556.0
9093,4a5cf927-5e23-4267-926e-9463e171f71e,21/03/2016 11:11:13,104,200546.0
9094,4a5cf927-5e23-4267-926e-9463e171f71e,21/03/2016 10:11:02,29,200442.0
9095,4a5cf927-5e23-4267-926e-9463e171f71e,21/03/2016 09:11:02,5,200413.0
9096,4a5cf927-5e23-4267-926e-9463e171f71e,21/03/2016 08:11:02,1,200408.0
9097,4a5cf927-5e23-4267-926e-9463e171f71e,21/03/2016 07:11:02,7,200407.0
9098,4a5cf927-5e23-4267-926e-9463e171f71e,20/03/2016 22:11:01,0,200400.0
9099,4a5cf927-5e23-4267-926e-9463e171f71e,20/03/2016 21:11:01,22,200400.0
9100,4a5cf927-5e23-4267-926e-9463e171f71e,20/03/2016 20:11:01,0,200378.0
9101,4a5cf927-5e23-4267-926e-9463e171f71e,20/03/2016 19:11:01,3,200378.0
9102,4a5cf927-5e23-4267-926e-9463e171f71e,20/03/2016 18:11:02,3,200375.0
9103,4a5cf927-5e23-4267-926e-9463e171f71e,20/03/2016 17:11:02,4,200372.0
9104,4a5cf927-5e23-4267-926e-9463e171f71e,20/03/2016 16:11:02,6,200368.0
9105,4a5cf927-5e23-4267-926e-9463e171f71e,20/03/2016 15:11:02,0,200362.0
9106,4a5cf927-5e23-4267-926e-9463e171f71e,20/03/2016 14:11:02,0,200362.0
9107,4a5cf927-5e23-4267-926e-9463e171f71e,20/03/2016 13:11:02,48,200362.0
9108,4a5cf927-5e23-4267-926e-9463e171f71e,20/03/2016 12:11:02,59,200314.0
9109,4a5cf927-5e23-4267-926e-9463e171f71e,20/03/2016 11:11:02,10,200255.0
9110,4a5cf927-5e23-4267-926e-9463e171f71e,20/03/2016 10:11:04,73,200245.0
9111,4a5cf927-5e23-4267-926e-9463e171f71e,20/03/2016 09:11:04,12,200172.0
9112,4a5cf927-5e23-4267-926e-9463e171f71e,20/03/2016 08:11:04,0,200160.0
9113,4a5cf927-5e23-4267-926e-9463e171f71e,20/03/2016 07:11:04,0,200160.0
9114,4a5cf927-5e23-4267-926e-9463e171f71e,20/03/2016 06:11:04,0,200160.0
9115,4a5cf927-5e23-4267-926e-9463e171f71e,20/03/2016 05:11:04,0,200160.0
9116,4a5cf927-5e23-4267-926e-9463e171f71e,20/03/2016 04:11:04,0,200160.0
9117,4a5cf927-5e23-4267-926e-9463e171f71e,20/03/2016 03:11:04,0,200160.0
9118,4a5cf927-5e23-4267-926e-9463e171f71e,20/03/2016 02:11:04,0,200160.0
9119,4a5cf927-5e23-4267-926e-9463e171f71e,20/03/2016 01:11:04,0,200160.0
9120,4a5cf927-5e23-4267-926e-9463e171f71e,20/03/2016 00:11:04,4,200160.0
9121,4a5cf927-5e23-4267-926e-9463e171f71e,19/03/2016 23:11:04,2,200156.0
9122,4a5cf927-5e23-4267-926e-9463e171f71e,19/03/2016 22:11:02,5,200154.0
9123,4a5cf927-5e23-4267-926e-9463e171f71e,19/03/2016 21:11:02,0,200149.0
9124,4a5cf927-5e23-4267-926e-9463e171f71e,19/03/2016 20:11:02,0,200149.0
9125,4a5cf927-5e23-4267-926e-9463e171f71e,19/03/2016 19:11:02,0,200149.0
9126,4a5cf927-5e23-4267-926e-9463e171f71e,19/03/2016 18:11:05,0,200149.0
9127,4a5cf927-5e23-4267-926e-9463e171f71e,19/03/2016 17:11:05,0,200149.0
9128,4a5cf927-5e23-4267-926e-9463e171f71e,19/03/2016 16:11:05,11,200149.0
9129,4a5cf927-5e23-4267-926e-9463e171f71e,19/03/2016 15:11:05,14,200138.0
9130,4a5cf927-5e23-4267-926e-9463e171f71e,19/03/2016 14:11:05,29,200124.0
9131,4a5cf927-5e23-4267-926e-9463e171f71e,19/03/2016 13:11:05,58,200095.0
9132,4a5cf927-5e23-4267-926e-9463e171f71e,19/03/2016 12:11:05,19,200037.0
9133,4a5cf927-5e23-4267-926e-9463e171f71e,19/03/2016 11:11:05,11,200018.0
9134,4a5cf927-5e23-4267-926e-9463e171f71e,19/03/2016 10:11:08,6,200007.0
9135,4a5cf927-5e23-4267-926e-9463e171f71e,19/03/2016 09:11:08,0,200001.0
9136,4a5cf927-5e23-4267-926e-9463e171f71e,19/03/2016 08:11:08,0,200001.0
9137,4a5cf927-5e23-4267-926e-9463e171f71e,19/03/2016 07:11:08,0,200001.0
9138,4a5cf927-5e23-4267-926e-9463e171f71e,19/03/2016 06:11:05,0,200001.0
9139,4a5cf927-5e23-4267-926e-9463e171f71e,19/03/2016 05:11:05,0,200001.0
9140,4a5cf927-5e23-4267-926e-9463e171f71e,19/03/2016 04:11:05,0,200001.0
9141,4a5cf927-5e23-4267-926e-9463e171f71e,19/03/2016 03:11:05,1,200001.0
9142,4a5cf927-5e23-4267-926e-9463e171f71e,19/03/2016 02:11:07,7,200000.0
9143,4a5cf927-5e23-4267-926e-9463e171f71e,19/03/2016 01:11:07,0,199993.0
9144,4a5cf927-5e23-4267-926e-9463e171f71e,19/03/2016 00:11:07,0,199993.0
9145,4a5cf927-5e23-4267-926e-9463e171f71e,18/03/2016 23:11:07,0,199993.0
9146,4a5cf927-5e23-4267-926e-9463e171f71e,18/03/2016 22:11:06,0,199993.0
9147,4a5cf927-5e23-4267-926e-9463e171f71e,18/03/2016 21:11:06,0,199993.0
9148,4a5cf927-5e23-4267-926e-9463e171f71e,18/03/2016 20:11:06,3,199993.0
9149,4a5cf927-5e23-4267-926e-9463e171f71e,18/03/2016 19:11:06,11,199990.0
9150,4a5cf927-5e23-4267-926e-9463e171f71e,18/03/2016 18:11:07,42,199979.0
9151,4a5cf927-5e23-4267-926e-9463e171f71e,18/03/2016 17:11:07,16,199937.0
9152,4a5cf927-5e23-4267-926e-9463e171f71e,18/03/2016 16:11:07,10,199921.0
9153,4a5cf927-5e23-4267-926e-9463e171f71e,18/03/2016 15:11:07,27,199911.0
9154,4a5cf927-5e23-4267-926e-9463e171f71e,18/03/2016 14:11:07,6,199884.0
9155,4a5cf927-5e23-4267-926e-9463e171f71e,18/03/2016 13:11:07,2,199878.0
9156,4a5cf927-5e23-4267-926e-9463e171f71e,18/03/2016 12:11:07,21,199876.0
9157,4a5cf927-5e23-4267-926e-9463e171f71e,18/03/2016 11:11:07,113,199855.0
9158,4a5cf927-5e23-4267-926e-9463e171f71e,18/03/2016 06:11:07,0,199742.0
9159,4a5cf927-5e23-4267-926e-9463e171f71e,18/03/2016 05:11:07,0,199742.0
9160,4a5cf927-5e23-4267-926e-9463e171f71e,18/03/2016 04:11:07,0,199742.0
9161,4a5cf927-5e23-4267-926e-9463e171f71e,18/03/2016 03:11:07,71,199742.0
9162,4a5cf927-5e23-4267-926e-9463e171f71e,17/03/2016 22:11:09,11,199671.0
9163,4a5cf927-5e23-4267-926e-9463e171f71e,17/03/2016 21:11:09,8,199660.0
9164,4a5cf927-5e23-4267-926e-9463e171f71e,17/03/2016 20:11:09,3,199652.0
9165,4a5cf927-5e23-4267-926e-9463e171f71e,17/03/2016 19:11:09,3,199649.0
9166,4a5cf927-5e23-4267-926e-9463e171f71e,17/03/2016 18:11:11,17,199646.0
9167,4a5cf927-5e23-4267-926e-9463e171f71e,17/03/2016 17:11:11,0,199629.0
9168,4a5cf927-5e23-4267-926e-9463e171f71e,17/03/2016 16:11:11,7,199629.0
9169,4a5cf927-5e23-4267-926e-9463e171f71e,17/03/2016 15:11:11,106,199622.0
9170,4a5cf927-5e23-4267-926e-9463e171f71e,17/03/2016 10:11:11,24,199516.0
9171,4a5cf927-5e23-4267-926e-9463e171f71e,17/03/2016 09:11:11,17,199492.0
9172,4a5cf927-5e23-4267-926e-9463e171f71e,17/03/2016 08:11:11,6,199475.0
9173,4a5cf927-5e23-4267-926e-9463e171f71e,17/03/2016 07:11:11,0,199469.0
9174,4a5cf927-5e23-4267-926e-9463e171f71e,17/03/2016 02:11:11,1,199469.0
9175,4a5cf927-5e23-4267-926e-9463e171f71e,17/03/2016 01:11:11,2,199468.0
9176,4a5cf927-5e23-4267-926e-9463e171f71e,17/03/2016 00:11:11,60,199466.0
9177,4a5cf927-5e23-4267-926e-9463e171f71e,16/03/2016 23:11:11,26,199406.0
9178,4a5cf927-5e23-4267-926e-9463e171f71e,16/03/2016 18:11:13,10,199380.0
9179,4a5cf927-5e23-4267-926e-9463e171f71e,16/03/2016 17:11:13,7,199370.0
9180,4a5cf927-5e23-4267-926e-9463e171f71e,16/03/2016 16:11:13,23,199363.0
9181,4a5cf927-5e23-4267-926e-9463e171f71e,16/03/2016 15:11:13,14,199340.0
9182,4a5cf927-5e23-4267-926e-9463e171f71e,16/03/2016 14:11:10,36,199326.0
9183,4a5cf927-5e23-4267-926e-9463e171f71e,16/03/2016 13:11:10,34,199290.0
9184,4a5cf927-5e23-4267-926e-9463e171f71e,16/03/2016 12:11:10,9,199256.0
9185,4a5cf927-5e23-4267-926e-9463e171f71e,16/03/2016 11:11:10,0,199247.0
9186,4a5cf927-5e23-4267-926e-9463e171f71e,16/03/2016 10:11:14,29,199247.0
9187,4a5cf927-5e23-4267-926e-9463e171f71e,16/03/2016 09:11:14,75,199218.0
9188,4a5cf927-5e23-4267-926e-9463e171f71e,16/03/2016 08:11:14,52,199143.0
9189,4a5cf927-5e23-4267-926e-9463e171f71e,16/03/2016 07:11:14,0,199091.0
9190,4a5cf927-5e23-4267-926e-9463e171f71e,16/03/2016 06:11:12,0,199091.0
9191,4a5cf927-5e23-4267-926e-9463e171f71e,16/03/2016 05:11:12,0,199091.0
9192,4a5cf927-5e23-4267-926e-9463e171f71e,16/03/2016 04:11:12,0,199091.0
9193,4a5cf927-5e23-4267-926e-9463e171f71e,16/03/2016 03:11:12,0,199091.0
9194,4a5cf927-5e23-4267-926e-9463e171f71e,16/03/2016 02:11:15,0,199091.0
9195,4a5cf927-5e23-4267-926e-9463e171f71e,16/03/2016 01:11:15,9,199091.0
9196,4a5cf927-5e23-4267-926e-9463e171f71e,16/03/2016 00:11:15,0,199082.0
9197,4a5cf927-5e23-4267-926e-9463e171f71e,15/03/2016 23:11:15,0,199082.0
9198,4a5cf927-5e23-4267-926e-9463e171f71e,15/03/2016 22:11:14,66,199082.0
9199,4a5cf927-5e23-4267-926e-9463e171f71e,15/03/2016 21:11:14,14,199016.0
9200,4a5cf927-5e23-4267-926e-9463e171f71e,15/03/2016 20:11:14,8,199002.0
9201,4a5cf927-5e23-4267-926e-9463e171f71e,15/03/2016 19:11:14,6,198994.0
9202,4a5cf927-5e23-4267-926e-9463e171f71e,15/03/2016 18:13:58,2,198988.0
9203,4a5cf927-5e23-4267-926e-9463e171f71e,15/03/2016 17:13:58,0,198986.0
9204,4a5cf927-5e23-4267-926e-9463e171f71e,15/03/2016 16:13:58,17,198986.0
9205,4a5cf927-5e23-4267-926e-9463e171f71e,15/03/2016 15:13:58,3,198969.0
9206,4a5cf927-5e23-4267-926e-9463e171f71e,15/03/2016 14:11:14,7,198966.0
9207,4a5cf927-5e23-4267-926e-9463e171f71e,15/03/2016 13:11:14,12,198959.0
9208,4a5cf927-5e23-4267-926e-9463e171f71e,15/03/2016 12:11:14,89,198947.0
9209,4a5cf927-5e23-4267-926e-9463e171f71e,15/03/2016 11:11:14,104,198858.0
9210,4a5cf927-5e23-4267-926e-9463e171f71e,15/03/2016 06:11:14,0,198754.0
9211,4a5cf927-5e23-4267-926e-9463e171f71e,15/03/2016 05:11:14,0,198754.0
9212,4a5cf927-5e23-4267-926e-9463e171f71e,15/03/2016 04:11:14,0,198754.0
9213,4a5cf927-5e23-4267-926e-9463e171f71e,15/03/2016 03:11:14,0,198754.0
9214,4a5cf927-5e23-4267-926e-9463e171f71e,15/03/2016 02:11:17,0,198754.0
9215,4a5cf927-5e23-4267-926e-9463e171f71e,15/03/2016 01:11:17,0,198754.0
9216,4a5cf927-5e23-4267-926e-9463e171f71e,15/03/2016 00:11:17,23,198754.0
9217,4a5cf927-5e23-4267-926e-9463e171f71e,14/03/2016 23:11:17,5,198731.0
9218,4a5cf927-5e23-4267-926e-9463e171f71e,14/03/2016 22:11:14,71,198726.0
9219,4a5cf927-5e23-4267-926e-9463e171f71e,14/03/2016 21:11:14,0,198655.0
9220,4a5cf927-5e23-4267-926e-9463e171f71e,14/03/2016 20:11:14,0,198655.0
9221,4a5cf927-5e23-4267-926e-9463e171f71e,14/03/2016 19:11:14,8,198655.0
9222,4a5cf927-5e23-4267-926e-9463e171f71e,14/03/2016 18:11:28,0,198647.0
9223,4a5cf927-5e23-4267-926e-9463e171f71e,14/03/2016 17:11:28,33,198647.0
9224,4a5cf927-5e23-4267-926e-9463e171f71e,14/03/2016 16:11:28,24,198614.0
9225,4a5cf927-5e23-4267-926e-9463e171f71e,14/03/2016 15:11:28,18,198590.0
9226,4a5cf927-5e23-4267-926e-9463e171f71e,14/03/2016 14:11:17,0,198572.0
9227,4a5cf927-5e23-4267-926e-9463e171f71e,14/03/2016 13:11:17,0,198572.0
9228,4a5cf927-5e23-4267-926e-9463e171f71e,14/03/2016 12:11:17,14,198572.0
9229,4a5cf927-5e23-4267-926e-9463e171f71e,14/03/2016 11:11:17,4,198558.0
9230,4a5cf927-5e23-4267-926e-9463e171f71e,14/03/2016 10:11:17,125,198554.0
9231,4a5cf927-5e23-4267-926e-9463e171f71e,14/03/2016 09:11:17,19,198429.0
9232,4a5cf927-5e23-4267-926e-9463e171f71e,14/03/2016 08:11:17,4,198410.0
9233,4a5cf927-5e23-4267-926e-9463e171f71e,14/03/2016 07:11:17,0,198406.0
9234,4a5cf927-5e23-4267-926e-9463e171f71e,14/03/2016 06:11:18,0,198406.0
9235,4a5cf927-5e23-4267-926e-9463e171f71e,14/03/2016 05:11:18,0,198406.0
9236,4a5cf927-5e23-4267-926e-9463e171f71e,14/03/2016 04:11:18,0,198406.0
9237,4a5cf927-5e23-4267-926e-9463e171f71e,14/03/2016 03:11:18,0,198406.0
9238,4a5cf927-5e23-4267-926e-9463e171f71e,14/03/2016 02:11:18,0,198406.0
9239,4a5cf927-5e23-4267-926e-9463e171f71e,14/03/2016 01:11:18,11,198406.0
9240,4a5cf927-5e23-4267-926e-9463e171f71e,14/03/2016 00:11:18,2,198395.0
9241,4a5cf927-5e23-4267-926e-9463e171f71e,13/03/2016 23:11:18,5,198393.0
9242,4a5cf927-5e23-4267-926e-9463e171f71e,13/03/2016 22:11:18,47,198388.0
9243,4a5cf927-5e23-4267-926e-9463e171f71e,13/03/2016 21:11:18,0,198341.0
9244,4a5cf927-5e23-4267-926e-9463e171f71e,13/03/2016 20:11:18,6,198341.0
9245,4a5cf927-5e23-4267-926e-9463e171f71e,13/03/2016 19:11:18,83,198335.0
9246,4a5cf927-5e23-4267-926e-9463e171f71e,13/03/2016 14:11:19,5,198252.0
9247,4a5cf927-5e23-4267-926e-9463e171f71e,13/03/2016 13:11:19,83,198247.0
9248,4a5cf927-5e23-4267-926e-9463e171f71e,13/03/2016 12:11:19,33,198164.0
9249,4a5cf927-5e23-4267-926e-9463e171f71e,13/03/2016 11:11:19,12,198131.0
9250,4a5cf927-5e23-4267-926e-9463e171f71e,13/03/2016 10:11:22,7,198119.0
9251,4a5cf927-5e23-4267-926e-9463e171f71e,13/03/2016 09:11:22,6,198112.0
9252,4a5cf927-5e23-4267-926e-9463e171f71e,13/03/2016 08:11:22,0,198106.0
9253,4a5cf927-5e23-4267-926e-9463e171f71e,13/03/2016 07:11:22,0,198106.0
9254,4a5cf927-5e23-4267-926e-9463e171f71e,13/03/2016 06:11:20,0,198106.0
9255,4a5cf927-5e23-4267-926e-9463e171f71e,13/03/2016 05:11:20,0,198106.0
9256,4a5cf927-5e23-4267-926e-9463e171f71e,13/03/2016 04:11:20,0,198106.0
9257,4a5cf927-5e23-4267-926e-9463e171f71e,13/03/2016 03:11:20,6,198106.0
9258,4a5cf927-5e23-4267-926e-9463e171f71e,13/03/2016 02:11:21,0,198100.0
9259,4a5cf927-5e23-4267-926e-9463e171f71e,13/03/2016 01:11:21,0,198100.0
9260,4a5cf927-5e23-4267-926e-9463e171f71e,13/03/2016 00:11:21,8,198100.0
9261,4a5cf927-5e23-4267-926e-9463e171f71e,12/3/2016 23:11,0,198092.0
9262,4a5cf927-5e23-4267-926e-9463e171f71e,12/3/2016 22:11,0,198092.0
9263,4a5cf927-5e23-4267-926e-9463e171f71e,12/3/2016 21:11,0,198092.0
9264,4a5cf927-5e23-4267-926e-9463e171f71e,12/3/2016 20:11,4,198092.0
9265,4a5cf927-5e23-4267-926e-9463e171f71e,12/3/2016 19:11,9,198088.0
9266,4a5cf927-5e23-4267-926e-9463e171f71e,12/3/2016 18:11,1,198079.0
9267,4a5cf927-5e23-4267-926e-9463e171f71e,12/3/2016 17:11,9,198078.0
9268,4a5cf927-5e23-4267-926e-9463e171f71e,12/3/2016 16:11,24,198069.0
9269,4a5cf927-5e23-4267-926e-9463e171f71e,12/3/2016 15:11,127,198045.0
9270,4a5cf927-5e23-4267-926e-9463e171f71e,12/3/2016 10:11,0,197918.0
9271,4a5cf927-5e23-4267-926e-9463e171f71e,12/3/2016 9:11,0,197918.0
9272,4a5cf927-5e23-4267-926e-9463e171f71e,12/3/2016 8:11,0,197918.0
9273,4a5cf927-5e23-4267-926e-9463e171f71e,12/3/2016 7:11,0,197918.0
9274,4a5cf927-5e23-4267-926e-9463e171f71e,12/3/2016 6:11,1,197918.0
9275,4a5cf927-5e23-4267-926e-9463e171f71e,12/3/2016 5:11,0,197917.0
9276,4a5cf927-5e23-4267-926e-9463e171f71e,12/3/2016 4:11,15,197917.0
9277,4a5cf927-5e23-4267-926e-9463e171f71e,12/3/2016 3:11,0,197902.0
9278,4a5cf927-5e23-4267-926e-9463e171f71e,11/3/2016 22:11,1,197902.0
9279,4a5cf927-5e23-4267-926e-9463e171f71e,11/3/2016 21:11,19,197901.0
9280,4a5cf927-5e23-4267-926e-9463e171f71e,11/3/2016 20:11,6,197882.0
9281,4a5cf927-5e23-4267-926e-9463e171f71e,11/3/2016 19:11,31,197876.0
9282,4a5cf927-5e23-4267-926e-9463e171f71e,11/3/2016 14:11,0,197845.0
9283,4a5cf927-5e23-4267-926e-9463e171f71e,11/3/2016 13:11,0,197845.0
9284,4a5cf927-5e23-4267-926e-9463e171f71e,11/3/2016 12:11,16,197845.0
9285,4a5cf927-5e23-4267-926e-9463e171f71e,11/3/2016 11:11,104,197829.0
9286,4a5cf927-5e23-4267-926e-9463e171f71e,11/3/2016 10:11,81,197725.0
9287,4a5cf927-5e23-4267-926e-9463e171f71e,11/3/2016 9:11,7,197644.0
9288,4a5cf927-5e23-4267-926e-9463e171f71e,11/3/2016 8:11,0,197637.0
9289,4a5cf927-5e23-4267-926e-9463e171f71e,11/3/2016 7:11,1,197637.0
9290,4a5cf927-5e23-4267-926e-9463e171f71e,11/3/2016 6:11,0,197636.0
9291,4a5cf927-5e23-4267-926e-9463e171f71e,11/3/2016 5:11,0,197636.0
9292,4a5cf927-5e23-4267-926e-9463e171f71e,11/3/2016 4:11,0,197636.0
9293,4a5cf927-5e23-4267-926e-9463e171f71e,11/3/2016 3:11,0,197636.0
9294,4a5cf927-5e23-4267-926e-9463e171f71e,11/3/2016 2:11,3,197636.0
9295,4a5cf927-5e23-4267-926e-9463e171f71e,11/3/2016 1:11,0,197633.0
9296,4a5cf927-5e23-4267-926e-9463e171f71e,11/3/2016 0:11,6,197633.0
9297,4a5cf927-5e23-4267-926e-9463e171f71e,10/3/2016 23:11,5,197627.0
9298,4a5cf927-5e23-4267-926e-9463e171f71e,10/3/2016 22:11,8,197622.0
9299,4a5cf927-5e23-4267-926e-9463e171f71e,10/3/2016 21:11,0,197614.0
9300,4a5cf927-5e23-4267-926e-9463e171f71e,10/3/2016 20:11,0,197614.0
9301,4a5cf927-5e23-4267-926e-9463e171f71e,10/3/2016 19:11,0,197614.0
9302,4a5cf927-5e23-4267-926e-9463e171f71e,10/3/2016 18:11,0,197614.0
9303,4a5cf927-5e23-4267-926e-9463e171f71e,10/3/2016 17:11,5,197614.0
9304,4a5cf927-5e23-4267-926e-9463e171f71e,10/3/2016 16:11,1,197609.0
9305,4a5cf927-5e23-4267-926e-9463e171f71e,10/3/2016 15:11,6,197608.0
9306,4a5cf927-5e23-4267-926e-9463e171f71e,10/3/2016 14:11,16,197602.0
9307,4a5cf927-5e23-4267-926e-9463e171f71e,10/3/2016 13:11,0,197586.0
9308,4a5cf927-5e23-4267-926e-9463e171f71e,10/3/2016 12:11,14,197586.0
9309,4a5cf927-5e23-4267-926e-9463e171f71e,10/3/2016 11:11,8,197572.0
9310,4a5cf927-5e23-4267-926e-9463e171f71e,10/3/2016 10:11,96,197564.0
9311,4a5cf927-5e23-4267-926e-9463e171f71e,10/3/2016 9:11,5,197468.0
9312,4a5cf927-5e23-4267-926e-9463e171f71e,10/3/2016 8:11,0,197463.0
9313,4a5cf927-5e23-4267-926e-9463e171f71e,10/3/2016 7:11,0,197463.0
9314,4a5cf927-5e23-4267-926e-9463e171f71e,10/3/2016 6:11,0,197463.0
9315,4a5cf927-5e23-4267-926e-9463e171f71e,10/3/2016 5:11,0,197463.0
9316,4a5cf927-5e23-4267-926e-9463e171f71e,10/3/2016 4:11,0,197463.0
9317,4a5cf927-5e23-4267-926e-9463e171f71e,10/3/2016 3:11,0,197463.0
9318,4a5cf927-5e23-4267-926e-9463e171f71e,10/3/2016 2:11,0,197463.0
9319,4a5cf927-5e23-4267-926e-9463e171f71e,10/3/2016 1:11,2,197463.0
9320,4a5cf927-5e23-4267-926e-9463e171f71e,10/3/2016 0:11,5,197461.0
9321,4a5cf927-5e23-4267-926e-9463e171f71e,9/3/2016 23:11,3,197456.0
9322,4a5cf927-5e23-4267-926e-9463e171f71e,9/3/2016 22:11,2,197453.0
9323,4a5cf927-5e23-4267-926e-9463e171f71e,9/3/2016 21:11,6,197451.0
9324,4a5cf927-5e23-4267-926e-9463e171f71e,9/3/2016 20:11,0,197445.0
9325,4a5cf927-5e23-4267-926e-9463e171f71e,9/3/2016 19:11,12,197445.0
9326,4a5cf927-5e23-4267-926e-9463e171f71e,9/3/2016 18:11,0,197433.0
9327,4a5cf927-5e23-4267-926e-9463e171f71e,9/3/2016 17:11,13,197433.0
9328,4a5cf927-5e23-4267-926e-9463e171f71e,9/3/2016 16:11,10,197420.0
9329,4a5cf927-5e23-4267-926e-9463e171f71e,9/3/2016 15:11,7,197410.0
9330,4a5cf927-5e23-4267-926e-9463e171f71e,9/3/2016 14:11,8,197403.0
9331,4a5cf927-5e23-4267-926e-9463e171f71e,9/3/2016 13:11,38,197395.0
9332,4a5cf927-5e23-4267-926e-9463e171f71e,9/3/2016 12:11,0,197357.0
9333,4a5cf927-5e23-4267-926e-9463e171f71e,9/3/2016 11:11,96,197357.0
9334,4a5cf927-5e23-4267-926e-9463e171f71e,9/3/2016 10:13,60,197261.0
9335,4a5cf927-5e23-4267-926e-9463e171f71e,9/3/2016 9:13,18,197201.0
9336,4a5cf927-5e23-4267-926e-9463e171f71e,9/3/2016 8:13,5,197183.0
9337,4a5cf927-5e23-4267-926e-9463e171f71e,9/3/2016 7:13,0,197178.0
9338,4a5cf927-5e23-4267-926e-9463e171f71e,9/3/2016 6:11,0,197178.0
9339,4a5cf927-5e23-4267-926e-9463e171f71e,9/3/2016 5:11,0,197178.0
9340,4a5cf927-5e23-4267-926e-9463e171f71e,9/3/2016 4:11,0,197178.0
9341,4a5cf927-5e23-4267-926e-9463e171f71e,9/3/2016 3:11,0,197178.0
9342,4a5cf927-5e23-4267-926e-9463e171f71e,9/3/2016 2:12,0,197178.0
9343,4a5cf927-5e23-4267-926e-9463e171f71e,9/3/2016 1:12,0,197178.0
9344,4a5cf927-5e23-4267-926e-9463e171f71e,9/3/2016 0:12,5,197178.0
9345,4a5cf927-5e23-4267-926e-9463e171f71e,8/3/2016 23:12,10,197173.0
9346,4a5cf927-5e23-4267-926e-9463e171f71e,8/3/2016 22:11,6,197163.0
9347,4a5cf927-5e23-4267-926e-9463e171f71e,8/3/2016 21:11,4,197157.0
9348,4a5cf927-5e23-4267-926e-9463e171f71e,8/3/2016 20:11,6,197153.0
9349,4a5cf927-5e23-4267-926e-9463e171f71e,8/3/2016 19:11,2,197147.0
9350,4a5cf927-5e23-4267-926e-9463e171f71e,8/3/2016 18:11,0,197145.0
9351,4a5cf927-5e23-4267-926e-9463e171f71e,8/3/2016 17:11,0,197145.0
9352,4a5cf927-5e23-4267-926e-9463e171f71e,8/3/2016 16:11,13,197145.0
9353,4a5cf927-5e23-4267-926e-9463e171f71e,8/3/2016 15:11,9,197132.0
9354,4a5cf927-5e23-4267-926e-9463e171f71e,8/3/2016 14:11,0,197123.0
9355,4a5cf927-5e23-4267-926e-9463e171f71e,8/3/2016 13:11,0,197123.0
9356,4a5cf927-5e23-4267-926e-9463e171f71e,8/3/2016 12:11,8,197123.0
9357,4a5cf927-5e23-4267-926e-9463e171f71e,8/3/2016 11:11,7,197115.0
9358,4a5cf927-5e23-4267-926e-9463e171f71e,8/3/2016 10:11,81,197108.0
9359,4a5cf927-5e23-4267-926e-9463e171f71e,8/3/2016 9:11,64,197027.0
9360,4a5cf927-5e23-4267-926e-9463e171f71e,8/3/2016 8:11,0,196963.0
9361,4a5cf927-5e23-4267-926e-9463e171f71e,8/3/2016 7:11,0,196963.0
9362,4a5cf927-5e23-4267-926e-9463e171f71e,8/3/2016 6:11,0,196963.0
9363,4a5cf927-5e23-4267-926e-9463e171f71e,8/3/2016 5:11,0,196963.0
9364,4a5cf927-5e23-4267-926e-9463e171f71e,8/3/2016 4:11,0,196963.0
9365,4a5cf927-5e23-4267-926e-9463e171f71e,8/3/2016 3:11,0,196963.0
9366,4a5cf927-5e23-4267-926e-9463e171f71e,8/3/2016 2:11,1,196963.0
9367,4a5cf927-5e23-4267-926e-9463e171f71e,8/3/2016 1:11,4,196962.0
9368,4a5cf927-5e23-4267-926e-9463e171f71e,8/3/2016 0:11,0,196958.0
9369,4a5cf927-5e23-4267-926e-9463e171f71e,7/3/2016 23:11,7,196958.0
9370,4a5cf927-5e23-4267-926e-9463e171f71e,7/3/2016 22:11,1,196951.0
9371,4a5cf927-5e23-4267-926e-9463e171f71e,7/3/2016 21:11,8,196950.0
9372,4a5cf927-5e23-4267-926e-9463e171f71e,7/3/2016 20:11,6,196942.0
9373,4a5cf927-5e23-4267-926e-9463e171f71e,7/3/2016 19:11,7,196936.0
9374,4a5cf927-5e23-4267-926e-9463e171f71e,7/3/2016 18:11,0,196929.0
9375,4a5cf927-5e23-4267-926e-9463e171f71e,7/3/2016 17:11,8,196929.0
9376,4a5cf927-5e23-4267-926e-9463e171f71e,7/3/2016 16:11,53,196921.0
9377,4a5cf927-5e23-4267-926e-9463e171f71e,7/3/2016 15:11,4,196868.0
9378,4a5cf927-5e23-4267-926e-9463e171f71e,7/3/2016 14:11,0,196864.0
9379,4a5cf927-5e23-4267-926e-9463e171f71e,7/3/2016 13:11,14,196864.0
9380,4a5cf927-5e23-4267-926e-9463e171f71e,7/3/2016 12:11,103,196850.0
9381,4a5cf927-5e23-4267-926e-9463e171f71e,7/3/2016 11:11,71,196747.0
9382,4a5cf927-5e23-4267-926e-9463e171f71e,7/3/2016 10:11,12,196676.0
9383,4a5cf927-5e23-4267-926e-9463e171f71e,7/3/2016 9:11,15,196664.0
9384,4a5cf927-5e23-4267-926e-9463e171f71e,7/3/2016 8:11,0,196649.0
9385,4a5cf927-5e23-4267-926e-9463e171f71e,7/3/2016 7:11,0,196649.0
9386,4a5cf927-5e23-4267-926e-9463e171f71e,7/3/2016 2:11,0,196649.0
9387,4a5cf927-5e23-4267-926e-9463e171f71e,7/3/2016 1:11,0,196649.0
9388,4a5cf927-5e23-4267-926e-9463e171f71e,7/3/2016 0:11,0,196649.0
9389,4a5cf927-5e23-4267-926e-9463e171f71e,6/3/2016 23:11,4,196649.0
9390,4a5cf927-5e23-4267-926e-9463e171f71e,6/3/2016 22:11,0,196645.0
9391,4a5cf927-5e23-4267-926e-9463e171f71e,6/3/2016 21:11,57,196645.0
9392,4a5cf927-5e23-4267-926e-9463e171f71e,6/3/2016 20:11,47,196588.0
9393,4a5cf927-5e23-4267-926e-9463e171f71e,6/3/2016 19:11,0,196541.0
9394,4a5cf927-5e23-4267-926e-9463e171f71e,6/3/2016 18:11,0,196541.0
9395,4a5cf927-5e23-4267-926e-9463e171f71e,6/3/2016 17:11,0,196541.0
9396,4a5cf927-5e23-4267-926e-9463e171f71e,6/3/2016 16:11,0,196541.0
9397,4a5cf927-5e23-4267-926e-9463e171f71e,6/3/2016 15:11,0,196541.0
9398,4a5cf927-5e23-4267-926e-9463e171f71e,6/3/2016 14:11,1,196541.0
9399,4a5cf927-5e23-4267-926e-9463e171f71e,6/3/2016 13:11,0,196540.0
9400,4a5cf927-5e23-4267-926e-9463e171f71e,6/3/2016 12:11,0,196540.0
9401,4a5cf927-5e23-4267-926e-9463e171f71e,6/3/2016 11:11,0,196540.0
9402,4a5cf927-5e23-4267-926e-9463e171f71e,6/3/2016 10:11,0,196540.0
9403,4a5cf927-5e23-4267-926e-9463e171f71e,6/3/2016 9:11,0,196540.0
9404,4a5cf927-5e23-4267-926e-9463e171f71e,6/3/2016 8:11,0,196540.0
9405,4a5cf927-5e23-4267-926e-9463e171f71e,6/3/2016 7:11,0,196540.0
9406,4a5cf927-5e23-4267-926e-9463e171f71e,6/3/2016 6:12,0,196540.0
9407,4a5cf927-5e23-4267-926e-9463e171f71e,6/3/2016 5:12,0,196540.0
9408,4a5cf927-5e23-4267-926e-9463e171f71e,6/3/2016 4:12,0,196540.0
9409,4a5cf927-5e23-4267-926e-9463e171f71e,6/3/2016 3:12,0,196540.0
9410,4a5cf927-5e23-4267-926e-9463e171f71e,6/3/2016 2:11,0,196540.0
9411,4a5cf927-5e23-4267-926e-9463e171f71e,6/3/2016 1:11,0,196540.0
9412,4a5cf927-5e23-4267-926e-9463e171f71e,6/3/2016 0:11,0,196540.0
9413,4a5cf927-5e23-4267-926e-9463e171f71e,5/3/2016 23:11,0,196540.0
9414,4a5cf927-5e23-4267-926e-9463e171f71e,5/3/2016 22:11,0,196540.0
9415,4a5cf927-5e23-4267-926e-9463e171f71e,5/3/2016 21:11,0,196540.0
9416,4a5cf927-5e23-4267-926e-9463e171f71e,5/3/2016 20:11,0,196540.0
9417,4a5cf927-5e23-4267-926e-9463e171f71e,5/3/2016 19:11,0,196540.0
9418,4a5cf927-5e23-4267-926e-9463e171f71e,5/3/2016 18:11,0,196540.0
9419,4a5cf927-5e23-4267-926e-9463e171f71e,5/3/2016 17:11,0,196540.0
9420,4a5cf927-5e23-4267-926e-9463e171f71e,5/3/2016 16:11,0,196540.0
9421,4a5cf927-5e23-4267-926e-9463e171f71e,5/3/2016 15:11,1,196540.0
9422,4a5cf927-5e23-4267-926e-9463e171f71e,5/3/2016 14:11,0,196539.0
9423,4a5cf927-5e23-4267-926e-9463e171f71e,5/3/2016 13:11,0,196539.0
9424,4a5cf927-5e23-4267-926e-9463e171f71e,5/3/2016 12:11,0,196539.0
9425,4a5cf927-5e23-4267-926e-9463e171f71e,5/3/2016 11:11,0,196539.0
9426,4a5cf927-5e23-4267-926e-9463e171f71e,5/3/2016 10:11,0,196539.0
9427,4a5cf927-5e23-4267-926e-9463e171f71e,5/3/2016 9:11,0,196539.0
9428,4a5cf927-5e23-4267-926e-9463e171f71e,5/3/2016 8:11,0,196539.0
9429,4a5cf927-5e23-4267-926e-9463e171f71e,5/3/2016 7:11,0,196539.0
9430,4a5cf927-5e23-4267-926e-9463e171f71e,5/3/2016 6:11,0,196539.0
9431,4a5cf927-5e23-4267-926e-9463e171f71e,5/3/2016 5:11,0,196539.0
9432,4a5cf927-5e23-4267-926e-9463e171f71e,5/3/2016 4:11,0,196539.0
9433,4a5cf927-5e23-4267-926e-9463e171f71e,5/3/2016 3:11,0,196539.0
9434,4a5cf927-5e23-4267-926e-9463e171f71e,5/3/2016 2:11,0,196539.0
9435,4a5cf927-5e23-4267-926e-9463e171f71e,5/3/2016 1:11,0,196539.0
9436,4a5cf927-5e23-4267-926e-9463e171f71e,5/3/2016 0:11,0,196539.0
9437,4a5cf927-5e23-4267-926e-9463e171f71e,4/3/2016 23:11,0,196539.0
9438,4a5cf927-5e23-4267-926e-9463e171f71e,4/3/2016 22:11,0,196539.0
9439,4a5cf927-5e23-4267-926e-9463e171f71e,4/3/2016 21:11,0,196539.0
9440,4a5cf927-5e23-4267-926e-9463e171f71e,4/3/2016 20:11,0,196539.0
9441,4a5cf927-5e23-4267-926e-9463e171f71e,4/3/2016 19:11,0,196539.0
9442,4a5cf927-5e23-4267-926e-9463e171f71e,4/3/2016 18:11,0,196539.0
9443,4a5cf927-5e23-4267-926e-9463e171f71e,4/3/2016 17:11,0,196539.0
9444,4a5cf927-5e23-4267-926e-9463e171f71e,4/3/2016 16:11,1,196539.0
9445,4a5cf927-5e23-4267-926e-9463e171f71e,4/3/2016 15:11,0,196538.0
9446,4a5cf927-5e23-4267-926e-9463e171f71e,4/3/2016 14:11,0,196538.0
9447,4a5cf927-5e23-4267-926e-9463e171f71e,4/3/2016 13:11,0,196538.0
9448,4a5cf927-5e23-4267-926e-9463e171f71e,4/3/2016 12:11,0,196538.0
9449,4a5cf927-5e23-4267-926e-9463e171f71e,4/3/2016 11:11,0,196538.0
9450,4a5cf927-5e23-4267-926e-9463e171f71e,4/3/2016 10:11,0,196538.0
9451,4a5cf927-5e23-4267-926e-9463e171f71e,4/3/2016 9:11,0,196538.0
9452,4a5cf927-5e23-4267-926e-9463e171f71e,4/3/2016 8:11,0,196538.0
9453,4a5cf927-5e23-4267-926e-9463e171f71e,4/3/2016 7:11,0,196538.0
9454,4a5cf927-5e23-4267-926e-9463e171f71e,4/3/2016 6:11,0,196538.0
9455,4a5cf927-5e23-4267-926e-9463e171f71e,4/3/2016 5:11,0,196538.0
9456,4a5cf927-5e23-4267-926e-9463e171f71e,4/3/2016 4:11,0,196538.0
9457,4a5cf927-5e23-4267-926e-9463e171f71e,4/3/2016 3:11,0,196538.0
9458,4a5cf927-5e23-4267-926e-9463e171f71e,4/3/2016 2:11,0,196538.0
9459,4a5cf927-5e23-4267-926e-9463e171f71e,4/3/2016 1:11,0,196538.0
9460,4a5cf927-5e23-4267-926e-9463e171f71e,4/3/2016 0:11,0,196538.0
9461,4a5cf927-5e23-4267-926e-9463e171f71e,3/3/2016 23:11,0,196538.0
9462,4a5cf927-5e23-4267-926e-9463e171f71e,3/3/2016 22:11,0,196538.0
9463,4a5cf927-5e23-4267-926e-9463e171f71e,3/3/2016 21:11,0,196538.0
9464,4a5cf927-5e23-4267-926e-9463e171f71e,3/3/2016 20:11,0,196538.0
9465,4a5cf927-5e23-4267-926e-9463e171f71e,3/3/2016 19:11,1,196538.0
9466,4a5cf927-5e23-4267-926e-9463e171f71e,3/3/2016 14:11,0,196537.0
9467,4a5cf927-5e23-4267-926e-9463e171f71e,3/3/2016 13:11,0,196537.0
9468,4a5cf927-5e23-4267-926e-9463e171f71e,3/3/2016 12:11,0,196537.0
9469,4a5cf927-5e23-4267-926e-9463e171f71e,3/3/2016 11:11,0,196537.0
9470,4a5cf927-5e23-4267-926e-9463e171f71e,3/3/2016 10:11,0,196537.0
9471,4a5cf927-5e23-4267-926e-9463e171f71e,3/3/2016 9:11,0,196537.0
9472,4a5cf927-5e23-4267-926e-9463e171f71e,3/3/2016 8:11,0,196537.0
9473,4a5cf927-5e23-4267-926e-9463e171f71e,3/3/2016 7:11,0,196537.0
9474,4a5cf927-5e23-4267-926e-9463e171f71e,3/3/2016 6:11,0,196537.0
9475,4a5cf927-5e23-4267-926e-9463e171f71e,3/3/2016 5:11,0,196537.0
9476,4a5cf927-5e23-4267-926e-9463e171f71e,3/3/2016 4:11,0,196537.0
9477,4a5cf927-5e23-4267-926e-9463e171f71e,3/3/2016 3:11,0,196537.0
9478,4a5cf927-5e23-4267-926e-9463e171f71e,2/3/2016 22:11,0,196537.0
9479,4a5cf927-5e23-4267-926e-9463e171f71e,2/3/2016 21:11,0,196537.0
9480,4a5cf927-5e23-4267-926e-9463e171f71e,2/3/2016 20:11,1,196537.0
9481,4a5cf927-5e23-4267-926e-9463e171f71e,2/3/2016 19:11,0,196536.0
9482,4a5cf927-5e23-4267-926e-9463e171f71e,2/3/2016 18:11,0,196536.0
9483,4a5cf927-5e23-4267-926e-9463e171f71e,2/3/2016 17:11,0,196536.0
9484,4a5cf927-5e23-4267-926e-9463e171f71e,2/3/2016 16:11,0,196536.0
9485,4a5cf927-5e23-4267-926e-9463e171f71e,2/3/2016 15:11,0,196536.0
9486,4a5cf927-5e23-4267-926e-9463e171f71e,2/3/2016 14:11,0,196536.0
9487,4a5cf927-5e23-4267-926e-9463e171f71e,2/3/2016 13:11,0,196536.0
9488,4a5cf927-5e23-4267-926e-9463e171f71e,2/3/2016 12:11,0,196536.0
9489,4a5cf927-5e23-4267-926e-9463e171f71e,2/3/2016 11:11,0,196536.0
9490,4a5cf927-5e23-4267-926e-9463e171f71e,2/3/2016 10:14,0,196536.0
9491,4a5cf927-5e23-4267-926e-9463e171f71e,2/3/2016 9:14,10,196536.0
9492,4a5cf927-5e23-4267-926e-9463e171f71e,2/3/2016 8:14,91,196526.0
9493,4a5cf927-5e23-4267-926e-9463e171f71e,2/3/2016 7:14,57,196435.0
9494,4a5cf927-5e23-4267-926e-9463e171f71e,2/3/2016 6:11,0,196378.0
9495,4a5cf927-5e23-4267-926e-9463e171f71e,2/3/2016 5:11,0,196378.0
9496,4a5cf927-5e23-4267-926e-9463e171f71e,2/3/2016 4:11,0,196378.0
9497,4a5cf927-5e23-4267-926e-9463e171f71e,2/3/2016 3:11,0,196378.0
9498,4a5cf927-5e23-4267-926e-9463e171f71e,2/3/2016 2:11,0,196378.0
9499,4a5cf927-5e23-4267-926e-9463e171f71e,2/3/2016 1:11,16,196378.0
9500,4a5cf927-5e23-4267-926e-9463e171f71e,2/3/2016 0:11,0,196362.0
9501,4a5cf927-5e23-4267-926e-9463e171f71e,1/3/2016 23:11,0,196362.0
9502,4a5cf927-5e23-4267-926e-9463e171f71e,1/3/2016 22:11,5,196362.0
9503,4a5cf927-5e23-4267-926e-9463e171f71e,1/3/2016 21:11,0,196357.0
9504,4a5cf927-5e23-4267-926e-9463e171f71e,1/3/2016 20:11,6,196357.0
9505,4a5cf927-5e23-4267-926e-9463e171f71e,1/3/2016 19:11,20,196351.0
9506,4a5cf927-5e23-4267-926e-9463e171f71e,1/3/2016 18:15,0,196331.0
9507,4a5cf927-5e23-4267-926e-9463e171f71e,1/3/2016 17:15,0,196331.0
9508,4a5cf927-5e23-4267-926e-9463e171f71e,1/3/2016 16:15,42,196331.0
9509,4a5cf927-5e23-4267-926e-9463e171f71e,1/3/2016 15:15,4,196289.0
9510,4a5cf927-5e23-4267-926e-9463e171f71e,1/3/2016 14:11,0,196285.0
9511,4a5cf927-5e23-4267-926e-9463e171f71e,1/3/2016 13:11,0,196285.0
9512,4a5cf927-5e23-4267-926e-9463e171f71e,1/3/2016 12:11,76,196285.0
9513,4a5cf927-5e23-4267-926e-9463e171f71e,1/3/2016 11:11,8,196209.0
9514,4a5cf927-5e23-4267-926e-9463e171f71e,1/3/2016 10:11,31,196201.0
9515,4a5cf927-5e23-4267-926e-9463e171f71e,1/3/2016 9:11,6,196170.0
9516,4a5cf927-5e23-4267-926e-9463e171f71e,1/3/2016 8:11,0,196164.0
9517,4a5cf927-5e23-4267-926e-9463e171f71e,1/3/2016 7:11,0,196164.0
9518,4a5cf927-5e23-4267-926e-9463e171f71e,1/3/2016 6:11,0,196164.0
9519,4a5cf927-5e23-4267-926e-9463e171f71e,1/3/2016 5:11,0,196164.0
9520,4a5cf927-5e23-4267-926e-9463e171f71e,1/3/2016 4:11,0,196164.0
9521,4a5cf927-5e23-4267-926e-9463e171f71e,1/3/2016 3:11,0,196164.0
9522,4a5cf927-5e23-4267-926e-9463e171f71e,1/3/2016 2:11,0,196164.0
9523,4a5cf927-5e23-4267-926e-9463e171f71e,1/3/2016 1:11,0,196164.0
9524,4a5cf927-5e23-4267-926e-9463e171f71e,1/3/2016 0:11,4,196164.0
9525,4a5cf927-5e23-4267-926e-9463e171f71e,29/02/2016 23:11:48,16,196160.0
9526,4a5cf927-5e23-4267-926e-9463e171f71e,29/02/2016 22:12:39,4,196144.0
9527,4a5cf927-5e23-4267-926e-9463e171f71e,29/02/2016 21:12:39,0,196140.0
9528,4a5cf927-5e23-4267-926e-9463e171f71e,29/02/2016 20:12:39,0,196140.0
9529,4a5cf927-5e23-4267-926e-9463e171f71e,29/02/2016 19:12:39,0,196140.0
9530,4a5cf927-5e23-4267-926e-9463e171f71e,29/02/2016 18:11:50,0,196140.0
9531,4a5cf927-5e23-4267-926e-9463e171f71e,29/02/2016 17:11:50,12,196140.0
9532,4a5cf927-5e23-4267-926e-9463e171f71e,29/02/2016 16:11:50,4,196128.0
9533,4a5cf927-5e23-4267-926e-9463e171f71e,29/02/2016 15:11:50,4,196124.0
9534,4a5cf927-5e23-4267-926e-9463e171f71e,29/02/2016 14:12:44,3,196120.0
9535,4a5cf927-5e23-4267-926e-9463e171f71e,29/02/2016 13:12:44,9,196117.0
9536,4a5cf927-5e23-4267-926e-9463e171f71e,29/02/2016 12:12:44,10,196108.0
9537,4a5cf927-5e23-4267-926e-9463e171f71e,29/02/2016 11:12:44,8,196098.0
9538,4a5cf927-5e23-4267-926e-9463e171f71e,29/02/2016 10:11:49,17,196090.0
9539,4a5cf927-5e23-4267-926e-9463e171f71e,29/02/2016 09:11:49,11,196073.0
9540,4a5cf927-5e23-4267-926e-9463e171f71e,29/02/2016 08:11:49,87,196062.0
9541,4a5cf927-5e23-4267-926e-9463e171f71e,29/02/2016 07:11:49,0,195975.0
9542,4a5cf927-5e23-4267-926e-9463e171f71e,29/02/2016 06:11:50,0,195975.0
9543,4a5cf927-5e23-4267-926e-9463e171f71e,29/02/2016 05:11:50,0,195975.0
9544,4a5cf927-5e23-4267-926e-9463e171f71e,29/02/2016 04:11:50,0,195975.0
9545,4a5cf927-5e23-4267-926e-9463e171f71e,29/02/2016 03:11:50,0,195975.0
9546,4a5cf927-5e23-4267-926e-9463e171f71e,29/02/2016 02:11:50,0,195975.0
9547,4a5cf927-5e23-4267-926e-9463e171f71e,29/02/2016 01:11:50,8,195975.0
9548,4a5cf927-5e23-4267-926e-9463e171f71e,29/02/2016 00:11:50,5,195967.0
9549,4a5cf927-5e23-4267-926e-9463e171f71e,28/02/2016 23:11:50,0,195962.0
9550,4a5cf927-5e23-4267-926e-9463e171f71e,28/02/2016 22:11:49,0,195962.0
9551,4a5cf927-5e23-4267-926e-9463e171f71e,28/02/2016 21:11:49,0,195962.0
9552,4a5cf927-5e23-4267-926e-9463e171f71e,28/02/2016 20:11:49,0,195962.0
9553,4a5cf927-5e23-4267-926e-9463e171f71e,28/02/2016 19:11:49,8,195962.0
9554,4a5cf927-5e23-4267-926e-9463e171f71e,28/02/2016 18:11:52,0,195954.0
9555,4a5cf927-5e23-4267-926e-9463e171f71e,28/02/2016 17:11:52,1,195954.0
9556,4a5cf927-5e23-4267-926e-9463e171f71e,28/02/2016 16:11:52,12,195953.0
9557,4a5cf927-5e23-4267-926e-9463e171f71e,28/02/2016 15:11:52,1,195941.0
9558,4a5cf927-5e23-4267-926e-9463e171f71e,28/02/2016 14:11:50,0,195940.0
9559,4a5cf927-5e23-4267-926e-9463e171f71e,28/02/2016 13:11:50,98,195940.0
9560,4a5cf927-5e23-4267-926e-9463e171f71e,28/02/2016 12:11:50,4,195842.0
9561,4a5cf927-5e23-4267-926e-9463e171f71e,28/02/2016 11:11:50,16,195838.0
9562,4a5cf927-5e23-4267-926e-9463e171f71e,28/02/2016 10:11:53,1,195822.0
9563,4a5cf927-5e23-4267-926e-9463e171f71e,28/02/2016 09:11:53,0,195821.0
9564,4a5cf927-5e23-4267-926e-9463e171f71e,28/02/2016 08:11:53,0,195821.0
9565,4a5cf927-5e23-4267-926e-9463e171f71e,28/02/2016 07:11:53,0,195821.0
9566,4a5cf927-5e23-4267-926e-9463e171f71e,28/02/2016 06:11:52,0,195821.0
9567,4a5cf927-5e23-4267-926e-9463e171f71e,28/02/2016 05:11:52,0,195821.0
9568,4a5cf927-5e23-4267-926e-9463e171f71e,28/02/2016 04:11:52,0,195821.0
9569,4a5cf927-5e23-4267-926e-9463e171f71e,28/02/2016 03:11:52,8,195821.0
9570,4a5cf927-5e23-4267-926e-9463e171f71e,28/02/2016 02:11:53,0,195813.0
9571,4a5cf927-5e23-4267-926e-9463e171f71e,28/02/2016 01:11:53,0,195813.0
9572,4a5cf927-5e23-4267-926e-9463e171f71e,28/02/2016 00:11:53,0,195813.0
9573,4a5cf927-5e23-4267-926e-9463e171f71e,27/02/2016 23:11:53,13,195813.0
9574,4a5cf927-5e23-4267-926e-9463e171f71e,27/02/2016 22:11:52,0,195800.0
9575,4a5cf927-5e23-4267-926e-9463e171f71e,27/02/2016 21:11:52,0,195800.0
9576,4a5cf927-5e23-4267-926e-9463e171f71e,27/02/2016 20:11:52,0,195800.0
9577,4a5cf927-5e23-4267-926e-9463e171f71e,27/02/2016 19:11:52,0,195800.0
9578,4a5cf927-5e23-4267-926e-9463e171f71e,27/02/2016 18:11:55,7,195800.0
9579,4a5cf927-5e23-4267-926e-9463e171f71e,27/02/2016 17:11:55,0,195793.0
9580,4a5cf927-5e23-4267-926e-9463e171f71e,27/02/2016 16:11:55,1,195793.0
9581,4a5cf927-5e23-4267-926e-9463e171f71e,27/02/2016 15:11:55,0,195792.0
9582,4a5cf927-5e23-4267-926e-9463e171f71e,27/02/2016 14:11:54,0,195792.0
9583,4a5cf927-5e23-4267-926e-9463e171f71e,27/02/2016 13:11:54,0,195792.0
9584,4a5cf927-5e23-4267-926e-9463e171f71e,27/02/2016 12:11:54,10,195792.0
9585,4a5cf927-5e23-4267-926e-9463e171f71e,27/02/2016 11:11:54,20,195782.0
9586,4a5cf927-5e23-4267-926e-9463e171f71e,27/02/2016 10:11:55,146,195762.0
9587,4a5cf927-5e23-4267-926e-9463e171f71e,27/02/2016 09:11:55,1,195616.0
9588,4a5cf927-5e23-4267-926e-9463e171f71e,27/02/2016 08:11:55,5,195615.0
9589,4a5cf927-5e23-4267-926e-9463e171f71e,27/02/2016 07:11:55,0,195610.0
9590,4a5cf927-5e23-4267-926e-9463e171f71e,27/02/2016 06:11:54,0,195610.0
9591,4a5cf927-5e23-4267-926e-9463e171f71e,27/02/2016 05:11:54,0,195610.0
9592,4a5cf927-5e23-4267-926e-9463e171f71e,27/02/2016 04:11:54,0,195610.0
9593,4a5cf927-5e23-4267-926e-9463e171f71e,27/02/2016 03:11:54,0,195610.0
9594,4a5cf927-5e23-4267-926e-9463e171f71e,27/02/2016 02:11:55,0,195610.0
9595,4a5cf927-5e23-4267-926e-9463e171f71e,27/02/2016 01:11:55,0,195610.0
9596,4a5cf927-5e23-4267-926e-9463e171f71e,27/02/2016 00:11:55,0,195610.0
9597,4a5cf927-5e23-4267-926e-9463e171f71e,26/02/2016 23:11:55,16,195610.0
9598,4a5cf927-5e23-4267-926e-9463e171f71e,26/02/2016 22:11:55,8,195594.0
9599,4a5cf927-5e23-4267-926e-9463e171f71e,26/02/2016 21:11:55,8,195586.0
9600,4a5cf927-5e23-4267-926e-9463e171f71e,26/02/2016 20:11:55,0,195578.0
9601,4a5cf927-5e23-4267-926e-9463e171f71e,26/02/2016 19:11:55,15,195578.0
9602,4a5cf927-5e23-4267-926e-9463e171f71e,26/02/2016 18:17:03,11,195563.0
9603,4a5cf927-5e23-4267-926e-9463e171f71e,26/02/2016 17:17:03,6,195552.0
9604,4a5cf927-5e23-4267-926e-9463e171f71e,26/02/2016 16:17:03,1,195546.0
9605,4a5cf927-5e23-4267-926e-9463e171f71e,26/02/2016 15:17:03,16,195545.0
9606,4a5cf927-5e23-4267-926e-9463e171f71e,26/02/2016 14:11:56,1,195529.0
9607,4a5cf927-5e23-4267-926e-9463e171f71e,26/02/2016 13:11:56,10,195528.0
9608,4a5cf927-5e23-4267-926e-9463e171f71e,26/02/2016 12:11:56,87,195518.0
9609,4a5cf927-5e23-4267-926e-9463e171f71e,26/02/2016 11:11:56,39,195431.0
9610,4a5cf927-5e23-4267-926e-9463e171f71e,26/02/2016 10:11:58,48,195392.0
9611,4a5cf927-5e23-4267-926e-9463e171f71e,26/02/2016 09:11:58,0,195344.0
9612,4a5cf927-5e23-4267-926e-9463e171f71e,26/02/2016 08:11:58,1,195344.0
9613,4a5cf927-5e23-4267-926e-9463e171f71e,26/02/2016 07:11:58,0,195343.0
9614,4a5cf927-5e23-4267-926e-9463e171f71e,26/02/2016 06:11:57,0,195343.0
9615,4a5cf927-5e23-4267-926e-9463e171f71e,26/02/2016 05:11:57,0,195343.0
9616,4a5cf927-5e23-4267-926e-9463e171f71e,26/02/2016 04:11:57,0,195343.0
9617,4a5cf927-5e23-4267-926e-9463e171f71e,26/02/2016 03:11:57,0,195343.0
9618,4a5cf927-5e23-4267-926e-9463e171f71e,26/02/2016 02:11:59,0,195343.0
9619,4a5cf927-5e23-4267-926e-9463e171f71e,26/02/2016 01:11:59,3,195343.0
9620,4a5cf927-5e23-4267-926e-9463e171f71e,26/02/2016 00:11:59,4,195340.0
9621,4a5cf927-5e23-4267-926e-9463e171f71e,25/02/2016 23:11:59,21,195336.0
9622,4a5cf927-5e23-4267-926e-9463e171f71e,25/02/2016 22:11:58,24,195315.0
9623,4a5cf927-5e23-4267-926e-9463e171f71e,25/02/2016 21:11:58,1,195291.0
9624,4a5cf927-5e23-4267-926e-9463e171f71e,25/02/2016 20:11:58,3,195290.0
9625,4a5cf927-5e23-4267-926e-9463e171f71e,25/02/2016 19:11:58,19,195287.0
9626,4a5cf927-5e23-4267-926e-9463e171f71e,25/02/2016 18:11:59,0,195268.0
9627,4a5cf927-5e23-4267-926e-9463e171f71e,25/02/2016 17:11:59,0,195268.0
9628,4a5cf927-5e23-4267-926e-9463e171f71e,25/02/2016 16:11:59,0,195268.0
9629,4a5cf927-5e23-4267-926e-9463e171f71e,25/02/2016 15:11:59,0,195268.0
9630,4a5cf927-5e23-4267-926e-9463e171f71e,25/02/2016 14:12:08,13,195268.0
9631,4a5cf927-5e23-4267-926e-9463e171f71e,25/02/2016 13:12:08,19,195255.0
9632,4a5cf927-5e23-4267-926e-9463e171f71e,25/02/2016 12:12:08,78,195236.0
9633,4a5cf927-5e23-4267-926e-9463e171f71e,25/02/2016 11:12:08,85,195158.0
9634,4a5cf927-5e23-4267-926e-9463e171f71e,25/02/2016 10:11:59,24,195073.0
9635,4a5cf927-5e23-4267-926e-9463e171f71e,25/02/2016 09:11:59,23,195049.0
9636,4a5cf927-5e23-4267-926e-9463e171f71e,25/02/2016 08:11:59,0,195026.0
9637,4a5cf927-5e23-4267-926e-9463e171f71e,25/02/2016 07:11:59,0,195026.0
9638,4a5cf927-5e23-4267-926e-9463e171f71e,25/02/2016 06:11:58,0,195026.0
9639,4a5cf927-5e23-4267-926e-9463e171f71e,25/02/2016 05:11:58,0,195026.0
9640,4a5cf927-5e23-4267-926e-9463e171f71e,25/02/2016 04:11:58,0,195026.0
9641,4a5cf927-5e23-4267-926e-9463e171f71e,25/02/2016 03:11:58,0,195026.0
9642,4a5cf927-5e23-4267-926e-9463e171f71e,25/02/2016 02:12:00,3,195026.0
9643,4a5cf927-5e23-4267-926e-9463e171f71e,25/02/2016 01:12:00,0,195023.0
9644,4a5cf927-5e23-4267-926e-9463e171f71e,25/02/2016 00:12:00,13,195023.0
9645,4a5cf927-5e23-4267-926e-9463e171f71e,24/02/2016 23:12:00,3,195010.0
9646,4a5cf927-5e23-4267-926e-9463e171f71e,24/02/2016 22:11:59,18,195007.0
9647,4a5cf927-5e23-4267-926e-9463e171f71e,24/02/2016 21:11:59,0,194989.0
9648,4a5cf927-5e23-4267-926e-9463e171f71e,24/02/2016 20:11:59,0,194989.0
9649,4a5cf927-5e23-4267-926e-9463e171f71e,24/02/2016 19:11:59,9,194989.0
9650,4a5cf927-5e23-4267-926e-9463e171f71e,24/02/2016 18:12:02,15,194980.0
9651,4a5cf927-5e23-4267-926e-9463e171f71e,24/02/2016 17:12:02,0,194965.0
9652,4a5cf927-5e23-4267-926e-9463e171f71e,24/02/2016 16:12:02,19,194965.0
9653,4a5cf927-5e23-4267-926e-9463e171f71e,24/02/2016 15:12:02,0,194946.0
9654,4a5cf927-5e23-4267-926e-9463e171f71e,24/02/2016 14:12:00,17,194946.0
9655,4a5cf927-5e23-4267-926e-9463e171f71e,24/02/2016 13:12:00,1,194929.0
9656,4a5cf927-5e23-4267-926e-9463e171f71e,24/02/2016 12:12:00,78,194928.0
9657,4a5cf927-5e23-4267-926e-9463e171f71e,24/02/2016 11:12:00,6,194850.0
9658,4a5cf927-5e23-4267-926e-9463e171f71e,24/02/2016 10:12:02,34,194844.0
9659,4a5cf927-5e23-4267-926e-9463e171f71e,24/02/2016 09:12:02,5,194810.0
9660,4a5cf927-5e23-4267-926e-9463e171f71e,24/02/2016 08:12:02,0,194805.0
9661,4a5cf927-5e23-4267-926e-9463e171f71e,24/02/2016 07:12:02,0,194805.0
9662,4a5cf927-5e23-4267-926e-9463e171f71e,24/02/2016 06:12:01,0,194805.0
9663,4a5cf927-5e23-4267-926e-9463e171f71e,24/02/2016 05:12:01,0,194805.0
9664,4a5cf927-5e23-4267-926e-9463e171f71e,24/02/2016 04:12:01,0,194805.0
9665,4a5cf927-5e23-4267-926e-9463e171f71e,24/02/2016 03:12:01,0,194805.0
9666,4a5cf927-5e23-4267-926e-9463e171f71e,24/02/2016 02:12:03,0,194805.0
9667,4a5cf927-5e23-4267-926e-9463e171f71e,24/02/2016 01:12:03,0,194805.0
9668,4a5cf927-5e23-4267-926e-9463e171f71e,24/02/2016 00:12:03,6,194805.0
9669,4a5cf927-5e23-4267-926e-9463e171f71e,23/02/2016 23:12:03,5,194799.0
9670,4a5cf927-5e23-4267-926e-9463e171f71e,23/02/2016 22:12:02,0,194794.0
9671,4a5cf927-5e23-4267-926e-9463e171f71e,23/02/2016 21:12:02,7,194794.0
9672,4a5cf927-5e23-4267-926e-9463e171f71e,23/02/2016 20:12:02,0,194787.0
9673,4a5cf927-5e23-4267-926e-9463e171f71e,23/02/2016 19:12:02,0,194787.0
9674,4a5cf927-5e23-4267-926e-9463e171f71e,23/02/2016 18:12:06,0,194787.0
9675,4a5cf927-5e23-4267-926e-9463e171f71e,23/02/2016 17:12:06,0,194787.0
9676,4a5cf927-5e23-4267-926e-9463e171f71e,23/02/2016 16:12:06,11,194787.0
9677,4a5cf927-5e23-4267-926e-9463e171f71e,23/02/2016 15:12:06,26,194776.0
9678,4a5cf927-5e23-4267-926e-9463e171f71e,23/02/2016 14:12:59,16,194750.0
9679,4a5cf927-5e23-4267-926e-9463e171f71e,23/02/2016 13:12:59,4,194734.0
9680,4a5cf927-5e23-4267-926e-9463e171f71e,23/02/2016 12:12:59,75,194730.0
9681,4a5cf927-5e23-4267-926e-9463e171f71e,23/02/2016 11:12:59,6,194655.0
9682,4a5cf927-5e23-4267-926e-9463e171f71e,23/02/2016 10:12:05,72,194649.0
9683,4a5cf927-5e23-4267-926e-9463e171f71e,23/02/2016 09:12:05,14,194577.0
9684,4a5cf927-5e23-4267-926e-9463e171f71e,23/02/2016 08:12:05,0,194563.0
9685,4a5cf927-5e23-4267-926e-9463e171f71e,23/02/2016 07:12:05,0,194563.0
9686,4a5cf927-5e23-4267-926e-9463e171f71e,23/02/2016 06:12:05,0,194563.0
9687,4a5cf927-5e23-4267-926e-9463e171f71e,23/02/2016 05:12:05,0,194563.0
9688,4a5cf927-5e23-4267-926e-9463e171f71e,23/02/2016 04:12:05,0,194563.0
9689,4a5cf927-5e23-4267-926e-9463e171f71e,23/02/2016 03:12:05,0,194563.0
9690,4a5cf927-5e23-4267-926e-9463e171f71e,23/02/2016 02:12:06,0,194563.0
9691,4a5cf927-5e23-4267-926e-9463e171f71e,23/02/2016 01:12:06,2,194563.0
9692,4a5cf927-5e23-4267-926e-9463e171f71e,23/02/2016 00:12:06,15,194561.0
9693,4a5cf927-5e23-4267-926e-9463e171f71e,22/02/2016 23:12:06,31,194546.0
9694,4a5cf927-5e23-4267-926e-9463e171f71e,22/02/2016 22:12:05,18,194515.0
9695,4a5cf927-5e23-4267-926e-9463e171f71e,22/02/2016 21:12:05,0,194497.0
9696,4a5cf927-5e23-4267-926e-9463e171f71e,22/02/2016 20:12:05,5,194497.0
9697,4a5cf927-5e23-4267-926e-9463e171f71e,22/02/2016 19:12:05,5,194492.0
9698,4a5cf927-5e23-4267-926e-9463e171f71e,22/02/2016 18:12:08,17,194487.0
9699,4a5cf927-5e23-4267-926e-9463e171f71e,22/02/2016 17:12:08,31,194470.0
9700,4a5cf927-5e23-4267-926e-9463e171f71e,22/02/2016 16:12:08,39,194439.0
9701,4a5cf927-5e23-4267-926e-9463e171f71e,22/02/2016 15:12:08,7,194400.0
9702,4a5cf927-5e23-4267-926e-9463e171f71e,22/02/2016 14:12:25,8,194393.0
9703,4a5cf927-5e23-4267-926e-9463e171f71e,22/02/2016 13:12:25,6,194385.0
9704,4a5cf927-5e23-4267-926e-9463e171f71e,22/02/2016 12:12:25,80,194379.0
9705,4a5cf927-5e23-4267-926e-9463e171f71e,22/02/2016 11:12:25,22,194299.0
9706,4a5cf927-5e23-4267-926e-9463e171f71e,22/02/2016 10:12:08,26,194277.0
9707,4a5cf927-5e23-4267-926e-9463e171f71e,22/02/2016 09:12:08,0,194251.0
9708,4a5cf927-5e23-4267-926e-9463e171f71e,22/02/2016 08:12:08,6,194251.0
9709,4a5cf927-5e23-4267-926e-9463e171f71e,22/02/2016 07:12:08,0,194245.0
9710,4a5cf927-5e23-4267-926e-9463e171f71e,22/02/2016 06:12:07,0,194245.0
9711,4a5cf927-5e23-4267-926e-9463e171f71e,22/02/2016 05:12:07,0,194245.0
9712,4a5cf927-5e23-4267-926e-9463e171f71e,22/02/2016 04:12:07,0,194245.0
9713,4a5cf927-5e23-4267-926e-9463e171f71e,22/02/2016 03:12:07,0,194245.0
9714,4a5cf927-5e23-4267-926e-9463e171f71e,22/02/2016 02:12:06,0,194245.0
9715,4a5cf927-5e23-4267-926e-9463e171f71e,22/02/2016 01:12:06,0,194245.0
9716,4a5cf927-5e23-4267-926e-9463e171f71e,22/02/2016 00:12:06,11,194245.0
9717,4a5cf927-5e23-4267-926e-9463e171f71e,21/02/2016 23:12:06,57,194234.0
9718,4a5cf927-5e23-4267-926e-9463e171f71e,21/02/2016 18:12:09,9,194177.0
9719,4a5cf927-5e23-4267-926e-9463e171f71e,21/02/2016 17:12:09,0,194168.0
9720,4a5cf927-5e23-4267-926e-9463e171f71e,21/02/2016 16:12:09,40,194168.0
9721,4a5cf927-5e23-4267-926e-9463e171f71e,21/02/2016 15:12:09,4,194128.0
9722,4a5cf927-5e23-4267-926e-9463e171f71e,21/02/2016 14:12:07,72,194124.0
9723,4a5cf927-5e23-4267-926e-9463e171f71e,21/02/2016 13:12:07,52,194052.0
9724,4a5cf927-5e23-4267-926e-9463e171f71e,21/02/2016 12:12:07,142,194000.0
9725,4a5cf927-5e23-4267-926e-9463e171f71e,21/02/2016 11:12:07,525,193858.0
9726,4a5cf927-5e23-4267-926e-9463e171f71e,21/02/2016 10:12:09,78,193333.0
9727,4a5cf927-5e23-4267-926e-9463e171f71e,21/02/2016 09:12:09,0,193255.0
9728,4a5cf927-5e23-4267-926e-9463e171f71e,21/02/2016 08:12:09,0,193255.0
9729,4a5cf927-5e23-4267-926e-9463e171f71e,21/02/2016 07:12:09,0,193255.0
9730,4a5cf927-5e23-4267-926e-9463e171f71e,21/02/2016 06:12:09,0,193255.0
9731,4a5cf927-5e23-4267-926e-9463e171f71e,21/02/2016 05:12:09,0,193255.0
9732,4a5cf927-5e23-4267-926e-9463e171f71e,21/02/2016 04:12:09,0,193255.0
9733,4a5cf927-5e23-4267-926e-9463e171f71e,21/02/2016 03:12:09,0,193255.0
9734,4a5cf927-5e23-4267-926e-9463e171f71e,21/02/2016 02:12:12,0,193255.0
9735,4a5cf927-5e23-4267-926e-9463e171f71e,21/02/2016 01:12:12,10,193255.0
9736,4a5cf927-5e23-4267-926e-9463e171f71e,21/02/2016 00:12:12,10,193245.0
9737,4a5cf927-5e23-4267-926e-9463e171f71e,20/02/2016 23:12:12,7,193235.0
9738,4a5cf927-5e23-4267-926e-9463e171f71e,20/02/2016 18:12:11,0,193228.0
9739,4a5cf927-5e23-4267-926e-9463e171f71e,20/02/2016 17:12:11,0,193228.0
9740,4a5cf927-5e23-4267-926e-9463e171f71e,20/02/2016 16:12:11,0,193228.0
9741,4a5cf927-5e23-4267-926e-9463e171f71e,20/02/2016 15:12:11,10,193228.0
9742,4a5cf927-5e23-4267-926e-9463e171f71e,20/02/2016 14:12:09,1,193218.0
9743,4a5cf927-5e23-4267-926e-9463e171f71e,20/02/2016 13:12:09,1,193217.0
9744,4a5cf927-5e23-4267-926e-9463e171f71e,20/02/2016 12:12:09,17,193216.0
9745,4a5cf927-5e23-4267-926e-9463e171f71e,20/02/2016 11:12:09,18,193199.0
9746,4a5cf927-5e23-4267-926e-9463e171f71e,20/02/2016 10:12:11,60,193181.0
9747,4a5cf927-5e23-4267-926e-9463e171f71e,20/02/2016 09:12:11,36,193121.0
9748,4a5cf927-5e23-4267-926e-9463e171f71e,20/02/2016 08:12:11,72,193085.0
9749,4a5cf927-5e23-4267-926e-9463e171f71e,20/02/2016 07:12:11,0,193013.0
9750,4a5cf927-5e23-4267-926e-9463e171f71e,20/02/2016 06:12:11,0,193013.0
9751,4a5cf927-5e23-4267-926e-9463e171f71e,20/02/2016 05:12:11,0,193013.0
9752,4a5cf927-5e23-4267-926e-9463e171f71e,20/02/2016 04:12:11,0,193013.0
9753,4a5cf927-5e23-4267-926e-9463e171f71e,20/02/2016 03:12:11,0,193013.0
9754,4a5cf927-5e23-4267-926e-9463e171f71e,20/02/2016 02:12:12,0,193013.0
9755,4a5cf927-5e23-4267-926e-9463e171f71e,20/02/2016 01:12:12,10,193013.0
9756,4a5cf927-5e23-4267-926e-9463e171f71e,20/02/2016 00:12:12,0,193003.0
9757,4a5cf927-5e23-4267-926e-9463e171f71e,19/02/2016 23:12:12,0,193003.0
9758,4a5cf927-5e23-4267-926e-9463e171f71e,19/02/2016 22:12:12,0,193003.0
9759,4a5cf927-5e23-4267-926e-9463e171f71e,19/02/2016 21:12:12,0,193003.0
9760,4a5cf927-5e23-4267-926e-9463e171f71e,19/02/2016 20:12:12,13,193003.0
9761,4a5cf927-5e23-4267-926e-9463e171f71e,19/02/2016 19:12:12,9,192990.0
9762,4a5cf927-5e23-4267-926e-9463e171f71e,19/02/2016 18:12:13,0,192981.0
9763,4a5cf927-5e23-4267-926e-9463e171f71e,19/02/2016 17:12:13,3,192981.0
9764,4a5cf927-5e23-4267-926e-9463e171f71e,19/02/2016 16:12:13,19,192978.0
9765,4a5cf927-5e23-4267-926e-9463e171f71e,19/02/2016 15:12:13,9,192959.0
9766,4a5cf927-5e23-4267-926e-9463e171f71e,19/02/2016 14:12:12,1,192950.0
9767,4a5cf927-5e23-4267-926e-9463e171f71e,19/02/2016 13:12:12,0,192949.0
9768,4a5cf927-5e23-4267-926e-9463e171f71e,19/02/2016 12:12:12,7,192949.0
9769,4a5cf927-5e23-4267-926e-9463e171f71e,19/02/2016 11:12:12,4,192942.0
9770,4a5cf927-5e23-4267-926e-9463e171f71e,19/02/2016 10:13:55,17,192938.0
9771,4a5cf927-5e23-4267-926e-9463e171f71e,19/02/2016 09:13:55,16,192921.0
9772,4a5cf927-5e23-4267-926e-9463e171f71e,19/02/2016 08:13:55,72,192905.0
9773,4a5cf927-5e23-4267-926e-9463e171f71e,19/02/2016 07:13:55,0,192833.0
9774,4a5cf927-5e23-4267-926e-9463e171f71e,19/02/2016 06:12:13,0,192833.0
9775,4a5cf927-5e23-4267-926e-9463e171f71e,19/02/2016 05:12:13,0,192833.0
9776,4a5cf927-5e23-4267-926e-9463e171f71e,19/02/2016 04:12:13,0,192833.0
9777,4a5cf927-5e23-4267-926e-9463e171f71e,19/02/2016 03:12:13,0,192833.0
9778,4a5cf927-5e23-4267-926e-9463e171f71e,19/02/2016 02:12:14,0,192833.0
9779,4a5cf927-5e23-4267-926e-9463e171f71e,19/02/2016 01:12:14,2,192833.0
9780,4a5cf927-5e23-4267-926e-9463e171f71e,19/02/2016 00:12:14,4,192831.0
9781,4a5cf927-5e23-4267-926e-9463e171f71e,18/02/2016 23:12:14,9,192827.0
9782,4a5cf927-5e23-4267-926e-9463e171f71e,18/02/2016 22:12:16,13,192818.0
9783,4a5cf927-5e23-4267-926e-9463e171f71e,18/02/2016 21:12:16,5,192805.0
9784,4a5cf927-5e23-4267-926e-9463e171f71e,18/02/2016 20:12:16,0,192800.0
9785,4a5cf927-5e23-4267-926e-9463e171f71e,18/02/2016 19:12:16,5,192800.0
9786,4a5cf927-5e23-4267-926e-9463e171f71e,18/02/2016 18:12:16,11,192795.0
9787,4a5cf927-5e23-4267-926e-9463e171f71e,18/02/2016 17:12:16,7,192784.0
9788,4a5cf927-5e23-4267-926e-9463e171f71e,18/02/2016 16:12:16,11,192777.0
9789,4a5cf927-5e23-4267-926e-9463e171f71e,18/02/2016 15:12:16,9,192766.0
9790,4a5cf927-5e23-4267-926e-9463e171f71e,18/02/2016 14:12:14,0,192757.0
9791,4a5cf927-5e23-4267-926e-9463e171f71e,18/02/2016 13:12:14,12,192757.0
9792,4a5cf927-5e23-4267-926e-9463e171f71e,18/02/2016 12:12:14,33,192745.0
9793,4a5cf927-5e23-4267-926e-9463e171f71e,18/02/2016 11:12:14,92,192712.0
9794,4a5cf927-5e23-4267-926e-9463e171f71e,18/02/2016 10:12:17,3,192620.0
9795,4a5cf927-5e23-4267-926e-9463e171f71e,18/02/2016 09:12:17,22,192617.0
9796,4a5cf927-5e23-4267-926e-9463e171f71e,18/02/2016 08:12:17,67,192595.0
9797,4a5cf927-5e23-4267-926e-9463e171f71e,18/02/2016 07:12:17,0,192528.0
9798,4a5cf927-5e23-4267-926e-9463e171f71e,18/02/2016 06:12:15,0,192528.0
9799,4a5cf927-5e23-4267-926e-9463e171f71e,18/02/2016 05:12:15,0,192528.0
9800,4a5cf927-5e23-4267-926e-9463e171f71e,18/02/2016 04:12:15,0,192528.0
9801,4a5cf927-5e23-4267-926e-9463e171f71e,18/02/2016 03:12:15,0,192528.0
9802,4a5cf927-5e23-4267-926e-9463e171f71e,18/02/2016 02:12:17,0,192528.0
9803,4a5cf927-5e23-4267-926e-9463e171f71e,18/02/2016 01:12:17,0,192528.0
9804,4a5cf927-5e23-4267-926e-9463e171f71e,18/02/2016 00:12:17,1,192528.0
9805,4a5cf927-5e23-4267-926e-9463e171f71e,17/02/2016 23:12:17,12,192527.0
9806,4a5cf927-5e23-4267-926e-9463e171f71e,17/02/2016 18:12:20,4,192515.0
9807,4a5cf927-5e23-4267-926e-9463e171f71e,17/02/2016 17:12:20,3,192511.0
9808,4a5cf927-5e23-4267-926e-9463e171f71e,17/02/2016 16:12:20,51,192508.0
9809,4a5cf927-5e23-4267-926e-9463e171f71e,17/02/2016 15:12:20,29,192457.0
9810,4a5cf927-5e23-4267-926e-9463e171f71e,17/02/2016 14:12:17,24,192428.0
9811,4a5cf927-5e23-4267-926e-9463e171f71e,17/02/2016 13:12:17,24,192404.0
9812,4a5cf927-5e23-4267-926e-9463e171f71e,17/02/2016 12:12:17,23,192380.0
9813,4a5cf927-5e23-4267-926e-9463e171f71e,17/02/2016 11:12:17,110,192357.0
9814,4a5cf927-5e23-4267-926e-9463e171f71e,17/02/2016 10:12:19,0,192247.0
9815,4a5cf927-5e23-4267-926e-9463e171f71e,17/02/2016 09:12:19,5,192247.0
9816,4a5cf927-5e23-4267-926e-9463e171f71e,17/02/2016 08:12:19,1,192242.0
9817,4a5cf927-5e23-4267-926e-9463e171f71e,17/02/2016 07:12:19,0,192241.0
9818,4a5cf927-5e23-4267-926e-9463e171f71e,17/02/2016 06:12:18,0,192241.0
9819,4a5cf927-5e23-4267-926e-9463e171f71e,17/02/2016 05:12:18,0,192241.0
9820,4a5cf927-5e23-4267-926e-9463e171f71e,17/02/2016 04:12:18,0,192241.0
9821,4a5cf927-5e23-4267-926e-9463e171f71e,17/02/2016 03:12:18,0,192241.0
9822,4a5cf927-5e23-4267-926e-9463e171f71e,17/02/2016 02:12:19,0,192241.0
9823,4a5cf927-5e23-4267-926e-9463e171f71e,17/02/2016 01:12:19,0,192241.0
9824,4a5cf927-5e23-4267-926e-9463e171f71e,17/02/2016 00:12:19,1,192241.0
9825,4a5cf927-5e23-4267-926e-9463e171f71e,16/02/2016 23:12:19,3,192240.0
9826,4a5cf927-5e23-4267-926e-9463e171f71e,16/02/2016 22:12:18,11,192237.0
9827,4a5cf927-5e23-4267-926e-9463e171f71e,16/02/2016 21:12:18,0,192226.0
9828,4a5cf927-5e23-4267-926e-9463e171f71e,16/02/2016 20:12:18,4,192226.0
9829,4a5cf927-5e23-4267-926e-9463e171f71e,16/02/2016 19:12:18,13,192222.0
9830,4a5cf927-5e23-4267-926e-9463e171f71e,16/02/2016 18:12:20,2,192209.0
9831,4a5cf927-5e23-4267-926e-9463e171f71e,16/02/2016 17:12:20,0,192207.0
9832,4a5cf927-5e23-4267-926e-9463e171f71e,16/02/2016 16:12:20,23,192207.0
9833,4a5cf927-5e23-4267-926e-9463e171f71e,16/02/2016 15:12:20,0,192184.0
9834,4a5cf927-5e23-4267-926e-9463e171f71e,16/02/2016 14:12:19,7,192184.0
9835,4a5cf927-5e23-4267-926e-9463e171f71e,16/02/2016 13:12:19,0,192177.0
9836,4a5cf927-5e23-4267-926e-9463e171f71e,16/02/2016 12:12:19,6,192177.0
9837,4a5cf927-5e23-4267-926e-9463e171f71e,16/02/2016 11:12:19,164,192171.0
9838,4a5cf927-5e23-4267-926e-9463e171f71e,16/02/2016 06:12:22,0,192007.0
9839,4a5cf927-5e23-4267-926e-9463e171f71e,16/02/2016 05:12:22,0,192007.0
9840,4a5cf927-5e23-4267-926e-9463e171f71e,16/02/2016 04:12:22,0,192007.0
9841,4a5cf927-5e23-4267-926e-9463e171f71e,16/02/2016 03:12:22,0,192007.0
9842,4a5cf927-5e23-4267-926e-9463e171f71e,16/02/2016 02:12:24,0,192007.0
9843,4a5cf927-5e23-4267-926e-9463e171f71e,16/02/2016 01:12:24,2,192007.0
9844,4a5cf927-5e23-4267-926e-9463e171f71e,16/02/2016 00:12:24,15,192005.0
9845,4a5cf927-5e23-4267-926e-9463e171f71e,15/02/2016 23:12:24,15,191990.0
9846,4a5cf927-5e23-4267-926e-9463e171f71e,15/02/2016 22:12:23,17,191975.0
9847,4a5cf927-5e23-4267-926e-9463e171f71e,15/02/2016 21:12:23,8,191958.0
9848,4a5cf927-5e23-4267-926e-9463e171f71e,15/02/2016 20:12:23,0,191950.0
9849,4a5cf927-5e23-4267-926e-9463e171f71e,15/02/2016 19:12:23,23,191950.0
9850,4a5cf927-5e23-4267-926e-9463e171f71e,15/02/2016 14:12:21,12,191927.0
9851,4a5cf927-5e23-4267-926e-9463e171f71e,15/02/2016 13:12:21,10,191915.0
9852,4a5cf927-5e23-4267-926e-9463e171f71e,15/02/2016 12:12:21,70,191905.0
9853,4a5cf927-5e23-4267-926e-9463e171f71e,15/02/2016 11:12:21,30,191835.0
9854,4a5cf927-5e23-4267-926e-9463e171f71e,15/02/2016 10:12:23,13,191805.0
9855,4a5cf927-5e23-4267-926e-9463e171f71e,15/02/2016 09:12:23,0,191792.0
9856,4a5cf927-5e23-4267-926e-9463e171f71e,15/02/2016 08:12:23,0,191792.0
9857,4a5cf927-5e23-4267-926e-9463e171f71e,15/02/2016 07:12:23,0,191792.0
9858,4a5cf927-5e23-4267-926e-9463e171f71e,15/02/2016 06:12:21,0,191792.0
9859,4a5cf927-5e23-4267-926e-9463e171f71e,15/02/2016 05:12:21,0,191792.0
9860,4a5cf927-5e23-4267-926e-9463e171f71e,15/02/2016 04:12:21,0,191792.0
9861,4a5cf927-5e23-4267-926e-9463e171f71e,15/02/2016 03:12:21,0,191792.0
9862,4a5cf927-5e23-4267-926e-9463e171f71e,15/02/2016 02:12:26,0,191792.0
9863,4a5cf927-5e23-4267-926e-9463e171f71e,15/02/2016 01:12:26,0,191792.0
9864,4a5cf927-5e23-4267-926e-9463e171f71e,15/02/2016 00:12:26,1,191792.0
9865,4a5cf927-5e23-4267-926e-9463e171f71e,14/02/2016 23:12:26,18,191791.0
9866,4a5cf927-5e23-4267-926e-9463e171f71e,14/02/2016 14:12:24,0,191773.0
9867,4a5cf927-5e23-4267-926e-9463e171f71e,14/02/2016 13:12:24,97,191773.0
9868,4a5cf927-5e23-4267-926e-9463e171f71e,14/02/2016 12:12:24,20,191676.0
9869,4a5cf927-5e23-4267-926e-9463e171f71e,14/02/2016 11:12:24,0,191656.0
9870,4a5cf927-5e23-4267-926e-9463e171f71e,14/02/2016 10:12:26,0,191656.0
9871,4a5cf927-5e23-4267-926e-9463e171f71e,14/02/2016 09:12:26,0,191656.0
9872,4a5cf927-5e23-4267-926e-9463e171f71e,14/02/2016 08:12:26,0,191656.0
9873,4a5cf927-5e23-4267-926e-9463e171f71e,14/02/2016 07:12:26,0,191656.0
9874,4a5cf927-5e23-4267-926e-9463e171f71e,14/02/2016 06:12:30,0,191656.0
9875,4a5cf927-5e23-4267-926e-9463e171f71e,14/02/2016 05:12:30,0,191656.0
9876,4a5cf927-5e23-4267-926e-9463e171f71e,14/02/2016 04:12:30,13,191656.0
9877,4a5cf927-5e23-4267-926e-9463e171f71e,14/02/2016 03:12:30,0,191643.0
9878,4a5cf927-5e23-4267-926e-9463e171f71e,14/02/2016 02:12:27,0,191643.0
9879,4a5cf927-5e23-4267-926e-9463e171f71e,14/02/2016 01:12:27,0,191643.0
9880,4a5cf927-5e23-4267-926e-9463e171f71e,14/02/2016 00:12:27,0,191643.0
9881,4a5cf927-5e23-4267-926e-9463e171f71e,13/02/2016 23:12:27,52,191643.0
9882,4a5cf927-5e23-4267-926e-9463e171f71e,13/02/2016 18:12:28,4,191591.0
9883,4a5cf927-5e23-4267-926e-9463e171f71e,13/02/2016 17:12:28,4,191587.0
9884,4a5cf927-5e23-4267-926e-9463e171f71e,13/02/2016 16:12:28,12,191583.0
9885,4a5cf927-5e23-4267-926e-9463e171f71e,13/02/2016 15:12:28,8,191571.0
9886,4a5cf927-5e23-4267-926e-9463e171f71e,13/02/2016 14:12:27,7,191563.0
9887,4a5cf927-5e23-4267-926e-9463e171f71e,13/02/2016 13:12:27,0,191556.0
9888,4a5cf927-5e23-4267-926e-9463e171f71e,13/02/2016 12:12:27,0,191556.0
9889,4a5cf927-5e23-4267-926e-9463e171f71e,13/02/2016 11:12:27,102,191556.0
9890,4a5cf927-5e23-4267-926e-9463e171f71e,13/02/2016 06:12:27,0,191454.0
9891,4a5cf927-5e23-4267-926e-9463e171f71e,13/02/2016 05:12:27,0,191454.0
9892,4a5cf927-5e23-4267-926e-9463e171f71e,13/02/2016 04:12:27,0,191454.0
9893,4a5cf927-5e23-4267-926e-9463e171f71e,13/02/2016 03:12:27,7,191454.0
9894,4a5cf927-5e23-4267-926e-9463e171f71e,12/2/2016 22:12,2,191447.0
9895,4a5cf927-5e23-4267-926e-9463e171f71e,12/2/2016 21:12,4,191445.0
9896,4a5cf927-5e23-4267-926e-9463e171f71e,12/2/2016 20:12,6,191441.0
9897,4a5cf927-5e23-4267-926e-9463e171f71e,12/2/2016 19:12,6,191435.0
9898,4a5cf927-5e23-4267-926e-9463e171f71e,12/2/2016 18:14,0,191429.0
9899,4a5cf927-5e23-4267-926e-9463e171f71e,12/2/2016 17:14,8,191429.0
9900,4a5cf927-5e23-4267-926e-9463e171f71e,12/2/2016 16:14,30,191421.0
9901,4a5cf927-5e23-4267-926e-9463e171f71e,12/2/2016 15:14,0,191391.0
9902,4a5cf927-5e23-4267-926e-9463e171f71e,12/2/2016 14:12,4,191391.0
9903,4a5cf927-5e23-4267-926e-9463e171f71e,12/2/2016 13:12,0,191387.0
9904,4a5cf927-5e23-4267-926e-9463e171f71e,12/2/2016 12:12,11,191387.0
9905,4a5cf927-5e23-4267-926e-9463e171f71e,12/2/2016 11:12,90,191376.0
9906,4a5cf927-5e23-4267-926e-9463e171f71e,12/2/2016 10:12,39,191286.0
9907,4a5cf927-5e23-4267-926e-9463e171f71e,12/2/2016 9:12,22,191247.0
9908,4a5cf927-5e23-4267-926e-9463e171f71e,12/2/2016 8:12,74,191225.0
9909,4a5cf927-5e23-4267-926e-9463e171f71e,12/2/2016 7:12,0,191151.0
9910,4a5cf927-5e23-4267-926e-9463e171f71e,12/2/2016 6:12,0,191151.0
9911,4a5cf927-5e23-4267-926e-9463e171f71e,12/2/2016 5:12,0,191151.0
9912,4a5cf927-5e23-4267-926e-9463e171f71e,12/2/2016 4:12,0,191151.0
9913,4a5cf927-5e23-4267-926e-9463e171f71e,12/2/2016 3:12,0,191151.0
9914,4a5cf927-5e23-4267-926e-9463e171f71e,12/2/2016 2:12,0,191151.0
9915,4a5cf927-5e23-4267-926e-9463e171f71e,12/2/2016 1:12,0,191151.0
9916,4a5cf927-5e23-4267-926e-9463e171f71e,12/2/2016 0:12,4,191151.0
9917,4a5cf927-5e23-4267-926e-9463e171f71e,11/2/2016 23:12,3,191147.0
9918,4a5cf927-5e23-4267-926e-9463e171f71e,11/2/2016 22:12,8,191144.0
9919,4a5cf927-5e23-4267-926e-9463e171f71e,11/2/2016 21:12,10,191136.0
9920,4a5cf927-5e23-4267-926e-9463e171f71e,11/2/2016 20:12,5,191126.0
9921,4a5cf927-5e23-4267-926e-9463e171f71e,11/2/2016 19:12,0,191121.0
9922,4a5cf927-5e23-4267-926e-9463e171f71e,11/2/2016 18:12,0,191121.0
9923,4a5cf927-5e23-4267-926e-9463e171f71e,11/2/2016 17:12,8,191121.0
9924,4a5cf927-5e23-4267-926e-9463e171f71e,11/2/2016 16:12,5,191113.0
9925,4a5cf927-5e23-4267-926e-9463e171f71e,11/2/2016 15:12,21,191108.0
9926,4a5cf927-5e23-4267-926e-9463e171f71e,11/2/2016 14:12,2,191087.0
9927,4a5cf927-5e23-4267-926e-9463e171f71e,11/2/2016 13:12,14,191085.0
9928,4a5cf927-5e23-4267-926e-9463e171f71e,11/2/2016 12:12,0,191071.0
9929,4a5cf927-5e23-4267-926e-9463e171f71e,11/2/2016 11:12,0,191071.0
9930,4a5cf927-5e23-4267-926e-9463e171f71e,11/2/2016 10:12,16,191071.0
9931,4a5cf927-5e23-4267-926e-9463e171f71e,11/2/2016 9:12,39,191055.0
9932,4a5cf927-5e23-4267-926e-9463e171f71e,11/2/2016 8:12,72,191016.0
9933,4a5cf927-5e23-4267-926e-9463e171f71e,11/2/2016 7:12,0,190944.0
9934,4a5cf927-5e23-4267-926e-9463e171f71e,11/2/2016 6:12,0,190944.0
9935,4a5cf927-5e23-4267-926e-9463e171f71e,11/2/2016 5:12,0,190944.0
9936,4a5cf927-5e23-4267-926e-9463e171f71e,11/2/2016 4:12,0,190944.0
9937,4a5cf927-5e23-4267-926e-9463e171f71e,11/2/2016 3:12,0,190944.0
9938,4a5cf927-5e23-4267-926e-9463e171f71e,11/2/2016 2:12,0,190944.0
9939,4a5cf927-5e23-4267-926e-9463e171f71e,11/2/2016 1:12,6,190944.0
9940,4a5cf927-5e23-4267-926e-9463e171f71e,11/2/2016 0:12,1,190938.0
9941,4a5cf927-5e23-4267-926e-9463e171f71e,10/2/2016 23:12,131,190937.0
9942,4a5cf927-5e23-4267-926e-9463e171f71e,10/2/2016 18:12,0,190806.0
9943,4a5cf927-5e23-4267-926e-9463e171f71e,10/2/2016 17:12,5,190806.0
9944,4a5cf927-5e23-4267-926e-9463e171f71e,10/2/2016 16:12,0,190801.0
9945,4a5cf927-5e23-4267-926e-9463e171f71e,10/2/2016 15:12,7,190801.0
9946,4a5cf927-5e23-4267-926e-9463e171f71e,10/2/2016 14:12,36,190794.0
9947,4a5cf927-5e23-4267-926e-9463e171f71e,10/2/2016 13:12,17,190758.0
9948,4a5cf927-5e23-4267-926e-9463e171f71e,10/2/2016 12:12,1,190741.0
9949,4a5cf927-5e23-4267-926e-9463e171f71e,10/2/2016 11:12,0,190740.0
9950,4a5cf927-5e23-4267-926e-9463e171f71e,10/2/2016 10:12,0,190740.0
9951,4a5cf927-5e23-4267-926e-9463e171f71e,10/2/2016 9:12,28,190740.0
9952,4a5cf927-5e23-4267-926e-9463e171f71e,10/2/2016 8:12,75,190712.0
9953,4a5cf927-5e23-4267-926e-9463e171f71e,10/2/2016 7:12,0,190637.0
9954,4a5cf927-5e23-4267-926e-9463e171f71e,10/2/2016 6:12,0,190637.0
9955,4a5cf927-5e23-4267-926e-9463e171f71e,10/2/2016 5:12,0,190637.0
9956,4a5cf927-5e23-4267-926e-9463e171f71e,10/2/2016 4:12,0,190637.0
9957,4a5cf927-5e23-4267-926e-9463e171f71e,10/2/2016 3:12,105,190637.0
9958,4a5cf927-5e23-4267-926e-9463e171f71e,9/2/2016 18:12,5,190532.0
9959,4a5cf927-5e23-4267-926e-9463e171f71e,9/2/2016 17:12,6,190527.0
9960,4a5cf927-5e23-4267-926e-9463e171f71e,9/2/2016 16:12,36,190521.0
9961,4a5cf927-5e23-4267-926e-9463e171f71e,9/2/2016 15:12,1,190485.0
9962,4a5cf927-5e23-4267-926e-9463e171f71e,9/2/2016 14:12,0,190484.0
9963,4a5cf927-5e23-4267-926e-9463e171f71e,9/2/2016 13:12,0,190484.0
9964,4a5cf927-5e23-4267-926e-9463e171f71e,9/2/2016 12:12,84,190484.0
9965,4a5cf927-5e23-4267-926e-9463e171f71e,9/2/2016 11:12,7,190400.0
9966,4a5cf927-5e23-4267-926e-9463e171f71e,9/2/2016 10:12,7,190393.0
9967,4a5cf927-5e23-4267-926e-9463e171f71e,9/2/2016 9:12,5,190386.0
9968,4a5cf927-5e23-4267-926e-9463e171f71e,9/2/2016 8:12,0,190381.0
9969,4a5cf927-5e23-4267-926e-9463e171f71e,9/2/2016 7:12,0,190381.0
9970,4a5cf927-5e23-4267-926e-9463e171f71e,9/2/2016 6:12,0,190381.0
9971,4a5cf927-5e23-4267-926e-9463e171f71e,9/2/2016 5:12,0,190381.0
9972,4a5cf927-5e23-4267-926e-9463e171f71e,9/2/2016 4:12,0,190381.0
9973,4a5cf927-5e23-4267-926e-9463e171f71e,9/2/2016 3:12,0,190381.0
9974,4a5cf927-5e23-4267-926e-9463e171f71e,9/2/2016 2:12,5,190381.0
9975,4a5cf927-5e23-4267-926e-9463e171f71e,9/2/2016 1:12,0,190376.0
9976,4a5cf927-5e23-4267-926e-9463e171f71e,9/2/2016 0:12,0,190376.0
9977,4a5cf927-5e23-4267-926e-9463e171f71e,8/2/2016 23:12,0,190376.0
9978,4a5cf927-5e23-4267-926e-9463e171f71e,8/2/2016 22:12,0,190376.0
9979,4a5cf927-5e23-4267-926e-9463e171f71e,8/2/2016 21:12,4,190376.0
9980,4a5cf927-5e23-4267-926e-9463e171f71e,8/2/2016 20:12,0,190372.0
9981,4a5cf927-5e23-4267-926e-9463e171f71e,8/2/2016 19:12,0,190372.0
9982,4a5cf927-5e23-4267-926e-9463e171f71e,8/2/2016 18:12,0,190372.0
9983,4a5cf927-5e23-4267-926e-9463e171f71e,8/2/2016 17:12,1,190372.0
9984,4a5cf927-5e23-4267-926e-9463e171f71e,8/2/2016 16:12,0,190371.0
9985,4a5cf927-5e23-4267-926e-9463e171f71e,8/2/2016 15:12,11,190371.0
9986,4a5cf927-5e23-4267-926e-9463e171f71e,8/2/2016 14:12,2,190360.0
9987,4a5cf927-5e23-4267-926e-9463e171f71e,8/2/2016 13:12,6,190358.0
9988,4a5cf927-5e23-4267-926e-9463e171f71e,8/2/2016 12:12,6,190352.0
9989,4a5cf927-5e23-4267-926e-9463e171f71e,8/2/2016 11:12,17,190346.0
9990,4a5cf927-5e23-4267-926e-9463e171f71e,8/2/2016 10:12,67,190329.0
9991,4a5cf927-5e23-4267-926e-9463e171f71e,8/2/2016 9:12,75,190262.0
9992,4a5cf927-5e23-4267-926e-9463e171f71e,8/2/2016 8:12,14,190187.0
9993,4a5cf927-5e23-4267-926e-9463e171f71e,8/2/2016 7:12,0,190173.0
9994,4a5cf927-5e23-4267-926e-9463e171f71e,8/2/2016 6:12,0,190173.0
9995,4a5cf927-5e23-4267-926e-9463e171f71e,8/2/2016 5:12,0,190173.0
9996,4a5cf927-5e23-4267-926e-9463e171f71e,8/2/2016 4:12,0,190173.0
9997,4a5cf927-5e23-4267-926e-9463e171f71e,8/2/2016 3:12,290,190173.0
9998,4a5cf927-5e23-4267-926e-9463e171f71e,7/2/2016 6:12,0,189883.0
9999,4a5cf927-5e23-4267-926e-9463e171f71e,7/2/2016 5:12,0,189883.0
10000,4a5cf927-5e23-4267-926e-9463e171f71e,7/2/2016 4:12,0,189883.0
10001,4a5cf927-5e23-4267-926e-9463e171f71e,7/2/2016 3:12,42,189883.0
10002,4a5cf927-5e23-4267-926e-9463e171f71e,6/2/2016 22:12,0,189841.0
10003,4a5cf927-5e23-4267-926e-9463e171f71e,6/2/2016 21:12,0,189841.0
10004,4a5cf927-5e23-4267-926e-9463e171f71e,6/2/2016 20:12,0,189841.0
10005,4a5cf927-5e23-4267-926e-9463e171f71e,6/2/2016 19:12,0,189841.0
10006,4a5cf927-5e23-4267-926e-9463e171f71e,6/2/2016 18:12,12,189841.0
10007,4a5cf927-5e23-4267-926e-9463e171f71e,6/2/2016 17:12,7,189829.0
10008,4a5cf927-5e23-4267-926e-9463e171f71e,6/2/2016 16:12,4,189822.0
10009,4a5cf927-5e23-4267-926e-9463e171f71e,6/2/2016 15:12,182,189818.0
10010,4a5cf927-5e23-4267-926e-9463e171f71e,6/2/2016 2:12,0,189636.0
10011,4a5cf927-5e23-4267-926e-9463e171f71e,6/2/2016 1:12,3,189636.0
10012,4a5cf927-5e23-4267-926e-9463e171f71e,6/2/2016 0:12,6,189633.0
10013,4a5cf927-5e23-4267-926e-9463e171f71e,5/2/2016 23:12,2,189627.0
10014,4a5cf927-5e23-4267-926e-9463e171f71e,5/2/2016 22:12,2,189625.0
10015,4a5cf927-5e23-4267-926e-9463e171f71e,5/2/2016 21:12,8,189623.0
10016,4a5cf927-5e23-4267-926e-9463e171f71e,5/2/2016 20:12,0,189615.0
10017,4a5cf927-5e23-4267-926e-9463e171f71e,5/2/2016 19:12,0,189615.0
10018,4a5cf927-5e23-4267-926e-9463e171f71e,5/2/2016 18:12,6,189615.0
10019,4a5cf927-5e23-4267-926e-9463e171f71e,5/2/2016 17:12,3,189609.0
10020,4a5cf927-5e23-4267-926e-9463e171f71e,5/2/2016 16:12,0,189606.0
10021,4a5cf927-5e23-4267-926e-9463e171f71e,5/2/2016 15:12,44,189606.0
10022,4a5cf927-5e23-4267-926e-9463e171f71e,5/2/2016 14:12,10,189562.0
10023,4a5cf927-5e23-4267-926e-9463e171f71e,5/2/2016 13:12,0,189552.0
10024,4a5cf927-5e23-4267-926e-9463e171f71e,5/2/2016 12:12,0,189552.0
10025,4a5cf927-5e23-4267-926e-9463e171f71e,5/2/2016 11:12,5,189552.0
10026,4a5cf927-5e23-4267-926e-9463e171f71e,5/2/2016 10:12,23,189547.0
10027,4a5cf927-5e23-4267-926e-9463e171f71e,5/2/2016 9:12,11,189524.0
10028,4a5cf927-5e23-4267-926e-9463e171f71e,5/2/2016 8:12,69,189513.0
10029,4a5cf927-5e23-4267-926e-9463e171f71e,5/2/2016 7:12,0,189444.0
10030,4a5cf927-5e23-4267-926e-9463e171f71e,5/2/2016 6:12,0,189444.0
10031,4a5cf927-5e23-4267-926e-9463e171f71e,5/2/2016 5:12,0,189444.0
10032,4a5cf927-5e23-4267-926e-9463e171f71e,5/2/2016 4:12,0,189444.0
10033,4a5cf927-5e23-4267-926e-9463e171f71e,5/2/2016 3:12,0,189444.0
10034,4a5cf927-5e23-4267-926e-9463e171f71e,5/2/2016 2:12,0,189444.0
10035,4a5cf927-5e23-4267-926e-9463e171f71e,5/2/2016 1:12,4,189444.0
10036,4a5cf927-5e23-4267-926e-9463e171f71e,5/2/2016 0:12,9,189440.0
10037,4a5cf927-5e23-4267-926e-9463e171f71e,4/2/2016 23:12,5,189431.0
10038,4a5cf927-5e23-4267-926e-9463e171f71e,4/2/2016 22:12,8,189426.0
10039,4a5cf927-5e23-4267-926e-9463e171f71e,4/2/2016 21:12,0,189418.0
10040,4a5cf927-5e23-4267-926e-9463e171f71e,4/2/2016 20:12,0,189418.0
10041,4a5cf927-5e23-4267-926e-9463e171f71e,4/2/2016 19:12,20,189418.0
10042,4a5cf927-5e23-4267-926e-9463e171f71e,4/2/2016 18:12,4,189398.0
10043,4a5cf927-5e23-4267-926e-9463e171f71e,4/2/2016 17:12,10,189394.0
10044,4a5cf927-5e23-4267-926e-9463e171f71e,4/2/2016 16:12,21,189384.0
10045,4a5cf927-5e23-4267-926e-9463e171f71e,4/2/2016 15:12,3,189363.0
10046,4a5cf927-5e23-4267-926e-9463e171f71e,4/2/2016 14:12,60,189360.0
10047,4a5cf927-5e23-4267-926e-9463e171f71e,4/2/2016 13:12,12,189300.0
10048,4a5cf927-5e23-4267-926e-9463e171f71e,4/2/2016 12:12,108,189288.0
10049,4a5cf927-5e23-4267-926e-9463e171f71e,4/2/2016 11:12,38,189180.0
10050,4a5cf927-5e23-4267-926e-9463e171f71e,3/2/2016 22:12,3,189142.0
10051,4a5cf927-5e23-4267-926e-9463e171f71e,3/2/2016 21:12,15,189139.0
10052,4a5cf927-5e23-4267-926e-9463e171f71e,3/2/2016 20:12,0,189124.0
10053,4a5cf927-5e23-4267-926e-9463e171f71e,3/2/2016 19:12,9,189124.0
10054,4a5cf927-5e23-4267-926e-9463e171f71e,3/2/2016 18:12,4,189115.0
10055,4a5cf927-5e23-4267-926e-9463e171f71e,3/2/2016 17:12,0,189111.0
10056,4a5cf927-5e23-4267-926e-9463e171f71e,3/2/2016 16:12,40,189111.0
10057,4a5cf927-5e23-4267-926e-9463e171f71e,3/2/2016 15:12,9,189071.0
10058,4a5cf927-5e23-4267-926e-9463e171f71e,3/2/2016 14:12,18,189062.0
10059,4a5cf927-5e23-4267-926e-9463e171f71e,3/2/2016 13:12,12,189044.0
10060,4a5cf927-5e23-4267-926e-9463e171f71e,3/2/2016 12:12,11,189032.0
10061,4a5cf927-5e23-4267-926e-9463e171f71e,3/2/2016 11:12,93,189021.0
10062,4a5cf927-5e23-4267-926e-9463e171f71e,3/2/2016 10:12,24,188928.0
10063,4a5cf927-5e23-4267-926e-9463e171f71e,3/2/2016 9:12,15,188904.0
10064,4a5cf927-5e23-4267-926e-9463e171f71e,3/2/2016 8:12,0,188889.0
10065,4a5cf927-5e23-4267-926e-9463e171f71e,3/2/2016 7:12,1,188889.0
10066,4a5cf927-5e23-4267-926e-9463e171f71e,3/2/2016 2:12,3,188888.0
10067,4a5cf927-5e23-4267-926e-9463e171f71e,3/2/2016 1:12,20,188885.0
10068,4a5cf927-5e23-4267-926e-9463e171f71e,3/2/2016 0:12,14,188865.0
10069,4a5cf927-5e23-4267-926e-9463e171f71e,2/2/2016 23:12,0,188851.0
10070,4a5cf927-5e23-4267-926e-9463e171f71e,2/2/2016 22:12,0,188851.0
10071,4a5cf927-5e23-4267-926e-9463e171f71e,2/2/2016 21:12,0,188851.0
10072,4a5cf927-5e23-4267-926e-9463e171f71e,2/2/2016 20:12,0,188851.0
10073,4a5cf927-5e23-4267-926e-9463e171f71e,2/2/2016 19:12,76,188851.0
10074,4a5cf927-5e23-4267-926e-9463e171f71e,2/2/2016 14:12,8,188775.0
10075,4a5cf927-5e23-4267-926e-9463e171f71e,2/2/2016 13:12,1,188767.0
10076,4a5cf927-5e23-4267-926e-9463e171f71e,2/2/2016 12:12,5,188766.0
10077,4a5cf927-5e23-4267-926e-9463e171f71e,2/2/2016 11:12,162,188761.0
10078,4a5cf927-5e23-4267-926e-9463e171f71e,2/2/2016 6:12,0,188599.0
10079,4a5cf927-5e23-4267-926e-9463e171f71e,2/2/2016 5:12,0,188599.0
10080,4a5cf927-5e23-4267-926e-9463e171f71e,2/2/2016 4:12,0,188599.0
10081,4a5cf927-5e23-4267-926e-9463e171f71e,2/2/2016 3:12,0,188599.0
10082,4a5cf927-5e23-4267-926e-9463e171f71e,1/2/2016 22:12,33,188599.0
10083,4a5cf927-5e23-4267-926e-9463e171f71e,1/2/2016 21:12,6,188566.0
10084,4a5cf927-5e23-4267-926e-9463e171f71e,1/2/2016 20:12,5,188560.0
10085,4a5cf927-5e23-4267-926e-9463e171f71e,1/2/2016 19:12,3,188555.0
10086,4a5cf927-5e23-4267-926e-9463e171f71e,1/2/2016 18:12,6,188552.0
10087,4a5cf927-5e23-4267-926e-9463e171f71e,1/2/2016 17:12,0,188546.0
10088,4a5cf927-5e23-4267-926e-9463e171f71e,1/2/2016 16:12,19,188546.0
10089,4a5cf927-5e23-4267-926e-9463e171f71e,1/2/2016 15:12,4,188527.0
10090,4a5cf927-5e23-4267-926e-9463e171f71e,1/2/2016 14:12,0,188523.0
10091,4a5cf927-5e23-4267-926e-9463e171f71e,1/2/2016 13:12,0,188523.0
10092,4a5cf927-5e23-4267-926e-9463e171f71e,1/2/2016 12:12,17,188523.0
10093,4a5cf927-5e23-4267-926e-9463e171f71e,1/2/2016 11:12,81,188506.0
10094,4a5cf927-5e23-4267-926e-9463e171f71e,1/2/2016 10:12,19,188425.0
10095,4a5cf927-5e23-4267-926e-9463e171f71e,1/2/2016 9:12,6,188406.0
10096,4a5cf927-5e23-4267-926e-9463e171f71e,1/2/2016 8:12,0,188400.0
10097,4a5cf927-5e23-4267-926e-9463e171f71e,1/2/2016 7:12,0,188400.0
10098,4a5cf927-5e23-4267-926e-9463e171f71e,1/2/2016 6:12,0,188400.0
10099,4a5cf927-5e23-4267-926e-9463e171f71e,1/2/2016 5:12,0,188400.0
10100,4a5cf927-5e23-4267-926e-9463e171f71e,1/2/2016 4:12,0,188400.0
10101,4a5cf927-5e23-4267-926e-9463e171f71e,1/2/2016 3:12,0,188400.0
10102,4a5cf927-5e23-4267-926e-9463e171f71e,1/2/2016 2:12,0,188400.0
10103,4a5cf927-5e23-4267-926e-9463e171f71e,1/2/2016 1:12,4,188400.0
10104,4a5cf927-5e23-4267-926e-9463e171f71e,1/2/2016 0:12,0,188396.0
10105,4a5cf927-5e23-4267-926e-9463e171f71e,31/01/2016 23:12:58,1,188396.0
10106,4a5cf927-5e23-4267-926e-9463e171f71e,31/01/2016 22:12:56,13,188395.0
10107,4a5cf927-5e23-4267-926e-9463e171f71e,31/01/2016 21:12:56,1,188382.0
10108,4a5cf927-5e23-4267-926e-9463e171f71e,31/01/2016 20:12:56,0,188381.0
10109,4a5cf927-5e23-4267-926e-9463e171f71e,31/01/2016 19:12:56,39,188381.0
10110,4a5cf927-5e23-4267-926e-9463e171f71e,31/01/2016 14:12:58,68,188342.0
10111,4a5cf927-5e23-4267-926e-9463e171f71e,31/01/2016 13:12:58,31,188274.0
10112,4a5cf927-5e23-4267-926e-9463e171f71e,31/01/2016 12:12:58,72,188243.0
10113,4a5cf927-5e23-4267-926e-9463e171f71e,31/01/2016 11:12:58,9,188171.0
10114,4a5cf927-5e23-4267-926e-9463e171f71e,31/01/2016 10:12:58,7,188162.0
10115,4a5cf927-5e23-4267-926e-9463e171f71e,31/01/2016 09:12:58,4,188155.0
10116,4a5cf927-5e23-4267-926e-9463e171f71e,31/01/2016 08:12:58,0,188151.0
10117,4a5cf927-5e23-4267-926e-9463e171f71e,31/01/2016 07:12:58,0,188151.0
10118,4a5cf927-5e23-4267-926e-9463e171f71e,31/01/2016 06:13:00,0,188151.0
10119,4a5cf927-5e23-4267-926e-9463e171f71e,31/01/2016 05:13:00,0,188151.0
10120,4a5cf927-5e23-4267-926e-9463e171f71e,31/01/2016 04:13:00,0,188151.0
10121,4a5cf927-5e23-4267-926e-9463e171f71e,31/01/2016 03:13:00,1,188151.0
10122,4a5cf927-5e23-4267-926e-9463e171f71e,31/01/2016 02:13:01,0,188150.0
10123,4a5cf927-5e23-4267-926e-9463e171f71e,31/01/2016 01:13:01,8,188150.0
10124,4a5cf927-5e23-4267-926e-9463e171f71e,31/01/2016 00:13:01,14,188142.0
10125,4a5cf927-5e23-4267-926e-9463e171f71e,30/01/2016 23:13:01,10,188128.0
10126,4a5cf927-5e23-4267-926e-9463e171f71e,30/01/2016 22:13:01,4,188118.0
10127,4a5cf927-5e23-4267-926e-9463e171f71e,30/01/2016 21:13:01,0,188114.0
10128,4a5cf927-5e23-4267-926e-9463e171f71e,30/01/2016 20:13:01,0,188114.0
10129,4a5cf927-5e23-4267-926e-9463e171f71e,30/01/2016 19:13:01,28,188114.0
10130,4a5cf927-5e23-4267-926e-9463e171f71e,30/01/2016 14:13:01,7,188086.0
10131,4a5cf927-5e23-4267-926e-9463e171f71e,30/01/2016 13:13:01,1,188079.0
10132,4a5cf927-5e23-4267-926e-9463e171f71e,30/01/2016 12:13:01,89,188078.0
10133,4a5cf927-5e23-4267-926e-9463e171f71e,30/01/2016 11:13:01,88,187989.0
10134,4a5cf927-5e23-4267-926e-9463e171f71e,30/01/2016 10:13:02,12,187901.0
10135,4a5cf927-5e23-4267-926e-9463e171f71e,30/01/2016 09:13:02,20,187889.0
10136,4a5cf927-5e23-4267-926e-9463e171f71e,30/01/2016 08:13:02,0,187869.0
10137,4a5cf927-5e23-4267-926e-9463e171f71e,30/01/2016 07:13:02,0,187869.0
10138,4a5cf927-5e23-4267-926e-9463e171f71e,30/01/2016 06:13:00,0,187869.0
10139,4a5cf927-5e23-4267-926e-9463e171f71e,30/01/2016 05:13:00,0,187869.0
10140,4a5cf927-5e23-4267-926e-9463e171f71e,30/01/2016 04:13:00,0,187869.0
10141,4a5cf927-5e23-4267-926e-9463e171f71e,30/01/2016 03:13:00,0,187869.0
10142,4a5cf927-5e23-4267-926e-9463e171f71e,30/01/2016 02:13:03,0,187869.0
10143,4a5cf927-5e23-4267-926e-9463e171f71e,30/01/2016 01:13:03,0,187869.0
10144,4a5cf927-5e23-4267-926e-9463e171f71e,30/01/2016 00:13:03,0,187869.0
10145,4a5cf927-5e23-4267-926e-9463e171f71e,29/01/2016 23:13:03,0,187869.0
10146,4a5cf927-5e23-4267-926e-9463e171f71e,29/01/2016 22:13:02,14,187869.0
10147,4a5cf927-5e23-4267-926e-9463e171f71e,29/01/2016 21:13:02,0,187855.0
10148,4a5cf927-5e23-4267-926e-9463e171f71e,29/01/2016 20:13:02,0,187855.0
10149,4a5cf927-5e23-4267-926e-9463e171f71e,29/01/2016 19:13:02,9,187855.0
10150,4a5cf927-5e23-4267-926e-9463e171f71e,29/01/2016 18:13:05,6,187846.0
10151,4a5cf927-5e23-4267-926e-9463e171f71e,29/01/2016 17:13:05,0,187840.0
10152,4a5cf927-5e23-4267-926e-9463e171f71e,29/01/2016 16:13:05,7,187840.0
10153,4a5cf927-5e23-4267-926e-9463e171f71e,29/01/2016 15:13:05,8,187833.0
10154,4a5cf927-5e23-4267-926e-9463e171f71e,29/01/2016 14:13:03,0,187825.0
10155,4a5cf927-5e23-4267-926e-9463e171f71e,29/01/2016 13:13:03,0,187825.0
10156,4a5cf927-5e23-4267-926e-9463e171f71e,29/01/2016 12:13:03,94,187825.0
10157,4a5cf927-5e23-4267-926e-9463e171f71e,29/01/2016 11:13:03,38,187731.0
10158,4a5cf927-5e23-4267-926e-9463e171f71e,29/01/2016 10:13:04,7,187693.0
10159,4a5cf927-5e23-4267-926e-9463e171f71e,29/01/2016 09:13:04,6,187686.0
10160,4a5cf927-5e23-4267-926e-9463e171f71e,29/01/2016 08:13:04,0,187680.0
10161,4a5cf927-5e23-4267-926e-9463e171f71e,29/01/2016 07:13:04,0,187680.0
10162,4a5cf927-5e23-4267-926e-9463e171f71e,29/01/2016 06:13:04,0,187680.0
10163,4a5cf927-5e23-4267-926e-9463e171f71e,29/01/2016 05:13:04,0,187680.0
10164,4a5cf927-5e23-4267-926e-9463e171f71e,29/01/2016 04:13:04,0,187680.0
10165,4a5cf927-5e23-4267-926e-9463e171f71e,29/01/2016 03:13:04,0,187680.0
10166,4a5cf927-5e23-4267-926e-9463e171f71e,29/01/2016 02:13:06,0,187680.0
10167,4a5cf927-5e23-4267-926e-9463e171f71e,29/01/2016 01:13:06,2,187680.0
10168,4a5cf927-5e23-4267-926e-9463e171f71e,29/01/2016 00:13:06,6,187678.0
10169,4a5cf927-5e23-4267-926e-9463e171f71e,28/01/2016 23:13:06,2,187672.0
10170,4a5cf927-5e23-4267-926e-9463e171f71e,28/01/2016 22:13:06,29,187670.0
10171,4a5cf927-5e23-4267-926e-9463e171f71e,28/01/2016 21:13:06,19,187641.0
10172,4a5cf927-5e23-4267-926e-9463e171f71e,28/01/2016 20:13:06,0,187622.0
10173,4a5cf927-5e23-4267-926e-9463e171f71e,28/01/2016 19:13:06,3,187622.0
10174,4a5cf927-5e23-4267-926e-9463e171f71e,28/01/2016 18:13:05,1,187619.0
10175,4a5cf927-5e23-4267-926e-9463e171f71e,28/01/2016 17:13:05,12,187618.0
10176,4a5cf927-5e23-4267-926e-9463e171f71e,28/01/2016 16:13:05,4,187606.0
10177,4a5cf927-5e23-4267-926e-9463e171f71e,28/01/2016 15:13:05,11,187602.0
10178,4a5cf927-5e23-4267-926e-9463e171f71e,28/01/2016 10:13:51,25,187591.0
10179,4a5cf927-5e23-4267-926e-9463e171f71e,28/01/2016 09:13:51,91,187566.0
10180,4a5cf927-5e23-4267-926e-9463e171f71e,28/01/2016 08:13:51,56,187475.0
10181,4a5cf927-5e23-4267-926e-9463e171f71e,28/01/2016 07:13:51,0,187419.0
10182,4a5cf927-5e23-4267-926e-9463e171f71e,28/01/2016 06:13:06,0,187419.0
10183,4a5cf927-5e23-4267-926e-9463e171f71e,28/01/2016 05:13:06,0,187419.0
10184,4a5cf927-5e23-4267-926e-9463e171f71e,28/01/2016 04:13:06,0,187419.0
10185,4a5cf927-5e23-4267-926e-9463e171f71e,28/01/2016 03:13:06,0,187419.0
10186,4a5cf927-5e23-4267-926e-9463e171f71e,28/01/2016 02:13:07,0,187419.0
10187,4a5cf927-5e23-4267-926e-9463e171f71e,28/01/2016 01:13:07,3,187419.0
10188,4a5cf927-5e23-4267-926e-9463e171f71e,28/01/2016 00:13:07,0,187416.0
10189,4a5cf927-5e23-4267-926e-9463e171f71e,27/01/2016 23:13:07,5,187416.0
10190,4a5cf927-5e23-4267-926e-9463e171f71e,27/01/2016 22:13:06,8,187411.0
10191,4a5cf927-5e23-4267-926e-9463e171f71e,27/01/2016 21:13:06,6,187403.0
10192,4a5cf927-5e23-4267-926e-9463e171f71e,27/01/2016 20:13:06,0,187397.0
10193,4a5cf927-5e23-4267-926e-9463e171f71e,27/01/2016 19:13:06,4,187397.0
10194,4a5cf927-5e23-4267-926e-9463e171f71e,27/01/2016 18:13:07,3,187393.0
10195,4a5cf927-5e23-4267-926e-9463e171f71e,27/01/2016 17:13:07,4,187390.0
10196,4a5cf927-5e23-4267-926e-9463e171f71e,27/01/2016 16:13:07,22,187386.0
10197,4a5cf927-5e23-4267-926e-9463e171f71e,27/01/2016 15:13:07,8,187364.0
10198,4a5cf927-5e23-4267-926e-9463e171f71e,27/01/2016 14:13:07,39,187356.0
10199,4a5cf927-5e23-4267-926e-9463e171f71e,27/01/2016 13:13:07,23,187317.0
10200,4a5cf927-5e23-4267-926e-9463e171f71e,27/01/2016 12:13:07,0,187294.0
10201,4a5cf927-5e23-4267-926e-9463e171f71e,27/01/2016 11:13:07,114,187294.0
10202,4a5cf927-5e23-4267-926e-9463e171f71e,27/01/2016 06:13:08,0,187180.0
10203,4a5cf927-5e23-4267-926e-9463e171f71e,27/01/2016 05:13:08,0,187180.0
10204,4a5cf927-5e23-4267-926e-9463e171f71e,27/01/2016 04:13:08,0,187180.0
10205,4a5cf927-5e23-4267-926e-9463e171f71e,27/01/2016 03:13:08,0,187180.0
10206,4a5cf927-5e23-4267-926e-9463e171f71e,27/01/2016 02:13:09,0,187180.0
10207,4a5cf927-5e23-4267-926e-9463e171f71e,27/01/2016 01:13:09,0,187180.0
10208,4a5cf927-5e23-4267-926e-9463e171f71e,27/01/2016 00:13:09,5,187180.0
10209,4a5cf927-5e23-4267-926e-9463e171f71e,26/01/2016 23:13:09,12,187175.0
10210,4a5cf927-5e23-4267-926e-9463e171f71e,26/01/2016 22:13:07,5,187163.0
10211,4a5cf927-5e23-4267-926e-9463e171f71e,26/01/2016 21:13:07,7,187158.0
10212,4a5cf927-5e23-4267-926e-9463e171f71e,26/01/2016 20:13:07,6,187151.0
10213,4a5cf927-5e23-4267-926e-9463e171f71e,26/01/2016 19:13:07,0,187145.0
10214,4a5cf927-5e23-4267-926e-9463e171f71e,26/01/2016 18:15:14,4,187145.0
10215,4a5cf927-5e23-4267-926e-9463e171f71e,26/01/2016 17:15:14,7,187141.0
10216,4a5cf927-5e23-4267-926e-9463e171f71e,26/01/2016 16:15:14,15,187134.0
10217,4a5cf927-5e23-4267-926e-9463e171f71e,26/01/2016 15:15:14,6,187119.0
10218,4a5cf927-5e23-4267-926e-9463e171f71e,26/01/2016 14:13:14,8,187113.0
10219,4a5cf927-5e23-4267-926e-9463e171f71e,26/01/2016 13:13:14,18,187105.0
10220,4a5cf927-5e23-4267-926e-9463e171f71e,26/01/2016 12:13:14,7,187087.0
10221,4a5cf927-5e23-4267-926e-9463e171f71e,26/01/2016 11:13:14,22,187080.0
10222,4a5cf927-5e23-4267-926e-9463e171f71e,26/01/2016 10:13:11,79,187058.0
10223,4a5cf927-5e23-4267-926e-9463e171f71e,26/01/2016 09:13:11,6,186979.0
10224,4a5cf927-5e23-4267-926e-9463e171f71e,26/01/2016 08:13:11,0,186973.0
10225,4a5cf927-5e23-4267-926e-9463e171f71e,26/01/2016 07:13:11,0,186973.0
10226,4a5cf927-5e23-4267-926e-9463e171f71e,26/01/2016 06:13:10,0,186973.0
10227,4a5cf927-5e23-4267-926e-9463e171f71e,26/01/2016 05:13:10,0,186973.0
10228,4a5cf927-5e23-4267-926e-9463e171f71e,26/01/2016 04:13:10,0,186973.0
10229,4a5cf927-5e23-4267-926e-9463e171f71e,26/01/2016 03:13:10,0,186973.0
10230,4a5cf927-5e23-4267-926e-9463e171f71e,26/01/2016 02:13:13,0,186973.0
10231,4a5cf927-5e23-4267-926e-9463e171f71e,26/01/2016 01:13:13,0,186973.0
10232,4a5cf927-5e23-4267-926e-9463e171f71e,26/01/2016 00:13:13,2,186973.0
10233,4a5cf927-5e23-4267-926e-9463e171f71e,25/01/2016 23:13:13,1,186971.0
10234,4a5cf927-5e23-4267-926e-9463e171f71e,25/01/2016 22:13:11,7,186970.0
10235,4a5cf927-5e23-4267-926e-9463e171f71e,25/01/2016 21:13:11,2,186963.0
10236,4a5cf927-5e23-4267-926e-9463e171f71e,25/01/2016 20:13:11,0,186961.0
10237,4a5cf927-5e23-4267-926e-9463e171f71e,25/01/2016 19:13:11,17,186961.0
10238,4a5cf927-5e23-4267-926e-9463e171f71e,25/01/2016 18:13:12,0,186944.0
10239,4a5cf927-5e23-4267-926e-9463e171f71e,25/01/2016 17:13:12,0,186944.0
10240,4a5cf927-5e23-4267-926e-9463e171f71e,25/01/2016 16:13:12,15,186944.0
10241,4a5cf927-5e23-4267-926e-9463e171f71e,25/01/2016 15:13:12,5,186929.0
10242,4a5cf927-5e23-4267-926e-9463e171f71e,25/01/2016 14:13:12,5,186924.0
10243,4a5cf927-5e23-4267-926e-9463e171f71e,25/01/2016 13:13:12,0,186919.0
10244,4a5cf927-5e23-4267-926e-9463e171f71e,25/01/2016 12:13:12,7,186919.0
10245,4a5cf927-5e23-4267-926e-9463e171f71e,25/01/2016 11:13:12,150,186912.0
10246,4a5cf927-5e23-4267-926e-9463e171f71e,25/01/2016 06:13:12,0,186762.0
10247,4a5cf927-5e23-4267-926e-9463e171f71e,25/01/2016 05:13:12,0,186762.0
10248,4a5cf927-5e23-4267-926e-9463e171f71e,25/01/2016 04:13:12,0,186762.0
10249,4a5cf927-5e23-4267-926e-9463e171f71e,25/01/2016 03:13:12,0,186762.0
10250,4a5cf927-5e23-4267-926e-9463e171f71e,25/01/2016 02:13:19,0,186762.0
10251,4a5cf927-5e23-4267-926e-9463e171f71e,25/01/2016 01:13:19,0,186762.0
10252,4a5cf927-5e23-4267-926e-9463e171f71e,25/01/2016 00:13:19,8,186762.0
10253,4a5cf927-5e23-4267-926e-9463e171f71e,24/01/2016 23:13:19,0,186754.0
10254,4a5cf927-5e23-4267-926e-9463e171f71e,24/01/2016 22:13:13,0,186754.0
10255,4a5cf927-5e23-4267-926e-9463e171f71e,24/01/2016 21:13:13,0,186754.0
10256,4a5cf927-5e23-4267-926e-9463e171f71e,24/01/2016 20:13:13,0,186754.0
10257,4a5cf927-5e23-4267-926e-9463e171f71e,24/01/2016 19:13:13,12,186754.0
10258,4a5cf927-5e23-4267-926e-9463e171f71e,24/01/2016 18:13:15,0,186742.0
10259,4a5cf927-5e23-4267-926e-9463e171f71e,24/01/2016 17:13:15,23,186742.0
10260,4a5cf927-5e23-4267-926e-9463e171f71e,24/01/2016 16:13:15,22,186719.0
10261,4a5cf927-5e23-4267-926e-9463e171f71e,24/01/2016 15:13:15,78,186697.0
10262,4a5cf927-5e23-4267-926e-9463e171f71e,24/01/2016 14:13:13,30,186619.0
10263,4a5cf927-5e23-4267-926e-9463e171f71e,24/01/2016 13:13:13,19,186589.0
10264,4a5cf927-5e23-4267-926e-9463e171f71e,24/01/2016 12:13:13,53,186570.0
10265,4a5cf927-5e23-4267-926e-9463e171f71e,24/01/2016 11:13:13,0,186517.0
10266,4a5cf927-5e23-4267-926e-9463e171f71e,24/01/2016 10:13:15,0,186517.0
10267,4a5cf927-5e23-4267-926e-9463e171f71e,24/01/2016 09:13:15,0,186517.0
10268,4a5cf927-5e23-4267-926e-9463e171f71e,24/01/2016 08:13:15,0,186517.0
10269,4a5cf927-5e23-4267-926e-9463e171f71e,24/01/2016 07:13:15,0,186517.0
10270,4a5cf927-5e23-4267-926e-9463e171f71e,24/01/2016 06:13:16,0,186517.0
10271,4a5cf927-5e23-4267-926e-9463e171f71e,24/01/2016 05:13:16,0,186517.0
10272,4a5cf927-5e23-4267-926e-9463e171f71e,24/01/2016 04:13:16,0,186517.0
10273,4a5cf927-5e23-4267-926e-9463e171f71e,24/01/2016 03:13:16,10,186517.0
10274,4a5cf927-5e23-4267-926e-9463e171f71e,24/01/2016 02:13:17,0,186507.0
10275,4a5cf927-5e23-4267-926e-9463e171f71e,24/01/2016 01:13:17,0,186507.0
10276,4a5cf927-5e23-4267-926e-9463e171f71e,24/01/2016 00:13:17,0,186507.0
10277,4a5cf927-5e23-4267-926e-9463e171f71e,23/01/2016 23:13:17,12,186507.0
10278,4a5cf927-5e23-4267-926e-9463e171f71e,23/01/2016 22:13:17,0,186495.0
10279,4a5cf927-5e23-4267-926e-9463e171f71e,23/01/2016 21:13:17,0,186495.0
10280,4a5cf927-5e23-4267-926e-9463e171f71e,23/01/2016 20:13:17,0,186495.0
10281,4a5cf927-5e23-4267-926e-9463e171f71e,23/01/2016 19:13:17,0,186495.0
10282,4a5cf927-5e23-4267-926e-9463e171f71e,23/01/2016 18:13:18,5,186495.0
10283,4a5cf927-5e23-4267-926e-9463e171f71e,23/01/2016 17:13:18,1,186490.0
10284,4a5cf927-5e23-4267-926e-9463e171f71e,23/01/2016 16:13:18,5,186489.0
10285,4a5cf927-5e23-4267-926e-9463e171f71e,23/01/2016 15:13:18,21,186484.0
10286,4a5cf927-5e23-4267-926e-9463e171f71e,23/01/2016 14:13:18,7,186463.0
10287,4a5cf927-5e23-4267-926e-9463e171f71e,23/01/2016 13:13:18,12,186456.0
10288,4a5cf927-5e23-4267-926e-9463e171f71e,23/01/2016 12:13:18,5,186444.0
10289,4a5cf927-5e23-4267-926e-9463e171f71e,23/01/2016 11:13:18,118,186439.0
10290,4a5cf927-5e23-4267-926e-9463e171f71e,23/01/2016 10:13:19,100,186321.0
10291,4a5cf927-5e23-4267-926e-9463e171f71e,23/01/2016 09:13:19,18,186221.0
10292,4a5cf927-5e23-4267-926e-9463e171f71e,23/01/2016 08:13:19,0,186203.0
10293,4a5cf927-5e23-4267-926e-9463e171f71e,23/01/2016 07:13:19,0,186203.0
10294,4a5cf927-5e23-4267-926e-9463e171f71e,23/01/2016 06:13:19,7,186203.0
10295,4a5cf927-5e23-4267-926e-9463e171f71e,23/01/2016 05:13:19,0,186196.0
10296,4a5cf927-5e23-4267-926e-9463e171f71e,23/01/2016 04:13:19,0,186196.0
10297,4a5cf927-5e23-4267-926e-9463e171f71e,23/01/2016 03:13:19,7,186196.0
10298,4a5cf927-5e23-4267-926e-9463e171f71e,23/01/2016 02:13:18,0,186189.0
10299,4a5cf927-5e23-4267-926e-9463e171f71e,23/01/2016 01:13:18,0,186189.0
10300,4a5cf927-5e23-4267-926e-9463e171f71e,23/01/2016 00:13:18,53,186189.0
10301,4a5cf927-5e23-4267-926e-9463e171f71e,22/01/2016 23:13:18,0,186136.0
10302,4a5cf927-5e23-4267-926e-9463e171f71e,22/01/2016 22:13:21,7,186136.0
10303,4a5cf927-5e23-4267-926e-9463e171f71e,22/01/2016 21:13:21,8,186129.0
10304,4a5cf927-5e23-4267-926e-9463e171f71e,22/01/2016 20:13:21,21,186121.0
10305,4a5cf927-5e23-4267-926e-9463e171f71e,22/01/2016 19:13:21,0,186100.0
10306,4a5cf927-5e23-4267-926e-9463e171f71e,22/01/2016 18:13:23,0,186100.0
10307,4a5cf927-5e23-4267-926e-9463e171f71e,22/01/2016 17:13:23,0,186100.0
10308,4a5cf927-5e23-4267-926e-9463e171f71e,22/01/2016 16:13:23,0,186100.0
10309,4a5cf927-5e23-4267-926e-9463e171f71e,22/01/2016 15:13:23,16,186100.0
10310,4a5cf927-5e23-4267-926e-9463e171f71e,22/01/2016 14:13:23,5,186084.0
10311,4a5cf927-5e23-4267-926e-9463e171f71e,22/01/2016 13:13:23,0,186079.0
10312,4a5cf927-5e23-4267-926e-9463e171f71e,22/01/2016 12:13:23,11,186079.0
10313,4a5cf927-5e23-4267-926e-9463e171f71e,22/01/2016 11:13:23,55,186068.0
10314,4a5cf927-5e23-4267-926e-9463e171f71e,22/01/2016 10:13:21,142,186013.0
10315,4a5cf927-5e23-4267-926e-9463e171f71e,22/01/2016 09:13:21,5,185871.0
10316,4a5cf927-5e23-4267-926e-9463e171f71e,22/01/2016 08:13:21,6,185866.0
10317,4a5cf927-5e23-4267-926e-9463e171f71e,22/01/2016 07:13:21,0,185860.0
10318,4a5cf927-5e23-4267-926e-9463e171f71e,22/01/2016 06:13:20,0,185860.0
10319,4a5cf927-5e23-4267-926e-9463e171f71e,22/01/2016 05:13:20,0,185860.0
10320,4a5cf927-5e23-4267-926e-9463e171f71e,22/01/2016 04:13:20,0,185860.0
10321,4a5cf927-5e23-4267-926e-9463e171f71e,22/01/2016 03:13:20,8,185860.0
10322,4a5cf927-5e23-4267-926e-9463e171f71e,22/01/2016 02:13:22,0,185852.0
10323,4a5cf927-5e23-4267-926e-9463e171f71e,22/01/2016 01:13:22,0,185852.0
10324,4a5cf927-5e23-4267-926e-9463e171f71e,22/01/2016 00:13:22,27,185852.0
10325,4a5cf927-5e23-4267-926e-9463e171f71e,21/01/2016 23:13:22,12,185825.0
10326,4a5cf927-5e23-4267-926e-9463e171f71e,21/01/2016 22:13:21,32,185813.0
10327,4a5cf927-5e23-4267-926e-9463e171f71e,21/01/2016 21:13:21,35,185781.0
10328,4a5cf927-5e23-4267-926e-9463e171f71e,21/01/2016 20:13:21,0,185746.0
10329,4a5cf927-5e23-4267-926e-9463e171f71e,21/01/2016 19:13:21,0,185746.0
10330,4a5cf927-5e23-4267-926e-9463e171f71e,21/01/2016 18:13:23,0,185746.0
10331,4a5cf927-5e23-4267-926e-9463e171f71e,21/01/2016 17:13:23,15,185746.0
10332,4a5cf927-5e23-4267-926e-9463e171f71e,21/01/2016 16:13:23,33,185731.0
10333,4a5cf927-5e23-4267-926e-9463e171f71e,21/01/2016 15:13:23,11,185698.0
10334,4a5cf927-5e23-4267-926e-9463e171f71e,21/01/2016 14:13:21,0,185687.0
10335,4a5cf927-5e23-4267-926e-9463e171f71e,21/01/2016 13:13:21,0,185687.0
10336,4a5cf927-5e23-4267-926e-9463e171f71e,21/01/2016 12:13:21,53,185687.0
10337,4a5cf927-5e23-4267-926e-9463e171f71e,21/01/2016 11:13:21,85,185634.0
10338,4a5cf927-5e23-4267-926e-9463e171f71e,21/01/2016 10:13:23,174,185549.0
10339,4a5cf927-5e23-4267-926e-9463e171f71e,21/01/2016 09:13:23,5,185375.0
10340,4a5cf927-5e23-4267-926e-9463e171f71e,21/01/2016 08:13:23,7,185370.0
10341,4a5cf927-5e23-4267-926e-9463e171f71e,21/01/2016 07:13:23,12,185363.0
10342,4a5cf927-5e23-4267-926e-9463e171f71e,21/01/2016 02:13:25,0,185351.0
10343,4a5cf927-5e23-4267-926e-9463e171f71e,21/01/2016 01:13:25,24,185351.0
10344,4a5cf927-5e23-4267-926e-9463e171f71e,21/01/2016 00:13:25,12,185327.0
10345,4a5cf927-5e23-4267-926e-9463e171f71e,20/01/2016 23:13:25,16,185315.0
10346,4a5cf927-5e23-4267-926e-9463e171f71e,20/01/2016 22:13:24,0,185299.0
10347,4a5cf927-5e23-4267-926e-9463e171f71e,20/01/2016 21:13:24,0,185299.0
10348,4a5cf927-5e23-4267-926e-9463e171f71e,20/01/2016 20:13:24,0,185299.0
10349,4a5cf927-5e23-4267-926e-9463e171f71e,20/01/2016 19:13:24,0,185299.0
10350,4a5cf927-5e23-4267-926e-9463e171f71e,20/01/2016 18:13:26,22,185299.0
10351,4a5cf927-5e23-4267-926e-9463e171f71e,20/01/2016 17:13:26,10,185277.0
10352,4a5cf927-5e23-4267-926e-9463e171f71e,20/01/2016 16:13:26,16,185267.0
10353,4a5cf927-5e23-4267-926e-9463e171f71e,20/01/2016 15:13:26,10,185251.0
10354,4a5cf927-5e23-4267-926e-9463e171f71e,20/01/2016 14:13:23,35,185241.0
10355,4a5cf927-5e23-4267-926e-9463e171f71e,20/01/2016 13:13:23,30,185206.0
10356,4a5cf927-5e23-4267-926e-9463e171f71e,20/01/2016 12:13:23,50,185176.0
10357,4a5cf927-5e23-4267-926e-9463e171f71e,20/01/2016 11:13:23,76,185126.0
10358,4a5cf927-5e23-4267-926e-9463e171f71e,20/01/2016 10:13:27,54,185050.0
10359,4a5cf927-5e23-4267-926e-9463e171f71e,20/01/2016 09:13:27,30,184996.0
10360,4a5cf927-5e23-4267-926e-9463e171f71e,20/01/2016 08:13:27,0,184966.0
10361,4a5cf927-5e23-4267-926e-9463e171f71e,20/01/2016 07:13:27,0,184966.0
10362,4a5cf927-5e23-4267-926e-9463e171f71e,20/01/2016 06:13:25,7,184966.0
10363,4a5cf927-5e23-4267-926e-9463e171f71e,20/01/2016 05:13:25,0,184959.0
10364,4a5cf927-5e23-4267-926e-9463e171f71e,20/01/2016 04:13:25,0,184959.0
10365,4a5cf927-5e23-4267-926e-9463e171f71e,20/01/2016 03:13:25,4,184959.0
10366,4a5cf927-5e23-4267-926e-9463e171f71e,20/01/2016 02:13:27,0,184955.0
10367,4a5cf927-5e23-4267-926e-9463e171f71e,20/01/2016 01:13:27,7,184955.0
10368,4a5cf927-5e23-4267-926e-9463e171f71e,20/01/2016 00:13:27,27,184948.0
10369,4a5cf927-5e23-4267-926e-9463e171f71e,19/01/2016 23:13:27,16,184921.0
10370,4a5cf927-5e23-4267-926e-9463e171f71e,19/01/2016 22:13:26,21,184905.0
10371,4a5cf927-5e23-4267-926e-9463e171f71e,19/01/2016 21:13:26,0,184884.0
10372,4a5cf927-5e23-4267-926e-9463e171f71e,19/01/2016 20:13:26,0,184884.0
10373,4a5cf927-5e23-4267-926e-9463e171f71e,19/01/2016 19:13:26,4,184884.0
10374,4a5cf927-5e23-4267-926e-9463e171f71e,19/01/2016 18:13:28,26,184880.0
10375,4a5cf927-5e23-4267-926e-9463e171f71e,19/01/2016 17:13:28,42,184854.0
10376,4a5cf927-5e23-4267-926e-9463e171f71e,19/01/2016 16:13:28,5,184812.0
10377,4a5cf927-5e23-4267-926e-9463e171f71e,19/01/2016 15:13:28,8,184807.0
10378,4a5cf927-5e23-4267-926e-9463e171f71e,19/01/2016 14:13:49,0,184799.0
10379,4a5cf927-5e23-4267-926e-9463e171f71e,19/01/2016 13:13:49,0,184799.0
10380,4a5cf927-5e23-4267-926e-9463e171f71e,19/01/2016 12:13:49,0,184799.0
10381,4a5cf927-5e23-4267-926e-9463e171f71e,19/01/2016 11:13:49,14,184799.0
10382,4a5cf927-5e23-4267-926e-9463e171f71e,19/01/2016 10:13:27,127,184785.0
10383,4a5cf927-5e23-4267-926e-9463e171f71e,19/01/2016 09:13:27,39,184658.0
10384,4a5cf927-5e23-4267-926e-9463e171f71e,19/01/2016 08:13:27,9,184619.0
10385,4a5cf927-5e23-4267-926e-9463e171f71e,19/01/2016 07:13:27,0,184610.0
10386,4a5cf927-5e23-4267-926e-9463e171f71e,19/01/2016 06:13:27,5,184610.0
10387,4a5cf927-5e23-4267-926e-9463e171f71e,19/01/2016 05:13:27,0,184605.0
10388,4a5cf927-5e23-4267-926e-9463e171f71e,19/01/2016 04:13:27,0,184605.0
10389,4a5cf927-5e23-4267-926e-9463e171f71e,19/01/2016 03:13:27,0,184605.0
10390,4a5cf927-5e23-4267-926e-9463e171f71e,19/01/2016 02:13:32,7,184605.0
10391,4a5cf927-5e23-4267-926e-9463e171f71e,19/01/2016 01:13:32,0,184598.0
10392,4a5cf927-5e23-4267-926e-9463e171f71e,19/01/2016 00:13:32,10,184598.0
10393,4a5cf927-5e23-4267-926e-9463e171f71e,18/01/2016 23:13:32,0,184588.0
10394,4a5cf927-5e23-4267-926e-9463e171f71e,18/01/2016 22:13:27,15,184588.0
10395,4a5cf927-5e23-4267-926e-9463e171f71e,18/01/2016 21:13:27,0,184573.0
10396,4a5cf927-5e23-4267-926e-9463e171f71e,18/01/2016 20:13:27,3,184573.0
10397,4a5cf927-5e23-4267-926e-9463e171f71e,18/01/2016 19:13:27,11,184570.0
10398,4a5cf927-5e23-4267-926e-9463e171f71e,18/01/2016 18:13:29,2,184559.0
10399,4a5cf927-5e23-4267-926e-9463e171f71e,18/01/2016 17:13:29,7,184557.0
10400,4a5cf927-5e23-4267-926e-9463e171f71e,18/01/2016 16:13:29,17,184550.0
10401,4a5cf927-5e23-4267-926e-9463e171f71e,18/01/2016 15:13:29,10,184533.0
10402,4a5cf927-5e23-4267-926e-9463e171f71e,18/01/2016 14:13:28,1,184523.0
10403,4a5cf927-5e23-4267-926e-9463e171f71e,18/01/2016 13:13:28,53,184522.0
10404,4a5cf927-5e23-4267-926e-9463e171f71e,18/01/2016 12:13:28,27,184469.0
10405,4a5cf927-5e23-4267-926e-9463e171f71e,18/01/2016 11:13:28,21,184442.0
10406,4a5cf927-5e23-4267-926e-9463e171f71e,18/01/2016 10:13:29,97,184421.0
10407,4a5cf927-5e23-4267-926e-9463e171f71e,18/01/2016 09:13:29,15,184324.0
10408,4a5cf927-5e23-4267-926e-9463e171f71e,18/01/2016 08:13:29,0,184309.0
10409,4a5cf927-5e23-4267-926e-9463e171f71e,18/01/2016 07:13:29,0,184309.0
10410,4a5cf927-5e23-4267-926e-9463e171f71e,18/01/2016 06:13:28,0,184309.0
10411,4a5cf927-5e23-4267-926e-9463e171f71e,18/01/2016 05:13:28,0,184309.0
10412,4a5cf927-5e23-4267-926e-9463e171f71e,18/01/2016 04:13:28,0,184309.0
10413,4a5cf927-5e23-4267-926e-9463e171f71e,18/01/2016 03:13:28,0,184309.0
10414,4a5cf927-5e23-4267-926e-9463e171f71e,18/01/2016 02:13:31,0,184309.0
10415,4a5cf927-5e23-4267-926e-9463e171f71e,18/01/2016 01:13:31,0,184309.0
10416,4a5cf927-5e23-4267-926e-9463e171f71e,18/01/2016 00:13:31,10,184309.0
10417,4a5cf927-5e23-4267-926e-9463e171f71e,17/01/2016 23:13:31,0,184299.0
10418,4a5cf927-5e23-4267-926e-9463e171f71e,17/01/2016 22:13:31,0,184299.0
10419,4a5cf927-5e23-4267-926e-9463e171f71e,17/01/2016 21:13:31,0,184299.0
10420,4a5cf927-5e23-4267-926e-9463e171f71e,17/01/2016 20:13:31,0,184299.0
10421,4a5cf927-5e23-4267-926e-9463e171f71e,17/01/2016 19:13:31,4,184299.0
10422,4a5cf927-5e23-4267-926e-9463e171f71e,17/01/2016 18:13:33,6,184295.0
10423,4a5cf927-5e23-4267-926e-9463e171f71e,17/01/2016 17:13:33,10,184289.0
10424,4a5cf927-5e23-4267-926e-9463e171f71e,17/01/2016 16:13:33,15,184279.0
10425,4a5cf927-5e23-4267-926e-9463e171f71e,17/01/2016 15:13:33,7,184264.0
10426,4a5cf927-5e23-4267-926e-9463e171f71e,17/01/2016 14:13:31,0,184257.0
10427,4a5cf927-5e23-4267-926e-9463e171f71e,17/01/2016 13:13:31,88,184257.0
10428,4a5cf927-5e23-4267-926e-9463e171f71e,17/01/2016 12:13:31,10,184169.0
10429,4a5cf927-5e23-4267-926e-9463e171f71e,17/01/2016 11:13:31,17,184159.0
10430,4a5cf927-5e23-4267-926e-9463e171f71e,17/01/2016 10:13:34,0,184142.0
10431,4a5cf927-5e23-4267-926e-9463e171f71e,17/01/2016 09:13:34,0,184142.0
10432,4a5cf927-5e23-4267-926e-9463e171f71e,17/01/2016 08:13:34,0,184142.0
10433,4a5cf927-5e23-4267-926e-9463e171f71e,17/01/2016 07:13:34,0,184142.0
10434,4a5cf927-5e23-4267-926e-9463e171f71e,17/01/2016 06:13:31,0,184142.0
10435,4a5cf927-5e23-4267-926e-9463e171f71e,17/01/2016 05:13:31,0,184142.0
10436,4a5cf927-5e23-4267-926e-9463e171f71e,17/01/2016 04:13:31,0,184142.0
10437,4a5cf927-5e23-4267-926e-9463e171f71e,17/01/2016 03:13:31,0,184142.0
10438,4a5cf927-5e23-4267-926e-9463e171f71e,17/01/2016 02:13:33,0,184142.0
10439,4a5cf927-5e23-4267-926e-9463e171f71e,17/01/2016 01:13:33,4,184142.0
10440,4a5cf927-5e23-4267-926e-9463e171f71e,17/01/2016 00:13:33,8,184138.0
10441,4a5cf927-5e23-4267-926e-9463e171f71e,16/01/2016 23:13:33,7,184130.0
10442,4a5cf927-5e23-4267-926e-9463e171f71e,16/01/2016 22:13:32,0,184123.0
10443,4a5cf927-5e23-4267-926e-9463e171f71e,16/01/2016 21:13:32,0,184123.0
10444,4a5cf927-5e23-4267-926e-9463e171f71e,16/01/2016 20:13:32,0,184123.0
10445,4a5cf927-5e23-4267-926e-9463e171f71e,16/01/2016 19:13:32,1,184123.0
10446,4a5cf927-5e23-4267-926e-9463e171f71e,16/01/2016 18:13:35,6,184122.0
10447,4a5cf927-5e23-4267-926e-9463e171f71e,16/01/2016 17:13:35,0,184116.0
10448,4a5cf927-5e23-4267-926e-9463e171f71e,16/01/2016 16:13:35,5,184116.0
10449,4a5cf927-5e23-4267-926e-9463e171f71e,16/01/2016 15:13:35,12,184111.0
10450,4a5cf927-5e23-4267-926e-9463e171f71e,16/01/2016 14:13:35,3,184099.0
10451,4a5cf927-5e23-4267-926e-9463e171f71e,16/01/2016 13:13:35,46,184096.0
10452,4a5cf927-5e23-4267-926e-9463e171f71e,16/01/2016 12:13:35,14,184050.0
10453,4a5cf927-5e23-4267-926e-9463e171f71e,16/01/2016 11:13:35,50,184036.0
10454,4a5cf927-5e23-4267-926e-9463e171f71e,16/01/2016 10:13:36,61,183986.0
10455,4a5cf927-5e23-4267-926e-9463e171f71e,16/01/2016 09:13:36,3,183925.0
10456,4a5cf927-5e23-4267-926e-9463e171f71e,16/01/2016 08:13:36,0,183922.0
10457,4a5cf927-5e23-4267-926e-9463e171f71e,16/01/2016 07:13:36,0,183922.0
10458,4a5cf927-5e23-4267-926e-9463e171f71e,16/01/2016 06:13:35,0,183922.0
10459,4a5cf927-5e23-4267-926e-9463e171f71e,16/01/2016 05:13:35,0,183922.0
10460,4a5cf927-5e23-4267-926e-9463e171f71e,16/01/2016 04:13:35,0,183922.0
10461,4a5cf927-5e23-4267-926e-9463e171f71e,16/01/2016 03:13:35,0,183922.0
10462,4a5cf927-5e23-4267-926e-9463e171f71e,16/01/2016 02:13:36,0,183922.0
10463,4a5cf927-5e23-4267-926e-9463e171f71e,16/01/2016 01:13:36,2,183922.0
10464,4a5cf927-5e23-4267-926e-9463e171f71e,16/01/2016 00:13:36,2,183920.0
10465,4a5cf927-5e23-4267-926e-9463e171f71e,15/01/2016 23:13:36,5,183918.0
10466,4a5cf927-5e23-4267-926e-9463e171f71e,15/01/2016 22:13:36,0,183913.0
10467,4a5cf927-5e23-4267-926e-9463e171f71e,15/01/2016 21:13:36,7,183913.0
10468,4a5cf927-5e23-4267-926e-9463e171f71e,15/01/2016 20:13:36,7,183906.0
10469,4a5cf927-5e23-4267-926e-9463e171f71e,15/01/2016 19:13:36,0,183899.0
10470,4a5cf927-5e23-4267-926e-9463e171f71e,15/01/2016 18:13:35,12,183899.0
10471,4a5cf927-5e23-4267-926e-9463e171f71e,15/01/2016 17:13:35,7,183887.0
10472,4a5cf927-5e23-4267-926e-9463e171f71e,15/01/2016 16:13:35,24,183880.0
10473,4a5cf927-5e23-4267-926e-9463e171f71e,15/01/2016 15:13:35,17,183856.0
10474,4a5cf927-5e23-4267-926e-9463e171f71e,15/01/2016 14:13:37,8,183839.0
10475,4a5cf927-5e23-4267-926e-9463e171f71e,15/01/2016 13:13:37,0,183831.0
10476,4a5cf927-5e23-4267-926e-9463e171f71e,15/01/2016 12:13:37,21,183831.0
10477,4a5cf927-5e23-4267-926e-9463e171f71e,15/01/2016 11:13:37,92,183810.0
10478,4a5cf927-5e23-4267-926e-9463e171f71e,15/01/2016 06:13:37,0,183718.0
10479,4a5cf927-5e23-4267-926e-9463e171f71e,15/01/2016 05:13:37,0,183718.0
10480,4a5cf927-5e23-4267-926e-9463e171f71e,15/01/2016 04:13:37,0,183718.0
10481,4a5cf927-5e23-4267-926e-9463e171f71e,15/01/2016 03:13:37,0,183718.0
10482,4a5cf927-5e23-4267-926e-9463e171f71e,15/01/2016 02:13:37,0,183718.0
10483,4a5cf927-5e23-4267-926e-9463e171f71e,15/01/2016 01:13:37,4,183718.0
10484,4a5cf927-5e23-4267-926e-9463e171f71e,15/01/2016 00:13:37,1,183714.0
10485,4a5cf927-5e23-4267-926e-9463e171f71e,14/01/2016 23:13:37,1,183713.0
10486,4a5cf927-5e23-4267-926e-9463e171f71e,14/01/2016 22:13:36,36,183712.0
10487,4a5cf927-5e23-4267-926e-9463e171f71e,14/01/2016 21:13:36,20,183676.0
10488,4a5cf927-5e23-4267-926e-9463e171f71e,14/01/2016 20:13:36,0,183656.0
10489,4a5cf927-5e23-4267-926e-9463e171f71e,14/01/2016 19:13:36,0,183656.0
10490,4a5cf927-5e23-4267-926e-9463e171f71e,14/01/2016 18:13:38,0,183656.0
10491,4a5cf927-5e23-4267-926e-9463e171f71e,14/01/2016 17:13:38,10,183656.0
10492,4a5cf927-5e23-4267-926e-9463e171f71e,14/01/2016 16:13:38,35,183646.0
10493,4a5cf927-5e23-4267-926e-9463e171f71e,14/01/2016 15:13:38,4,183611.0
10494,4a5cf927-5e23-4267-926e-9463e171f71e,14/01/2016 14:13:39,6,183607.0
10495,4a5cf927-5e23-4267-926e-9463e171f71e,14/01/2016 13:13:39,53,183601.0
10496,4a5cf927-5e23-4267-926e-9463e171f71e,14/01/2016 12:13:39,41,183548.0
10497,4a5cf927-5e23-4267-926e-9463e171f71e,14/01/2016 11:13:39,170,183507.0
10498,4a5cf927-5e23-4267-926e-9463e171f71e,14/01/2016 06:13:39,0,183337.0
10499,4a5cf927-5e23-4267-926e-9463e171f71e,14/01/2016 05:13:39,0,183337.0
10500,4a5cf927-5e23-4267-926e-9463e171f71e,14/01/2016 04:13:39,0,183337.0
10501,4a5cf927-5e23-4267-926e-9463e171f71e,14/01/2016 03:13:39,14,183337.0
10502,4a5cf927-5e23-4267-926e-9463e171f71e,13/01/2016 22:13:40,0,183323.0
10503,4a5cf927-5e23-4267-926e-9463e171f71e,13/01/2016 21:13:40,11,183323.0
10504,4a5cf927-5e23-4267-926e-9463e171f71e,13/01/2016 20:13:40,0,183312.0
10505,4a5cf927-5e23-4267-926e-9463e171f71e,13/01/2016 19:13:40,7,183312.0
10506,4a5cf927-5e23-4267-926e-9463e171f71e,13/01/2016 18:13:42,3,183305.0
10507,4a5cf927-5e23-4267-926e-9463e171f71e,13/01/2016 17:13:42,7,183302.0
10508,4a5cf927-5e23-4267-926e-9463e171f71e,13/01/2016 16:13:42,24,183295.0
10509,4a5cf927-5e23-4267-926e-9463e171f71e,13/01/2016 15:13:42,10,183271.0
10510,4a5cf927-5e23-4267-926e-9463e171f71e,13/01/2016 14:13:41,0,183261.0
10511,4a5cf927-5e23-4267-926e-9463e171f71e,13/01/2016 13:13:41,5,183261.0
10512,4a5cf927-5e23-4267-926e-9463e171f71e,13/01/2016 12:13:41,10,183256.0
10513,4a5cf927-5e23-4267-926e-9463e171f71e,13/01/2016 11:13:41,102,183246.0
10514,4a5cf927-5e23-4267-926e-9463e171f71e,13/01/2016 10:13:44,3,183144.0
10515,4a5cf927-5e23-4267-926e-9463e171f71e,13/01/2016 09:13:44,9,183141.0
10516,4a5cf927-5e23-4267-926e-9463e171f71e,13/01/2016 08:13:44,0,183132.0
10517,4a5cf927-5e23-4267-926e-9463e171f71e,13/01/2016 07:13:44,0,183132.0
10518,4a5cf927-5e23-4267-926e-9463e171f71e,13/01/2016 06:14:26,0,183132.0
10519,4a5cf927-5e23-4267-926e-9463e171f71e,13/01/2016 05:14:26,0,183132.0
10520,4a5cf927-5e23-4267-926e-9463e171f71e,13/01/2016 04:14:26,0,183132.0
10521,4a5cf927-5e23-4267-926e-9463e171f71e,13/01/2016 03:14:26,0,183132.0
10522,4a5cf927-5e23-4267-926e-9463e171f71e,13/01/2016 02:13:43,0,183132.0
10523,4a5cf927-5e23-4267-926e-9463e171f71e,13/01/2016 01:13:43,7,183132.0
10524,4a5cf927-5e23-4267-926e-9463e171f71e,13/01/2016 00:13:43,22,183125.0
10525,4a5cf927-5e23-4267-926e-9463e171f71e,12/1/2016 23:13,17,183103.0
10526,4a5cf927-5e23-4267-926e-9463e171f71e,12/1/2016 22:13,5,183086.0
10527,4a5cf927-5e23-4267-926e-9463e171f71e,12/1/2016 21:13,0,183081.0
10528,4a5cf927-5e23-4267-926e-9463e171f71e,12/1/2016 20:13,0,183081.0
10529,4a5cf927-5e23-4267-926e-9463e171f71e,12/1/2016 19:13,11,183081.0
10530,4a5cf927-5e23-4267-926e-9463e171f71e,12/1/2016 18:13,8,183070.0
10531,4a5cf927-5e23-4267-926e-9463e171f71e,12/1/2016 17:13,6,183062.0
10532,4a5cf927-5e23-4267-926e-9463e171f71e,12/1/2016 16:13,17,183056.0
10533,4a5cf927-5e23-4267-926e-9463e171f71e,12/1/2016 15:13,8,183039.0
10534,4a5cf927-5e23-4267-926e-9463e171f71e,12/1/2016 14:14,10,183031.0
10535,4a5cf927-5e23-4267-926e-9463e171f71e,12/1/2016 13:14,0,183021.0
10536,4a5cf927-5e23-4267-926e-9463e171f71e,12/1/2016 12:14,0,183021.0
10537,4a5cf927-5e23-4267-926e-9463e171f71e,12/1/2016 11:14,18,183021.0
10538,4a5cf927-5e23-4267-926e-9463e171f71e,12/1/2016 10:13,117,183003.0
10539,4a5cf927-5e23-4267-926e-9463e171f71e,12/1/2016 9:13,15,182886.0
10540,4a5cf927-5e23-4267-926e-9463e171f71e,12/1/2016 8:13,0,182871.0
10541,4a5cf927-5e23-4267-926e-9463e171f71e,12/1/2016 7:13,1,182871.0
10542,4a5cf927-5e23-4267-926e-9463e171f71e,12/1/2016 6:13,0,182870.0
10543,4a5cf927-5e23-4267-926e-9463e171f71e,12/1/2016 5:13,0,182870.0
10544,4a5cf927-5e23-4267-926e-9463e171f71e,12/1/2016 4:13,0,182870.0
10545,4a5cf927-5e23-4267-926e-9463e171f71e,12/1/2016 3:13,0,182870.0
10546,4a5cf927-5e23-4267-926e-9463e171f71e,12/1/2016 2:13,0,182870.0
10547,4a5cf927-5e23-4267-926e-9463e171f71e,12/1/2016 1:13,0,182870.0
10548,4a5cf927-5e23-4267-926e-9463e171f71e,12/1/2016 0:13,5,182870.0
10549,4a5cf927-5e23-4267-926e-9463e171f71e,11/1/2016 23:13,0,182865.0
10550,4a5cf927-5e23-4267-926e-9463e171f71e,11/1/2016 22:13,8,182865.0
10551,4a5cf927-5e23-4267-926e-9463e171f71e,11/1/2016 21:13,4,182857.0
10552,4a5cf927-5e23-4267-926e-9463e171f71e,11/1/2016 20:13,10,182853.0
10553,4a5cf927-5e23-4267-926e-9463e171f71e,11/1/2016 19:13,174,182843.0
10554,4a5cf927-5e23-4267-926e-9463e171f71e,11/1/2016 10:13,51,182669.0
10555,4a5cf927-5e23-4267-926e-9463e171f71e,11/1/2016 9:13,0,182618.0
10556,4a5cf927-5e23-4267-926e-9463e171f71e,11/1/2016 8:13,0,182618.0
10557,4a5cf927-5e23-4267-926e-9463e171f71e,11/1/2016 7:13,9,182618.0
10558,4a5cf927-5e23-4267-926e-9463e171f71e,10/1/2016 22:13,0,182609.0
10559,4a5cf927-5e23-4267-926e-9463e171f71e,10/1/2016 21:13,0,182609.0
10560,4a5cf927-5e23-4267-926e-9463e171f71e,10/1/2016 20:13,0,182609.0
10561,4a5cf927-5e23-4267-926e-9463e171f71e,10/1/2016 19:13,8,182609.0
10562,4a5cf927-5e23-4267-926e-9463e171f71e,10/1/2016 14:13,0,182601.0
10563,4a5cf927-5e23-4267-926e-9463e171f71e,10/1/2016 13:13,7,182601.0
10564,4a5cf927-5e23-4267-926e-9463e171f71e,10/1/2016 12:13,0,182594.0
10565,4a5cf927-5e23-4267-926e-9463e171f71e,10/1/2016 11:13,17,182594.0
10566,4a5cf927-5e23-4267-926e-9463e171f71e,10/1/2016 10:13,24,182577.0
10567,4a5cf927-5e23-4267-926e-9463e171f71e,10/1/2016 9:13,82,182553.0
10568,4a5cf927-5e23-4267-926e-9463e171f71e,10/1/2016 8:13,0,182471.0
10569,4a5cf927-5e23-4267-926e-9463e171f71e,10/1/2016 7:13,0,182471.0
10570,4a5cf927-5e23-4267-926e-9463e171f71e,10/1/2016 6:20,0,182471.0
10571,4a5cf927-5e23-4267-926e-9463e171f71e,10/1/2016 5:20,0,182471.0
10572,4a5cf927-5e23-4267-926e-9463e171f71e,10/1/2016 4:20,0,182471.0
10573,4a5cf927-5e23-4267-926e-9463e171f71e,10/1/2016 3:20,28,182471.0
10574,4a5cf927-5e23-4267-926e-9463e171f71e,9/1/2016 22:13,0,182443.0
10575,4a5cf927-5e23-4267-926e-9463e171f71e,9/1/2016 21:13,0,182443.0
10576,4a5cf927-5e23-4267-926e-9463e171f71e,9/1/2016 20:13,1,182443.0
10577,4a5cf927-5e23-4267-926e-9463e171f71e,9/1/2016 19:13,0,182442.0
10578,4a5cf927-5e23-4267-926e-9463e171f71e,9/1/2016 18:13,0,182442.0
10579,4a5cf927-5e23-4267-926e-9463e171f71e,9/1/2016 17:13,0,182442.0
10580,4a5cf927-5e23-4267-926e-9463e171f71e,9/1/2016 16:13,6,182442.0
10581,4a5cf927-5e23-4267-926e-9463e171f71e,9/1/2016 15:13,35,182436.0
10582,4a5cf927-5e23-4267-926e-9463e171f71e,9/1/2016 14:13,6,182401.0
10583,4a5cf927-5e23-4267-926e-9463e171f71e,9/1/2016 13:13,1,182395.0
10584,4a5cf927-5e23-4267-926e-9463e171f71e,9/1/2016 12:13,53,182394.0
10585,4a5cf927-5e23-4267-926e-9463e171f71e,9/1/2016 11:13,55,182341.0
10586,4a5cf927-5e23-4267-926e-9463e171f71e,9/1/2016 10:13,4,182286.0
10587,4a5cf927-5e23-4267-926e-9463e171f71e,9/1/2016 9:13,27,182282.0
10588,4a5cf927-5e23-4267-926e-9463e171f71e,9/1/2016 8:13,54,182255.0
10589,4a5cf927-5e23-4267-926e-9463e171f71e,9/1/2016 7:13,0,182201.0
10590,4a5cf927-5e23-4267-926e-9463e171f71e,9/1/2016 6:13,0,182201.0
10591,4a5cf927-5e23-4267-926e-9463e171f71e,9/1/2016 5:13,0,182201.0
10592,4a5cf927-5e23-4267-926e-9463e171f71e,9/1/2016 4:13,0,182201.0
10593,4a5cf927-5e23-4267-926e-9463e171f71e,9/1/2016 3:13,0,182201.0
10594,4a5cf927-5e23-4267-926e-9463e171f71e,9/1/2016 2:13,0,182201.0
10595,4a5cf927-5e23-4267-926e-9463e171f71e,9/1/2016 1:13,0,182201.0
10596,4a5cf927-5e23-4267-926e-9463e171f71e,9/1/2016 0:13,8,182201.0
10597,4a5cf927-5e23-4267-926e-9463e171f71e,8/1/2016 23:13,6,182193.0
10598,4a5cf927-5e23-4267-926e-9463e171f71e,8/1/2016 22:13,0,182187.0
10599,4a5cf927-5e23-4267-926e-9463e171f71e,8/1/2016 21:13,0,182187.0
10600,4a5cf927-5e23-4267-926e-9463e171f71e,8/1/2016 20:13,0,182187.0
10601,4a5cf927-5e23-4267-926e-9463e171f71e,8/1/2016 19:13,0,182187.0
10602,4a5cf927-5e23-4267-926e-9463e171f71e,8/1/2016 18:13,0,182187.0
10603,4a5cf927-5e23-4267-926e-9463e171f71e,8/1/2016 17:13,0,182187.0
10604,4a5cf927-5e23-4267-926e-9463e171f71e,8/1/2016 16:13,4,182187.0
10605,4a5cf927-5e23-4267-926e-9463e171f71e,8/1/2016 15:13,9,182183.0
10606,4a5cf927-5e23-4267-926e-9463e171f71e,8/1/2016 14:13,8,182174.0
10607,4a5cf927-5e23-4267-926e-9463e171f71e,8/1/2016 13:13,0,182166.0
10608,4a5cf927-5e23-4267-926e-9463e171f71e,8/1/2016 12:13,0,182166.0
10609,4a5cf927-5e23-4267-926e-9463e171f71e,8/1/2016 11:13,22,182166.0
10610,4a5cf927-5e23-4267-926e-9463e171f71e,8/1/2016 10:13,13,182144.0
10611,4a5cf927-5e23-4267-926e-9463e171f71e,8/1/2016 9:13,24,182131.0
10612,4a5cf927-5e23-4267-926e-9463e171f71e,8/1/2016 8:13,74,182107.0
10613,4a5cf927-5e23-4267-926e-9463e171f71e,8/1/2016 7:13,0,182033.0
10614,4a5cf927-5e23-4267-926e-9463e171f71e,8/1/2016 6:13,0,182033.0
10615,4a5cf927-5e23-4267-926e-9463e171f71e,8/1/2016 5:13,0,182033.0
10616,4a5cf927-5e23-4267-926e-9463e171f71e,8/1/2016 4:13,0,182033.0
10617,4a5cf927-5e23-4267-926e-9463e171f71e,8/1/2016 3:13,8,182033.0
10618,4a5cf927-5e23-4267-926e-9463e171f71e,7/1/2016 22:13,0,182025.0
10619,4a5cf927-5e23-4267-926e-9463e171f71e,7/1/2016 21:13,0,182025.0
10620,4a5cf927-5e23-4267-926e-9463e171f71e,7/1/2016 20:13,0,182025.0
10621,4a5cf927-5e23-4267-926e-9463e171f71e,7/1/2016 19:13,0,182025.0
10622,4a5cf927-5e23-4267-926e-9463e171f71e,7/1/2016 18:13,0,182025.0
10623,4a5cf927-5e23-4267-926e-9463e171f71e,7/1/2016 17:13,0,182025.0
10624,4a5cf927-5e23-4267-926e-9463e171f71e,7/1/2016 16:13,7,182025.0
10625,4a5cf927-5e23-4267-926e-9463e171f71e,7/1/2016 15:13,17,182018.0
10626,4a5cf927-5e23-4267-926e-9463e171f71e,7/1/2016 14:13,12,182001.0
10627,4a5cf927-5e23-4267-926e-9463e171f71e,7/1/2016 13:13,0,181989.0
10628,4a5cf927-5e23-4267-926e-9463e171f71e,7/1/2016 12:13,67,181989.0
10629,4a5cf927-5e23-4267-926e-9463e171f71e,7/1/2016 11:13,14,181922.0
10630,4a5cf927-5e23-4267-926e-9463e171f71e,7/1/2016 10:13,5,181908.0
10631,4a5cf927-5e23-4267-926e-9463e171f71e,7/1/2016 9:13,22,181903.0
10632,4a5cf927-5e23-4267-926e-9463e171f71e,7/1/2016 8:13,72,181881.0
10633,4a5cf927-5e23-4267-926e-9463e171f71e,7/1/2016 7:13,0,181809.0
10634,4a5cf927-5e23-4267-926e-9463e171f71e,7/1/2016 6:13,0,181809.0
10635,4a5cf927-5e23-4267-926e-9463e171f71e,7/1/2016 5:13,0,181809.0
10636,4a5cf927-5e23-4267-926e-9463e171f71e,7/1/2016 4:13,0,181809.0
10637,4a5cf927-5e23-4267-926e-9463e171f71e,7/1/2016 3:13,0,181809.0
10638,4a5cf927-5e23-4267-926e-9463e171f71e,7/1/2016 2:13,0,181809.0
10639,4a5cf927-5e23-4267-926e-9463e171f71e,7/1/2016 1:13,1,181809.0
10640,4a5cf927-5e23-4267-926e-9463e171f71e,7/1/2016 0:13,0,181808.0
10641,4a5cf927-5e23-4267-926e-9463e171f71e,6/1/2016 23:13,5,181808.0
10642,4a5cf927-5e23-4267-926e-9463e171f71e,6/1/2016 22:13,0,181803.0
10643,4a5cf927-5e23-4267-926e-9463e171f71e,6/1/2016 21:13,2,181803.0
10644,4a5cf927-5e23-4267-926e-9463e171f71e,6/1/2016 20:13,12,181801.0
10645,4a5cf927-5e23-4267-926e-9463e171f71e,6/1/2016 19:13,0,181789.0
10646,4a5cf927-5e23-4267-926e-9463e171f71e,6/1/2016 18:13,24,181789.0
10647,4a5cf927-5e23-4267-926e-9463e171f71e,6/1/2016 17:13,48,181765.0
10648,4a5cf927-5e23-4267-926e-9463e171f71e,6/1/2016 16:13,3,181717.0
10649,4a5cf927-5e23-4267-926e-9463e171f71e,6/1/2016 15:13,8,181714.0
10650,4a5cf927-5e23-4267-926e-9463e171f71e,6/1/2016 14:13,2,181706.0
10651,4a5cf927-5e23-4267-926e-9463e171f71e,6/1/2016 13:13,56,181704.0
10652,4a5cf927-5e23-4267-926e-9463e171f71e,6/1/2016 12:13,27,181648.0
10653,4a5cf927-5e23-4267-926e-9463e171f71e,6/1/2016 11:13,2,181621.0
10654,4a5cf927-5e23-4267-926e-9463e171f71e,6/1/2016 10:13,0,181619.0
10655,4a5cf927-5e23-4267-926e-9463e171f71e,6/1/2016 9:13,5,181619.0
10656,4a5cf927-5e23-4267-926e-9463e171f71e,6/1/2016 8:13,0,181614.0
10657,4a5cf927-5e23-4267-926e-9463e171f71e,6/1/2016 7:13,0,181614.0
10658,4a5cf927-5e23-4267-926e-9463e171f71e,6/1/2016 6:13,0,181614.0
10659,4a5cf927-5e23-4267-926e-9463e171f71e,6/1/2016 5:13,0,181614.0
10660,4a5cf927-5e23-4267-926e-9463e171f71e,6/1/2016 4:13,4,181614.0
10661,4a5cf927-5e23-4267-926e-9463e171f71e,6/1/2016 3:13,0,181610.0
10662,4a5cf927-5e23-4267-926e-9463e171f71e,6/1/2016 2:13,0,181610.0
10663,4a5cf927-5e23-4267-926e-9463e171f71e,6/1/2016 1:13,0,181610.0
10664,4a5cf927-5e23-4267-926e-9463e171f71e,6/1/2016 0:13,0,181610.0
10665,4a5cf927-5e23-4267-926e-9463e171f71e,5/1/2016 23:13,0,181610.0
10666,4a5cf927-5e23-4267-926e-9463e171f71e,5/1/2016 22:14,2,181610.0
10667,4a5cf927-5e23-4267-926e-9463e171f71e,5/1/2016 21:14,16,181608.0
10668,4a5cf927-5e23-4267-926e-9463e171f71e,5/1/2016 20:14,0,181592.0
10669,4a5cf927-5e23-4267-926e-9463e171f71e,5/1/2016 19:14,10,181592.0
10670,4a5cf927-5e23-4267-926e-9463e171f71e,5/1/2016 18:14,1,181582.0
10671,4a5cf927-5e23-4267-926e-9463e171f71e,5/1/2016 17:14,10,181581.0
10672,4a5cf927-5e23-4267-926e-9463e171f71e,5/1/2016 16:14,0,181571.0
10673,4a5cf927-5e23-4267-926e-9463e171f71e,5/1/2016 15:14,21,181571.0
10674,4a5cf927-5e23-4267-926e-9463e171f71e,5/1/2016 14:13,4,181550.0
10675,4a5cf927-5e23-4267-926e-9463e171f71e,5/1/2016 13:13,14,181546.0
10676,4a5cf927-5e23-4267-926e-9463e171f71e,5/1/2016 12:13,54,181532.0
10677,4a5cf927-5e23-4267-926e-9463e171f71e,5/1/2016 11:13,113,181478.0
10678,4a5cf927-5e23-4267-926e-9463e171f71e,5/1/2016 6:14,0,181365.0
10679,4a5cf927-5e23-4267-926e-9463e171f71e,5/1/2016 5:14,0,181365.0
10680,4a5cf927-5e23-4267-926e-9463e171f71e,5/1/2016 4:14,0,181365.0
10681,4a5cf927-5e23-4267-926e-9463e171f71e,5/1/2016 3:14,0,181365.0
10682,4a5cf927-5e23-4267-926e-9463e171f71e,5/1/2016 2:14,4,181365.0
10683,4a5cf927-5e23-4267-926e-9463e171f71e,5/1/2016 1:14,0,181361.0
10684,4a5cf927-5e23-4267-926e-9463e171f71e,5/1/2016 0:14,0,181361.0
10685,4a5cf927-5e23-4267-926e-9463e171f71e,4/1/2016 23:14,2,181361.0
10686,4a5cf927-5e23-4267-926e-9463e171f71e,4/1/2016 22:14,0,181359.0
10687,4a5cf927-5e23-4267-926e-9463e171f71e,4/1/2016 21:14,0,181359.0
10688,4a5cf927-5e23-4267-926e-9463e171f71e,4/1/2016 20:14,0,181359.0
10689,4a5cf927-5e23-4267-926e-9463e171f71e,4/1/2016 19:14,10,181359.0
10690,4a5cf927-5e23-4267-926e-9463e171f71e,4/1/2016 18:14,0,181349.0
10691,4a5cf927-5e23-4267-926e-9463e171f71e,4/1/2016 17:14,5,181349.0
10692,4a5cf927-5e23-4267-926e-9463e171f71e,4/1/2016 16:14,9,181344.0
10693,4a5cf927-5e23-4267-926e-9463e171f71e,4/1/2016 15:14,23,181335.0
10694,4a5cf927-5e23-4267-926e-9463e171f71e,4/1/2016 14:14,2,181312.0
10695,4a5cf927-5e23-4267-926e-9463e171f71e,4/1/2016 13:14,0,181310.0
10696,4a5cf927-5e23-4267-926e-9463e171f71e,4/1/2016 12:14,75,181310.0
10697,4a5cf927-5e23-4267-926e-9463e171f71e,4/1/2016 11:14,33,181235.0
10698,4a5cf927-5e23-4267-926e-9463e171f71e,4/1/2016 10:14,0,181202.0
10699,4a5cf927-5e23-4267-926e-9463e171f71e,4/1/2016 9:14,27,181202.0
10700,4a5cf927-5e23-4267-926e-9463e171f71e,4/1/2016 8:14,77,181175.0
10701,4a5cf927-5e23-4267-926e-9463e171f71e,4/1/2016 7:14,0,181098.0
10702,4a5cf927-5e23-4267-926e-9463e171f71e,4/1/2016 2:14,0,181098.0
10703,4a5cf927-5e23-4267-926e-9463e171f71e,4/1/2016 1:14,0,181098.0
10704,4a5cf927-5e23-4267-926e-9463e171f71e,4/1/2016 0:14,10,181098.0
10705,4a5cf927-5e23-4267-926e-9463e171f71e,3/1/2016 23:14,20,181088.0
10706,4a5cf927-5e23-4267-926e-9463e171f71e,3/1/2016 18:14,4,181068.0
10707,4a5cf927-5e23-4267-926e-9463e171f71e,3/1/2016 17:14,0,181064.0
10708,4a5cf927-5e23-4267-926e-9463e171f71e,3/1/2016 16:14,1,181064.0
10709,4a5cf927-5e23-4267-926e-9463e171f71e,3/1/2016 15:14,121,181063.0
10710,4a5cf927-5e23-4267-926e-9463e171f71e,3/1/2016 10:14,15,180942.0
10711,4a5cf927-5e23-4267-926e-9463e171f71e,3/1/2016 9:14,0,180927.0
10712,4a5cf927-5e23-4267-926e-9463e171f71e,3/1/2016 8:14,0,180927.0
10713,4a5cf927-5e23-4267-926e-9463e171f71e,3/1/2016 7:14,0,180927.0
10714,4a5cf927-5e23-4267-926e-9463e171f71e,3/1/2016 6:14,0,180927.0
10715,4a5cf927-5e23-4267-926e-9463e171f71e,3/1/2016 5:14,0,180927.0
10716,4a5cf927-5e23-4267-926e-9463e171f71e,3/1/2016 4:14,0,180927.0
10717,4a5cf927-5e23-4267-926e-9463e171f71e,3/1/2016 3:14,0,180927.0
10718,4a5cf927-5e23-4267-926e-9463e171f71e,3/1/2016 2:16,0,180927.0
10719,4a5cf927-5e23-4267-926e-9463e171f71e,3/1/2016 1:16,5,180927.0
10720,4a5cf927-5e23-4267-926e-9463e171f71e,3/1/2016 0:16,36,180922.0
10721,4a5cf927-5e23-4267-926e-9463e171f71e,2/1/2016 23:16,9,180886.0
10722,4a5cf927-5e23-4267-926e-9463e171f71e,2/1/2016 22:14,2,180877.0
10723,4a5cf927-5e23-4267-926e-9463e171f71e,2/1/2016 21:14,0,180875.0
10724,4a5cf927-5e23-4267-926e-9463e171f71e,2/1/2016 20:14,0,180875.0
10725,4a5cf927-5e23-4267-926e-9463e171f71e,2/1/2016 19:14,0,180875.0
10726,4a5cf927-5e23-4267-926e-9463e171f71e,2/1/2016 18:14,0,180875.0
10727,4a5cf927-5e23-4267-926e-9463e171f71e,2/1/2016 17:14,0,180875.0
10728,4a5cf927-5e23-4267-926e-9463e171f71e,2/1/2016 16:14,0,180875.0
10729,4a5cf927-5e23-4267-926e-9463e171f71e,2/1/2016 15:14,11,180875.0
10730,4a5cf927-5e23-4267-926e-9463e171f71e,2/1/2016 14:14,5,180864.0
10731,4a5cf927-5e23-4267-926e-9463e171f71e,2/1/2016 13:14,0,180859.0
10732,4a5cf927-5e23-4267-926e-9463e171f71e,2/1/2016 12:14,11,180859.0
10733,4a5cf927-5e23-4267-926e-9463e171f71e,2/1/2016 11:14,167,180848.0
10734,4a5cf927-5e23-4267-926e-9463e171f71e,2/1/2016 6:14,0,180681.0
10735,4a5cf927-5e23-4267-926e-9463e171f71e,2/1/2016 5:14,0,180681.0
10736,4a5cf927-5e23-4267-926e-9463e171f71e,2/1/2016 4:14,0,180681.0
10737,4a5cf927-5e23-4267-926e-9463e171f71e,2/1/2016 3:14,18,180681.0
10738,4a5cf927-5e23-4267-926e-9463e171f71e,1/1/2016 22:14,0,180663.0
10739,4a5cf927-5e23-4267-926e-9463e171f71e,1/1/2016 21:14,1,180663.0
10740,4a5cf927-5e23-4267-926e-9463e171f71e,1/1/2016 20:14,0,180662.0
10741,4a5cf927-5e23-4267-926e-9463e171f71e,1/1/2016 19:14,120,180662.0
10742,4a5cf927-5e23-4267-926e-9463e171f71e,1/1/2016 14:14,54,180542.0
10743,4a5cf927-5e23-4267-926e-9463e171f71e,1/1/2016 13:14,23,180488.0
10744,4a5cf927-5e23-4267-926e-9463e171f71e,1/1/2016 12:14,0,180465.0
10745,4a5cf927-5e23-4267-926e-9463e171f71e,1/1/2016 11:14,4,180465.0
10746,4a5cf927-5e23-4267-926e-9463e171f71e,1/1/2016 10:14,0,180461.0
10747,4a5cf927-5e23-4267-926e-9463e171f71e,1/1/2016 9:14,0,180461.0
10748,4a5cf927-5e23-4267-926e-9463e171f71e,1/1/2016 8:14,0,180461.0
10749,4a5cf927-5e23-4267-926e-9463e171f71e,1/1/2016 7:14,5,180461.0
10750,4a5cf927-5e23-4267-926e-9463e171f71e,1/1/2016 2:14,0,180456.0
10751,4a5cf927-5e23-4267-926e-9463e171f71e,1/1/2016 1:14,0,180456.0
10752,4a5cf927-5e23-4267-926e-9463e171f71e,1/1/2016 0:14,0,180456.0
10753,4a5cf927-5e23-4267-926e-9463e171f71e,31/12/2015 23:14:13,0,180456.0
10754,4a5cf927-5e23-4267-926e-9463e171f71e,31/12/2015 22:14:11,0,180456.0
10755,4a5cf927-5e23-4267-926e-9463e171f71e,31/12/2015 21:14:11,14,180456.0
10756,4a5cf927-5e23-4267-926e-9463e171f71e,31/12/2015 20:14:11,0,180442.0
10757,4a5cf927-5e23-4267-926e-9463e171f71e,31/12/2015 19:14:11,0,180442.0
10758,4a5cf927-5e23-4267-926e-9463e171f71e,31/12/2015 18:14:13,0,180442.0
10759,4a5cf927-5e23-4267-926e-9463e171f71e,31/12/2015 17:14:13,0,180442.0
10760,4a5cf927-5e23-4267-926e-9463e171f71e,31/12/2015 16:14:13,6,180442.0
10761,4a5cf927-5e23-4267-926e-9463e171f71e,31/12/2015 15:14:13,8,180436.0
10762,4a5cf927-5e23-4267-926e-9463e171f71e,31/12/2015 14:14:11,13,180428.0
10763,4a5cf927-5e23-4267-926e-9463e171f71e,31/12/2015 13:14:11,1,180415.0
10764,4a5cf927-5e23-4267-926e-9463e171f71e,31/12/2015 12:14:11,4,180414.0
10765,4a5cf927-5e23-4267-926e-9463e171f71e,31/12/2015 11:14:11,0,180410.0
10766,4a5cf927-5e23-4267-926e-9463e171f71e,31/12/2015 10:14:16,10,180410.0
10767,4a5cf927-5e23-4267-926e-9463e171f71e,31/12/2015 09:14:16,29,180400.0
10768,4a5cf927-5e23-4267-926e-9463e171f71e,31/12/2015 08:14:16,90,180371.0
10769,4a5cf927-5e23-4267-926e-9463e171f71e,31/12/2015 07:14:16,1,180281.0
10770,4a5cf927-5e23-4267-926e-9463e171f71e,31/12/2015 06:14:13,0,180280.0
10771,4a5cf927-5e23-4267-926e-9463e171f71e,31/12/2015 05:14:13,0,180280.0
10772,4a5cf927-5e23-4267-926e-9463e171f71e,31/12/2015 04:14:13,0,180280.0
10773,4a5cf927-5e23-4267-926e-9463e171f71e,31/12/2015 03:14:13,0,180280.0
10774,4a5cf927-5e23-4267-926e-9463e171f71e,31/12/2015 02:14:14,0,180280.0
10775,4a5cf927-5e23-4267-926e-9463e171f71e,31/12/2015 01:14:14,0,180280.0
10776,4a5cf927-5e23-4267-926e-9463e171f71e,31/12/2015 00:14:14,3,180280.0
10777,4a5cf927-5e23-4267-926e-9463e171f71e,30/12/2015 23:14:14,11,180277.0
10778,4a5cf927-5e23-4267-926e-9463e171f71e,30/12/2015 22:14:14,5,180266.0
10779,4a5cf927-5e23-4267-926e-9463e171f71e,30/12/2015 21:14:14,0,180261.0
10780,4a5cf927-5e23-4267-926e-9463e171f71e,30/12/2015 20:14:14,0,180261.0
10781,4a5cf927-5e23-4267-926e-9463e171f71e,30/12/2015 19:14:14,0,180261.0
10782,4a5cf927-5e23-4267-926e-9463e171f71e,30/12/2015 18:14:15,0,180261.0
10783,4a5cf927-5e23-4267-926e-9463e171f71e,30/12/2015 17:14:15,3,180261.0
10784,4a5cf927-5e23-4267-926e-9463e171f71e,30/12/2015 16:14:15,5,180258.0
10785,4a5cf927-5e23-4267-926e-9463e171f71e,30/12/2015 15:14:15,19,180253.0
10786,4a5cf927-5e23-4267-926e-9463e171f71e,30/12/2015 14:14:14,46,180234.0
10787,4a5cf927-5e23-4267-926e-9463e171f71e,30/12/2015 13:14:14,36,180188.0
10788,4a5cf927-5e23-4267-926e-9463e171f71e,30/12/2015 12:14:14,14,180152.0
10789,4a5cf927-5e23-4267-926e-9463e171f71e,30/12/2015 11:14:14,1,180138.0
10790,4a5cf927-5e23-4267-926e-9463e171f71e,30/12/2015 10:14:15,22,180137.0
10791,4a5cf927-5e23-4267-926e-9463e171f71e,30/12/2015 09:14:15,31,180115.0
10792,4a5cf927-5e23-4267-926e-9463e171f71e,30/12/2015 08:14:15,81,180084.0
10793,4a5cf927-5e23-4267-926e-9463e171f71e,30/12/2015 07:14:15,0,180003.0
10794,4a5cf927-5e23-4267-926e-9463e171f71e,30/12/2015 06:14:14,0,180003.0
10795,4a5cf927-5e23-4267-926e-9463e171f71e,30/12/2015 05:14:14,0,180003.0
10796,4a5cf927-5e23-4267-926e-9463e171f71e,30/12/2015 04:14:14,0,180003.0
10797,4a5cf927-5e23-4267-926e-9463e171f71e,30/12/2015 03:14:14,0,180003.0
10798,4a5cf927-5e23-4267-926e-9463e171f71e,30/12/2015 02:14:18,0,180003.0
10799,4a5cf927-5e23-4267-926e-9463e171f71e,30/12/2015 01:14:18,0,180003.0
10800,4a5cf927-5e23-4267-926e-9463e171f71e,30/12/2015 00:14:18,2,180003.0
10801,4a5cf927-5e23-4267-926e-9463e171f71e,29/12/2015 23:14:18,0,180001.0
10802,4a5cf927-5e23-4267-926e-9463e171f71e,29/12/2015 22:14:15,1,180001.0
10803,4a5cf927-5e23-4267-926e-9463e171f71e,29/12/2015 21:14:15,5,180000.0
10804,4a5cf927-5e23-4267-926e-9463e171f71e,29/12/2015 20:14:15,0,179995.0
10805,4a5cf927-5e23-4267-926e-9463e171f71e,29/12/2015 19:14:15,0,179995.0
10806,4a5cf927-5e23-4267-926e-9463e171f71e,29/12/2015 18:14:18,0,179995.0
10807,4a5cf927-5e23-4267-926e-9463e171f71e,29/12/2015 17:14:18,5,179995.0
10808,4a5cf927-5e23-4267-926e-9463e171f71e,29/12/2015 16:14:18,14,179990.0
10809,4a5cf927-5e23-4267-926e-9463e171f71e,29/12/2015 15:14:18,9,179976.0
10810,4a5cf927-5e23-4267-926e-9463e171f71e,29/12/2015 14:14:17,0,179967.0
10811,4a5cf927-5e23-4267-926e-9463e171f71e,29/12/2015 13:14:17,4,179967.0
10812,4a5cf927-5e23-4267-926e-9463e171f71e,29/12/2015 12:14:17,9,179963.0
10813,4a5cf927-5e23-4267-926e-9463e171f71e,29/12/2015 11:14:17,191,179954.0
10814,4a5cf927-5e23-4267-926e-9463e171f71e,29/12/2015 06:14:17,0,179763.0
10815,4a5cf927-5e23-4267-926e-9463e171f71e,29/12/2015 05:14:17,0,179763.0
10816,4a5cf927-5e23-4267-926e-9463e171f71e,29/12/2015 04:14:17,0,179763.0
10817,4a5cf927-5e23-4267-926e-9463e171f71e,29/12/2015 03:14:17,0,179763.0
10818,4a5cf927-5e23-4267-926e-9463e171f71e,29/12/2015 02:14:19,0,179763.0
10819,4a5cf927-5e23-4267-926e-9463e171f71e,29/12/2015 01:14:19,0,179763.0
10820,4a5cf927-5e23-4267-926e-9463e171f71e,29/12/2015 00:14:19,9,179763.0
10821,4a5cf927-5e23-4267-926e-9463e171f71e,28/12/2015 23:14:19,9,179754.0
10822,4a5cf927-5e23-4267-926e-9463e171f71e,28/12/2015 22:14:18,0,179745.0
10823,4a5cf927-5e23-4267-926e-9463e171f71e,28/12/2015 21:14:18,12,179745.0
10824,4a5cf927-5e23-4267-926e-9463e171f71e,28/12/2015 20:14:18,0,179733.0
10825,4a5cf927-5e23-4267-926e-9463e171f71e,28/12/2015 19:14:18,15,179733.0
10826,4a5cf927-5e23-4267-926e-9463e171f71e,28/12/2015 18:14:19,5,179718.0
10827,4a5cf927-5e23-4267-926e-9463e171f71e,28/12/2015 17:14:19,51,179713.0
10828,4a5cf927-5e23-4267-926e-9463e171f71e,28/12/2015 16:14:19,10,179662.0
10829,4a5cf927-5e23-4267-926e-9463e171f71e,28/12/2015 15:14:19,0,179652.0
10830,4a5cf927-5e23-4267-926e-9463e171f71e,28/12/2015 14:14:18,1,179652.0
10831,4a5cf927-5e23-4267-926e-9463e171f71e,28/12/2015 13:14:18,1,179651.0
10832,4a5cf927-5e23-4267-926e-9463e171f71e,28/12/2015 12:14:18,19,179650.0
10833,4a5cf927-5e23-4267-926e-9463e171f71e,28/12/2015 11:14:18,41,179631.0
10834,4a5cf927-5e23-4267-926e-9463e171f71e,28/12/2015 10:14:22,44,179590.0
10835,4a5cf927-5e23-4267-926e-9463e171f71e,28/12/2015 09:14:22,29,179546.0
10836,4a5cf927-5e23-4267-926e-9463e171f71e,28/12/2015 08:14:22,89,179517.0
10837,4a5cf927-5e23-4267-926e-9463e171f71e,28/12/2015 07:14:22,0,179428.0
10838,4a5cf927-5e23-4267-926e-9463e171f71e,28/12/2015 06:14:19,0,179428.0
10839,4a5cf927-5e23-4267-926e-9463e171f71e,28/12/2015 05:14:19,0,179428.0
10840,4a5cf927-5e23-4267-926e-9463e171f71e,28/12/2015 04:14:19,0,179428.0
10841,4a5cf927-5e23-4267-926e-9463e171f71e,28/12/2015 03:14:19,0,179428.0
10842,4a5cf927-5e23-4267-926e-9463e171f71e,28/12/2015 02:14:22,11,179428.0
10843,4a5cf927-5e23-4267-926e-9463e171f71e,28/12/2015 01:14:22,13,179417.0
10844,4a5cf927-5e23-4267-926e-9463e171f71e,28/12/2015 00:14:22,22,179404.0
10845,4a5cf927-5e23-4267-926e-9463e171f71e,27/12/2015 23:14:22,13,179382.0
10846,4a5cf927-5e23-4267-926e-9463e171f71e,27/12/2015 22:14:20,6,179369.0
10847,4a5cf927-5e23-4267-926e-9463e171f71e,27/12/2015 21:14:20,5,179363.0
10848,4a5cf927-5e23-4267-926e-9463e171f71e,27/12/2015 20:14:20,4,179358.0
10849,4a5cf927-5e23-4267-926e-9463e171f71e,27/12/2015 19:14:20,29,179354.0
10850,4a5cf927-5e23-4267-926e-9463e171f71e,27/12/2015 14:14:20,0,179325.0
10851,4a5cf927-5e23-4267-926e-9463e171f71e,27/12/2015 13:14:20,20,179325.0
10852,4a5cf927-5e23-4267-926e-9463e171f71e,27/12/2015 12:14:20,13,179305.0
10853,4a5cf927-5e23-4267-926e-9463e171f71e,27/12/2015 11:14:20,57,179292.0
10854,4a5cf927-5e23-4267-926e-9463e171f71e,27/12/2015 10:14:23,111,179235.0
10855,4a5cf927-5e23-4267-926e-9463e171f71e,27/12/2015 09:14:23,22,179124.0
10856,4a5cf927-5e23-4267-926e-9463e171f71e,27/12/2015 08:14:23,0,179102.0
10857,4a5cf927-5e23-4267-926e-9463e171f71e,27/12/2015 07:14:23,5,179102.0
10858,4a5cf927-5e23-4267-926e-9463e171f71e,27/12/2015 06:14:23,0,179097.0
10859,4a5cf927-5e23-4267-926e-9463e171f71e,27/12/2015 05:14:23,0,179097.0
10860,4a5cf927-5e23-4267-926e-9463e171f71e,27/12/2015 04:14:23,0,179097.0
10861,4a5cf927-5e23-4267-926e-9463e171f71e,27/12/2015 03:14:23,36,179097.0
10862,4a5cf927-5e23-4267-926e-9463e171f71e,26/12/2015 22:14:23,0,179061.0
10863,4a5cf927-5e23-4267-926e-9463e171f71e,26/12/2015 21:14:23,6,179061.0
10864,4a5cf927-5e23-4267-926e-9463e171f71e,26/12/2015 20:14:23,0,179055.0
10865,4a5cf927-5e23-4267-926e-9463e171f71e,26/12/2015 19:14:23,30,179055.0
10866,4a5cf927-5e23-4267-926e-9463e171f71e,26/12/2015 14:14:21,5,179025.0
10867,4a5cf927-5e23-4267-926e-9463e171f71e,26/12/2015 13:14:21,2,179020.0
10868,4a5cf927-5e23-4267-926e-9463e171f71e,26/12/2015 12:14:21,23,179018.0
10869,4a5cf927-5e23-4267-926e-9463e171f71e,26/12/2015 11:14:21,122,178995.0
10870,4a5cf927-5e23-4267-926e-9463e171f71e,26/12/2015 10:14:26,102,178873.0
10871,4a5cf927-5e23-4267-926e-9463e171f71e,26/12/2015 09:14:26,9,178771.0
10872,4a5cf927-5e23-4267-926e-9463e171f71e,26/12/2015 08:14:26,6,178762.0
10873,4a5cf927-5e23-4267-926e-9463e171f71e,26/12/2015 07:14:26,0,178756.0
10874,4a5cf927-5e23-4267-926e-9463e171f71e,26/12/2015 06:14:23,0,178756.0
10875,4a5cf927-5e23-4267-926e-9463e171f71e,26/12/2015 05:14:23,0,178756.0
10876,4a5cf927-5e23-4267-926e-9463e171f71e,26/12/2015 04:14:23,0,178756.0
10877,4a5cf927-5e23-4267-926e-9463e171f71e,26/12/2015 03:14:23,0,178756.0
10878,4a5cf927-5e23-4267-926e-9463e171f71e,26/12/2015 02:14:26,10,178756.0
10879,4a5cf927-5e23-4267-926e-9463e171f71e,26/12/2015 01:14:26,0,178746.0
10880,4a5cf927-5e23-4267-926e-9463e171f71e,26/12/2015 00:14:26,6,178746.0
10881,4a5cf927-5e23-4267-926e-9463e171f71e,25/12/2015 23:14:26,6,178740.0
10882,4a5cf927-5e23-4267-926e-9463e171f71e,25/12/2015 22:14:25,11,178734.0
10883,4a5cf927-5e23-4267-926e-9463e171f71e,25/12/2015 21:14:25,24,178723.0
10884,4a5cf927-5e23-4267-926e-9463e171f71e,25/12/2015 20:14:25,3,178699.0
10885,4a5cf927-5e23-4267-926e-9463e171f71e,25/12/2015 19:14:25,7,178696.0
10886,4a5cf927-5e23-4267-926e-9463e171f71e,25/12/2015 18:14:26,16,178689.0
10887,4a5cf927-5e23-4267-926e-9463e171f71e,25/12/2015 17:14:26,43,178673.0
10888,4a5cf927-5e23-4267-926e-9463e171f71e,25/12/2015 16:14:26,2,178630.0
10889,4a5cf927-5e23-4267-926e-9463e171f71e,25/12/2015 15:14:26,13,178628.0
10890,4a5cf927-5e23-4267-926e-9463e171f71e,25/12/2015 14:14:25,132,178615.0
10891,4a5cf927-5e23-4267-926e-9463e171f71e,25/12/2015 13:14:25,134,178483.0
10892,4a5cf927-5e23-4267-926e-9463e171f71e,25/12/2015 12:14:25,49,178349.0
10893,4a5cf927-5e23-4267-926e-9463e171f71e,25/12/2015 11:14:25,37,178300.0
10894,4a5cf927-5e23-4267-926e-9463e171f71e,25/12/2015 10:14:27,9,178263.0
10895,4a5cf927-5e23-4267-926e-9463e171f71e,25/12/2015 09:14:27,0,178254.0
10896,4a5cf927-5e23-4267-926e-9463e171f71e,25/12/2015 08:14:27,0,178254.0
10897,4a5cf927-5e23-4267-926e-9463e171f71e,25/12/2015 07:14:27,0,178254.0
10898,4a5cf927-5e23-4267-926e-9463e171f71e,25/12/2015 06:14:26,0,178254.0
10899,4a5cf927-5e23-4267-926e-9463e171f71e,25/12/2015 05:14:26,0,178254.0
10900,4a5cf927-5e23-4267-926e-9463e171f71e,25/12/2015 04:14:26,19,178254.0
10901,4a5cf927-5e23-4267-926e-9463e171f71e,25/12/2015 03:14:26,22,178235.0
10902,4a5cf927-5e23-4267-926e-9463e171f71e,25/12/2015 02:14:27,8,178213.0
10903,4a5cf927-5e23-4267-926e-9463e171f71e,25/12/2015 01:14:27,0,178205.0
10904,4a5cf927-5e23-4267-926e-9463e171f71e,25/12/2015 00:14:27,19,178205.0
10905,4a5cf927-5e23-4267-926e-9463e171f71e,24/12/2015 23:14:27,1,178186.0
10906,4a5cf927-5e23-4267-926e-9463e171f71e,24/12/2015 22:14:28,8,178185.0
10907,4a5cf927-5e23-4267-926e-9463e171f71e,24/12/2015 21:14:28,13,178177.0
10908,4a5cf927-5e23-4267-926e-9463e171f71e,24/12/2015 20:14:28,0,178164.0
10909,4a5cf927-5e23-4267-926e-9463e171f71e,24/12/2015 19:14:28,0,178164.0
10910,4a5cf927-5e23-4267-926e-9463e171f71e,24/12/2015 18:14:29,0,178164.0
10911,4a5cf927-5e23-4267-926e-9463e171f71e,24/12/2015 17:14:29,4,178164.0
10912,4a5cf927-5e23-4267-926e-9463e171f71e,24/12/2015 16:14:29,3,178160.0
10913,4a5cf927-5e23-4267-926e-9463e171f71e,24/12/2015 15:14:29,5,178157.0
10914,4a5cf927-5e23-4267-926e-9463e171f71e,24/12/2015 14:14:31,3,178152.0
10915,4a5cf927-5e23-4267-926e-9463e171f71e,24/12/2015 13:14:31,4,178149.0
10916,4a5cf927-5e23-4267-926e-9463e171f71e,24/12/2015 12:14:31,19,178145.0
10917,4a5cf927-5e23-4267-926e-9463e171f71e,24/12/2015 11:14:31,26,178126.0
10918,4a5cf927-5e23-4267-926e-9463e171f71e,24/12/2015 10:14:30,90,178100.0
10919,4a5cf927-5e23-4267-926e-9463e171f71e,24/12/2015 09:14:30,42,178010.0
10920,4a5cf927-5e23-4267-926e-9463e171f71e,24/12/2015 08:14:30,84,177968.0
10921,4a5cf927-5e23-4267-926e-9463e171f71e,24/12/2015 07:14:30,0,177884.0
10922,4a5cf927-5e23-4267-926e-9463e171f71e,24/12/2015 06:14:29,0,177884.0
10923,4a5cf927-5e23-4267-926e-9463e171f71e,24/12/2015 05:14:29,0,177884.0
10924,4a5cf927-5e23-4267-926e-9463e171f71e,24/12/2015 04:14:29,0,177884.0
10925,4a5cf927-5e23-4267-926e-9463e171f71e,24/12/2015 03:14:29,0,177884.0
10926,4a5cf927-5e23-4267-926e-9463e171f71e,24/12/2015 02:14:31,0,177884.0
10927,4a5cf927-5e23-4267-926e-9463e171f71e,24/12/2015 01:14:31,0,177884.0
10928,4a5cf927-5e23-4267-926e-9463e171f71e,24/12/2015 00:14:31,5,177884.0
10929,4a5cf927-5e23-4267-926e-9463e171f71e,23/12/2015 23:14:31,12,177879.0
10930,4a5cf927-5e23-4267-926e-9463e171f71e,23/12/2015 22:14:29,0,177867.0
10931,4a5cf927-5e23-4267-926e-9463e171f71e,23/12/2015 21:14:29,0,177867.0
10932,4a5cf927-5e23-4267-926e-9463e171f71e,23/12/2015 20:14:29,0,177867.0
10933,4a5cf927-5e23-4267-926e-9463e171f71e,23/12/2015 19:14:29,0,177867.0
10934,4a5cf927-5e23-4267-926e-9463e171f71e,23/12/2015 18:14:31,0,177867.0
10935,4a5cf927-5e23-4267-926e-9463e171f71e,23/12/2015 17:14:31,9,177867.0
10936,4a5cf927-5e23-4267-926e-9463e171f71e,23/12/2015 16:14:31,14,177858.0
10937,4a5cf927-5e23-4267-926e-9463e171f71e,23/12/2015 15:14:31,143,177844.0
10938,4a5cf927-5e23-4267-926e-9463e171f71e,23/12/2015 10:14:32,40,177701.0
10939,4a5cf927-5e23-4267-926e-9463e171f71e,23/12/2015 09:14:32,6,177661.0
10940,4a5cf927-5e23-4267-926e-9463e171f71e,23/12/2015 08:14:32,0,177655.0
10941,4a5cf927-5e23-4267-926e-9463e171f71e,23/12/2015 07:14:32,0,177655.0
10942,4a5cf927-5e23-4267-926e-9463e171f71e,23/12/2015 06:14:31,0,177655.0
10943,4a5cf927-5e23-4267-926e-9463e171f71e,23/12/2015 05:14:31,0,177655.0
10944,4a5cf927-5e23-4267-926e-9463e171f71e,23/12/2015 04:14:31,0,177655.0
10945,4a5cf927-5e23-4267-926e-9463e171f71e,23/12/2015 03:14:31,0,177655.0
10946,4a5cf927-5e23-4267-926e-9463e171f71e,23/12/2015 02:14:32,10,177655.0
10947,4a5cf927-5e23-4267-926e-9463e171f71e,23/12/2015 01:14:32,10,177645.0
10948,4a5cf927-5e23-4267-926e-9463e171f71e,23/12/2015 00:14:32,0,177635.0
10949,4a5cf927-5e23-4267-926e-9463e171f71e,22/12/2015 23:14:32,1,177635.0
10950,4a5cf927-5e23-4267-926e-9463e171f71e,22/12/2015 18:14:34,1,177634.0
10951,4a5cf927-5e23-4267-926e-9463e171f71e,22/12/2015 17:14:34,0,177633.0
10952,4a5cf927-5e23-4267-926e-9463e171f71e,22/12/2015 16:14:34,12,177633.0
10953,4a5cf927-5e23-4267-926e-9463e171f71e,22/12/2015 15:14:34,14,177621.0
10954,4a5cf927-5e23-4267-926e-9463e171f71e,22/12/2015 14:14:34,21,177607.0
10955,4a5cf927-5e23-4267-926e-9463e171f71e,22/12/2015 13:14:34,7,177586.0
10956,4a5cf927-5e23-4267-926e-9463e171f71e,22/12/2015 12:14:34,0,177579.0
10957,4a5cf927-5e23-4267-926e-9463e171f71e,22/12/2015 11:14:34,72,177579.0
10958,4a5cf927-5e23-4267-926e-9463e171f71e,22/12/2015 10:14:36,23,177507.0
10959,4a5cf927-5e23-4267-926e-9463e171f71e,22/12/2015 09:14:36,22,177484.0
10960,4a5cf927-5e23-4267-926e-9463e171f71e,22/12/2015 08:14:36,0,177462.0
10961,4a5cf927-5e23-4267-926e-9463e171f71e,22/12/2015 07:14:36,0,177462.0
10962,4a5cf927-5e23-4267-926e-9463e171f71e,22/12/2015 06:14:36,0,177462.0
10963,4a5cf927-5e23-4267-926e-9463e171f71e,22/12/2015 05:14:36,0,177462.0
10964,4a5cf927-5e23-4267-926e-9463e171f71e,22/12/2015 04:14:36,0,177462.0
10965,4a5cf927-5e23-4267-926e-9463e171f71e,22/12/2015 03:14:36,0,177462.0
10966,4a5cf927-5e23-4267-926e-9463e171f71e,22/12/2015 02:14:35,0,177462.0
10967,4a5cf927-5e23-4267-926e-9463e171f71e,22/12/2015 01:14:35,5,177462.0
10968,4a5cf927-5e23-4267-926e-9463e171f71e,22/12/2015 00:14:35,0,177457.0
10969,4a5cf927-5e23-4267-926e-9463e171f71e,21/12/2015 23:14:35,12,177457.0
10970,4a5cf927-5e23-4267-926e-9463e171f71e,21/12/2015 22:14:37,0,177445.0
10971,4a5cf927-5e23-4267-926e-9463e171f71e,21/12/2015 21:14:37,5,177445.0
10972,4a5cf927-5e23-4267-926e-9463e171f71e,21/12/2015 20:14:37,0,177440.0
10973,4a5cf927-5e23-4267-926e-9463e171f71e,21/12/2015 19:14:37,0,177440.0
10974,4a5cf927-5e23-4267-926e-9463e171f71e,21/12/2015 18:14:36,0,177440.0
10975,4a5cf927-5e23-4267-926e-9463e171f71e,21/12/2015 17:14:36,17,177440.0
10976,4a5cf927-5e23-4267-926e-9463e171f71e,21/12/2015 16:14:36,11,177423.0
10977,4a5cf927-5e23-4267-926e-9463e171f71e,21/12/2015 15:14:36,12,177412.0
10978,4a5cf927-5e23-4267-926e-9463e171f71e,21/12/2015 14:14:35,5,177400.0
10979,4a5cf927-5e23-4267-926e-9463e171f71e,21/12/2015 13:14:35,0,177395.0
10980,4a5cf927-5e23-4267-926e-9463e171f71e,21/12/2015 12:14:35,0,177395.0
10981,4a5cf927-5e23-4267-926e-9463e171f71e,21/12/2015 11:14:35,17,177395.0
10982,4a5cf927-5e23-4267-926e-9463e171f71e,21/12/2015 10:14:38,127,177378.0
10983,4a5cf927-5e23-4267-926e-9463e171f71e,21/12/2015 09:14:38,5,177251.0
10984,4a5cf927-5e23-4267-926e-9463e171f71e,21/12/2015 08:14:38,0,177246.0
10985,4a5cf927-5e23-4267-926e-9463e171f71e,21/12/2015 07:14:38,0,177246.0
10986,4a5cf927-5e23-4267-926e-9463e171f71e,21/12/2015 06:14:39,0,177246.0
10987,4a5cf927-5e23-4267-926e-9463e171f71e,21/12/2015 05:14:39,0,177246.0
10988,4a5cf927-5e23-4267-926e-9463e171f71e,21/12/2015 04:14:39,0,177246.0
10989,4a5cf927-5e23-4267-926e-9463e171f71e,21/12/2015 03:14:39,1,177246.0
10990,4a5cf927-5e23-4267-926e-9463e171f71e,21/12/2015 02:14:38,0,177245.0
10991,4a5cf927-5e23-4267-926e-9463e171f71e,21/12/2015 01:14:38,6,177245.0
10992,4a5cf927-5e23-4267-926e-9463e171f71e,21/12/2015 00:14:38,22,177239.0
10993,4a5cf927-5e23-4267-926e-9463e171f71e,20/12/2015 23:14:38,9,177217.0
10994,4a5cf927-5e23-4267-926e-9463e171f71e,20/12/2015 22:14:36,0,177208.0
10995,4a5cf927-5e23-4267-926e-9463e171f71e,20/12/2015 21:14:36,0,177208.0
10996,4a5cf927-5e23-4267-926e-9463e171f71e,20/12/2015 20:14:36,0,177208.0
10997,4a5cf927-5e23-4267-926e-9463e171f71e,20/12/2015 19:14:36,14,177208.0
10998,4a5cf927-5e23-4267-926e-9463e171f71e,20/12/2015 18:14:37,4,177194.0
10999,4a5cf927-5e23-4267-926e-9463e171f71e,20/12/2015 17:14:37,3,177190.0
11000,4a5cf927-5e23-4267-926e-9463e171f71e,20/12/2015 16:14:37,0,177187.0
11001,4a5cf927-5e23-4267-926e-9463e171f71e,20/12/2015 15:14:37,8,177187.0
11002,4a5cf927-5e23-4267-926e-9463e171f71e,20/12/2015 14:14:37,5,177179.0
11003,4a5cf927-5e23-4267-926e-9463e171f71e,20/12/2015 13:14:37,0,177174.0
11004,4a5cf927-5e23-4267-926e-9463e171f71e,20/12/2015 12:14:37,12,177174.0
11005,4a5cf927-5e23-4267-926e-9463e171f71e,20/12/2015 11:14:37,9,177162.0
11006,4a5cf927-5e23-4267-926e-9463e171f71e,20/12/2015 10:14:38,12,177153.0
11007,4a5cf927-5e23-4267-926e-9463e171f71e,20/12/2015 09:14:38,79,177141.0
11008,4a5cf927-5e23-4267-926e-9463e171f71e,20/12/2015 08:14:38,0,177062.0
11009,4a5cf927-5e23-4267-926e-9463e171f71e,20/12/2015 07:14:38,0,177062.0
11010,4a5cf927-5e23-4267-926e-9463e171f71e,20/12/2015 06:14:37,0,177062.0
11011,4a5cf927-5e23-4267-926e-9463e171f71e,20/12/2015 05:14:37,0,177062.0
11012,4a5cf927-5e23-4267-926e-9463e171f71e,20/12/2015 04:14:37,0,177062.0
11013,4a5cf927-5e23-4267-926e-9463e171f71e,20/12/2015 03:14:37,0,177062.0
11014,4a5cf927-5e23-4267-926e-9463e171f71e,20/12/2015 02:14:41,0,177062.0
11015,4a5cf927-5e23-4267-926e-9463e171f71e,20/12/2015 01:14:41,0,177062.0
11016,4a5cf927-5e23-4267-926e-9463e171f71e,20/12/2015 00:14:41,1,177062.0
11017,4a5cf927-5e23-4267-926e-9463e171f71e,19/12/2015 23:14:41,6,177061.0
11018,4a5cf927-5e23-4267-926e-9463e171f71e,19/12/2015 22:14:39,3,177055.0
11019,4a5cf927-5e23-4267-926e-9463e171f71e,19/12/2015 21:14:39,4,177052.0
11020,4a5cf927-5e23-4267-926e-9463e171f71e,19/12/2015 20:14:39,0,177048.0
11021,4a5cf927-5e23-4267-926e-9463e171f71e,19/12/2015 19:14:39,0,177048.0
11022,4a5cf927-5e23-4267-926e-9463e171f71e,19/12/2015 18:14:39,1,177048.0
11023,4a5cf927-5e23-4267-926e-9463e171f71e,19/12/2015 17:14:39,0,177047.0
11024,4a5cf927-5e23-4267-926e-9463e171f71e,19/12/2015 16:14:39,4,177047.0
11025,4a5cf927-5e23-4267-926e-9463e171f71e,19/12/2015 15:14:39,16,177043.0
11026,4a5cf927-5e23-4267-926e-9463e171f71e,19/12/2015 14:14:40,16,177027.0
11027,4a5cf927-5e23-4267-926e-9463e171f71e,19/12/2015 13:14:40,0,177011.0
11028,4a5cf927-5e23-4267-926e-9463e171f71e,19/12/2015 12:14:40,68,177011.0
11029,4a5cf927-5e23-4267-926e-9463e171f71e,19/12/2015 11:14:40,32,176943.0
11030,4a5cf927-5e23-4267-926e-9463e171f71e,19/12/2015 10:14:43,43,176911.0
11031,4a5cf927-5e23-4267-926e-9463e171f71e,19/12/2015 09:14:43,20,176868.0
11032,4a5cf927-5e23-4267-926e-9463e171f71e,19/12/2015 08:14:43,77,176848.0
11033,4a5cf927-5e23-4267-926e-9463e171f71e,19/12/2015 07:14:43,0,176771.0
11034,4a5cf927-5e23-4267-926e-9463e171f71e,19/12/2015 06:14:41,0,176771.0
11035,4a5cf927-5e23-4267-926e-9463e171f71e,19/12/2015 05:14:41,0,176771.0
11036,4a5cf927-5e23-4267-926e-9463e171f71e,19/12/2015 04:14:41,0,176771.0
11037,4a5cf927-5e23-4267-926e-9463e171f71e,19/12/2015 03:14:41,59,176771.0
11038,4a5cf927-5e23-4267-926e-9463e171f71e,18/12/2015 14:14:46,30,176712.0
11039,4a5cf927-5e23-4267-926e-9463e171f71e,18/12/2015 13:14:46,0,176682.0
11040,4a5cf927-5e23-4267-926e-9463e171f71e,18/12/2015 12:14:46,0,176682.0
11041,4a5cf927-5e23-4267-926e-9463e171f71e,18/12/2015 11:14:46,8,176682.0
11042,4a5cf927-5e23-4267-926e-9463e171f71e,18/12/2015 10:14:43,72,176674.0
11043,4a5cf927-5e23-4267-926e-9463e171f71e,18/12/2015 09:14:43,16,176602.0
11044,4a5cf927-5e23-4267-926e-9463e171f71e,18/12/2015 08:14:43,75,176586.0
11045,4a5cf927-5e23-4267-926e-9463e171f71e,18/12/2015 07:14:43,0,176511.0
11046,4a5cf927-5e23-4267-926e-9463e171f71e,18/12/2015 06:14:43,0,176511.0
11047,4a5cf927-5e23-4267-926e-9463e171f71e,18/12/2015 05:14:43,0,176511.0
11048,4a5cf927-5e23-4267-926e-9463e171f71e,18/12/2015 04:14:43,6,176511.0
11049,4a5cf927-5e23-4267-926e-9463e171f71e,18/12/2015 03:14:43,0,176505.0
11050,4a5cf927-5e23-4267-926e-9463e171f71e,18/12/2015 02:14:45,0,176505.0
11051,4a5cf927-5e23-4267-926e-9463e171f71e,18/12/2015 01:14:45,0,176505.0
11052,4a5cf927-5e23-4267-926e-9463e171f71e,18/12/2015 00:14:45,3,176505.0
11053,4a5cf927-5e23-4267-926e-9463e171f71e,17/12/2015 23:14:45,25,176502.0
11054,4a5cf927-5e23-4267-926e-9463e171f71e,17/12/2015 22:14:45,4,176477.0
11055,4a5cf927-5e23-4267-926e-9463e171f71e,17/12/2015 21:14:45,21,176473.0
11056,4a5cf927-5e23-4267-926e-9463e171f71e,17/12/2015 20:14:45,1,176452.0
11057,4a5cf927-5e23-4267-926e-9463e171f71e,17/12/2015 19:14:45,43,176451.0
11058,4a5cf927-5e23-4267-926e-9463e171f71e,17/12/2015 18:14:46,0,176408.0
11059,4a5cf927-5e23-4267-926e-9463e171f71e,17/12/2015 17:14:46,5,176408.0
11060,4a5cf927-5e23-4267-926e-9463e171f71e,17/12/2015 16:14:46,15,176403.0
11061,4a5cf927-5e23-4267-926e-9463e171f71e,17/12/2015 15:14:46,8,176388.0
11062,4a5cf927-5e23-4267-926e-9463e171f71e,17/12/2015 14:14:50,8,176380.0
11063,4a5cf927-5e23-4267-926e-9463e171f71e,17/12/2015 13:14:50,8,176372.0
11064,4a5cf927-5e23-4267-926e-9463e171f71e,17/12/2015 12:14:50,15,176364.0
11065,4a5cf927-5e23-4267-926e-9463e171f71e,17/12/2015 11:14:50,22,176349.0
11066,4a5cf927-5e23-4267-926e-9463e171f71e,17/12/2015 10:14:47,61,176327.0
11067,4a5cf927-5e23-4267-926e-9463e171f71e,17/12/2015 09:14:47,92,176266.0
11068,4a5cf927-5e23-4267-926e-9463e171f71e,17/12/2015 08:14:47,6,176174.0
11069,4a5cf927-5e23-4267-926e-9463e171f71e,17/12/2015 07:14:47,0,176168.0
11070,4a5cf927-5e23-4267-926e-9463e171f71e,17/12/2015 06:14:46,0,176168.0
11071,4a5cf927-5e23-4267-926e-9463e171f71e,17/12/2015 05:14:46,0,176168.0
11072,4a5cf927-5e23-4267-926e-9463e171f71e,17/12/2015 04:14:46,0,176168.0
11073,4a5cf927-5e23-4267-926e-9463e171f71e,17/12/2015 03:14:46,26,176168.0
11074,4a5cf927-5e23-4267-926e-9463e171f71e,16/12/2015 22:14:47,66,176142.0
11075,4a5cf927-5e23-4267-926e-9463e171f71e,16/12/2015 21:14:47,3,176076.0
11076,4a5cf927-5e23-4267-926e-9463e171f71e,16/12/2015 20:14:47,0,176073.0
11077,4a5cf927-5e23-4267-926e-9463e171f71e,16/12/2015 19:14:47,8,176073.0
11078,4a5cf927-5e23-4267-926e-9463e171f71e,16/12/2015 18:14:49,2,176065.0
11079,4a5cf927-5e23-4267-926e-9463e171f71e,16/12/2015 17:14:49,1,176063.0
11080,4a5cf927-5e23-4267-926e-9463e171f71e,16/12/2015 16:14:49,49,176062.0
11081,4a5cf927-5e23-4267-926e-9463e171f71e,16/12/2015 15:14:49,30,176013.0
11082,4a5cf927-5e23-4267-926e-9463e171f71e,16/12/2015 14:14:49,0,175983.0
11083,4a5cf927-5e23-4267-926e-9463e171f71e,16/12/2015 13:14:49,4,175983.0
11084,4a5cf927-5e23-4267-926e-9463e171f71e,16/12/2015 12:14:49,1,175979.0
11085,4a5cf927-5e23-4267-926e-9463e171f71e,16/12/2015 11:14:49,0,175978.0
11086,4a5cf927-5e23-4267-926e-9463e171f71e,16/12/2015 10:14:49,11,175978.0
11087,4a5cf927-5e23-4267-926e-9463e171f71e,16/12/2015 09:14:49,54,175967.0
11088,4a5cf927-5e23-4267-926e-9463e171f71e,16/12/2015 08:14:49,73,175913.0
11089,4a5cf927-5e23-4267-926e-9463e171f71e,16/12/2015 07:14:49,0,175840.0
11090,4a5cf927-5e23-4267-926e-9463e171f71e,16/12/2015 06:14:48,0,175840.0
11091,4a5cf927-5e23-4267-926e-9463e171f71e,16/12/2015 05:14:48,0,175840.0
11092,4a5cf927-5e23-4267-926e-9463e171f71e,16/12/2015 04:14:48,0,175840.0
11093,4a5cf927-5e23-4267-926e-9463e171f71e,16/12/2015 03:14:48,0,175840.0
11094,4a5cf927-5e23-4267-926e-9463e171f71e,16/12/2015 02:14:49,0,175840.0
11095,4a5cf927-5e23-4267-926e-9463e171f71e,16/12/2015 01:14:49,0,175840.0
11096,4a5cf927-5e23-4267-926e-9463e171f71e,16/12/2015 00:14:49,26,175840.0
11097,4a5cf927-5e23-4267-926e-9463e171f71e,15/12/2015 23:14:49,8,175814.0
11098,4a5cf927-5e23-4267-926e-9463e171f71e,15/12/2015 22:14:48,66,175806.0
11099,4a5cf927-5e23-4267-926e-9463e171f71e,15/12/2015 21:14:48,0,175740.0
11100,4a5cf927-5e23-4267-926e-9463e171f71e,15/12/2015 20:14:48,0,175740.0
11101,4a5cf927-5e23-4267-926e-9463e171f71e,15/12/2015 19:14:48,6,175740.0
11102,4a5cf927-5e23-4267-926e-9463e171f71e,15/12/2015 18:14:59,0,175734.0
11103,4a5cf927-5e23-4267-926e-9463e171f71e,15/12/2015 17:14:59,7,175734.0
11104,4a5cf927-5e23-4267-926e-9463e171f71e,15/12/2015 16:14:59,27,175727.0
11105,4a5cf927-5e23-4267-926e-9463e171f71e,15/12/2015 15:14:59,10,175700.0
11106,4a5cf927-5e23-4267-926e-9463e171f71e,15/12/2015 14:14:50,0,175690.0
11107,4a5cf927-5e23-4267-926e-9463e171f71e,15/12/2015 13:14:50,0,175690.0
11108,4a5cf927-5e23-4267-926e-9463e171f71e,15/12/2015 12:14:50,102,175690.0
11109,4a5cf927-5e23-4267-926e-9463e171f71e,15/12/2015 11:14:50,15,175588.0
11110,4a5cf927-5e23-4267-926e-9463e171f71e,15/12/2015 10:14:50,43,175573.0
11111,4a5cf927-5e23-4267-926e-9463e171f71e,15/12/2015 09:14:50,18,175530.0
11112,4a5cf927-5e23-4267-926e-9463e171f71e,15/12/2015 08:14:50,5,175512.0
11113,4a5cf927-5e23-4267-926e-9463e171f71e,15/12/2015 07:14:50,0,175507.0
11114,4a5cf927-5e23-4267-926e-9463e171f71e,15/12/2015 06:14:49,0,175507.0
11115,4a5cf927-5e23-4267-926e-9463e171f71e,15/12/2015 05:14:49,0,175507.0
11116,4a5cf927-5e23-4267-926e-9463e171f71e,15/12/2015 04:14:49,0,175507.0
11117,4a5cf927-5e23-4267-926e-9463e171f71e,15/12/2015 03:14:49,0,175507.0
11118,4a5cf927-5e23-4267-926e-9463e171f71e,15/12/2015 02:14:52,0,175507.0
11119,4a5cf927-5e23-4267-926e-9463e171f71e,15/12/2015 01:14:52,0,175507.0
11120,4a5cf927-5e23-4267-926e-9463e171f71e,15/12/2015 00:14:52,14,175507.0
11121,4a5cf927-5e23-4267-926e-9463e171f71e,14/12/2015 23:14:52,22,175493.0
11122,4a5cf927-5e23-4267-926e-9463e171f71e,14/12/2015 22:14:50,76,175471.0
11123,4a5cf927-5e23-4267-926e-9463e171f71e,14/12/2015 21:14:50,0,175395.0
11124,4a5cf927-5e23-4267-926e-9463e171f71e,14/12/2015 20:14:50,0,175395.0
11125,4a5cf927-5e23-4267-926e-9463e171f71e,14/12/2015 19:14:50,6,175395.0
11126,4a5cf927-5e23-4267-926e-9463e171f71e,14/12/2015 18:14:54,2,175389.0
11127,4a5cf927-5e23-4267-926e-9463e171f71e,14/12/2015 17:14:54,3,175387.0
11128,4a5cf927-5e23-4267-926e-9463e171f71e,14/12/2015 16:14:54,13,175384.0
11129,4a5cf927-5e23-4267-926e-9463e171f71e,14/12/2015 15:14:54,17,175371.0
11130,4a5cf927-5e23-4267-926e-9463e171f71e,14/12/2015 14:15:00,7,175354.0
11131,4a5cf927-5e23-4267-926e-9463e171f71e,14/12/2015 13:15:00,0,175347.0
11132,4a5cf927-5e23-4267-926e-9463e171f71e,14/12/2015 12:15:00,15,175347.0
11133,4a5cf927-5e23-4267-926e-9463e171f71e,14/12/2015 11:15:00,94,175332.0
11134,4a5cf927-5e23-4267-926e-9463e171f71e,14/12/2015 10:14:55,39,175238.0
11135,4a5cf927-5e23-4267-926e-9463e171f71e,14/12/2015 09:14:55,20,175199.0
11136,4a5cf927-5e23-4267-926e-9463e171f71e,14/12/2015 08:14:55,77,175179.0
11137,4a5cf927-5e23-4267-926e-9463e171f71e,14/12/2015 07:14:55,0,175102.0
11138,4a5cf927-5e23-4267-926e-9463e171f71e,14/12/2015 06:14:53,0,175102.0
11139,4a5cf927-5e23-4267-926e-9463e171f71e,14/12/2015 05:14:53,0,175102.0
11140,4a5cf927-5e23-4267-926e-9463e171f71e,14/12/2015 04:14:53,0,175102.0
11141,4a5cf927-5e23-4267-926e-9463e171f71e,14/12/2015 03:14:53,0,175102.0
11142,4a5cf927-5e23-4267-926e-9463e171f71e,14/12/2015 02:14:55,0,175102.0
11143,4a5cf927-5e23-4267-926e-9463e171f71e,14/12/2015 01:14:55,0,175102.0
11144,4a5cf927-5e23-4267-926e-9463e171f71e,14/12/2015 00:14:55,32,175102.0
11145,4a5cf927-5e23-4267-926e-9463e171f71e,13/12/2015 23:14:55,10,175070.0
11146,4a5cf927-5e23-4267-926e-9463e171f71e,13/12/2015 22:14:53,0,175060.0
11147,4a5cf927-5e23-4267-926e-9463e171f71e,13/12/2015 21:14:53,0,175060.0
11148,4a5cf927-5e23-4267-926e-9463e171f71e,13/12/2015 20:14:53,0,175060.0
11149,4a5cf927-5e23-4267-926e-9463e171f71e,13/12/2015 19:14:53,4,175060.0
11150,4a5cf927-5e23-4267-926e-9463e171f71e,13/12/2015 14:14:55,0,175056.0
11151,4a5cf927-5e23-4267-926e-9463e171f71e,13/12/2015 13:14:55,0,175056.0
11152,4a5cf927-5e23-4267-926e-9463e171f71e,13/12/2015 12:14:55,6,175056.0
11153,4a5cf927-5e23-4267-926e-9463e171f71e,13/12/2015 11:14:55,12,175050.0
11154,4a5cf927-5e23-4267-926e-9463e171f71e,13/12/2015 10:14:56,123,175038.0
11155,4a5cf927-5e23-4267-926e-9463e171f71e,13/12/2015 09:14:56,4,174915.0
11156,4a5cf927-5e23-4267-926e-9463e171f71e,13/12/2015 08:14:56,0,174911.0
11157,4a5cf927-5e23-4267-926e-9463e171f71e,13/12/2015 07:14:56,0,174911.0
11158,4a5cf927-5e23-4267-926e-9463e171f71e,13/12/2015 06:14:55,0,174911.0
11159,4a5cf927-5e23-4267-926e-9463e171f71e,13/12/2015 05:14:55,0,174911.0
11160,4a5cf927-5e23-4267-926e-9463e171f71e,13/12/2015 04:14:55,0,174911.0
11161,4a5cf927-5e23-4267-926e-9463e171f71e,13/12/2015 03:14:55,0,174911.0
11162,4a5cf927-5e23-4267-926e-9463e171f71e,13/12/2015 02:14:57,0,174911.0
11163,4a5cf927-5e23-4267-926e-9463e171f71e,13/12/2015 01:14:57,3,174911.0
11164,4a5cf927-5e23-4267-926e-9463e171f71e,13/12/2015 00:14:57,4,174908.0
11165,4a5cf927-5e23-4267-926e-9463e171f71e,12/12/2015 23:14,10,174904.0
11166,4a5cf927-5e23-4267-926e-9463e171f71e,12/12/2015 22:14,0,174894.0
11167,4a5cf927-5e23-4267-926e-9463e171f71e,12/12/2015 21:14,0,174894.0
11168,4a5cf927-5e23-4267-926e-9463e171f71e,12/12/2015 20:14,0,174894.0
11169,4a5cf927-5e23-4267-926e-9463e171f71e,12/12/2015 19:14,0,174894.0
11170,4a5cf927-5e23-4267-926e-9463e171f71e,12/12/2015 18:14,0,174894.0
11171,4a5cf927-5e23-4267-926e-9463e171f71e,12/12/2015 17:14,0,174894.0
11172,4a5cf927-5e23-4267-926e-9463e171f71e,12/12/2015 16:14,16,174894.0
11173,4a5cf927-5e23-4267-926e-9463e171f71e,12/12/2015 15:14,6,174878.0
11174,4a5cf927-5e23-4267-926e-9463e171f71e,12/12/2015 14:14,9,174872.0
11175,4a5cf927-5e23-4267-926e-9463e171f71e,12/12/2015 13:14,55,174863.0
11176,4a5cf927-5e23-4267-926e-9463e171f71e,12/12/2015 12:14,11,174808.0
11177,4a5cf927-5e23-4267-926e-9463e171f71e,12/12/2015 11:14,55,174797.0
11178,4a5cf927-5e23-4267-926e-9463e171f71e,12/12/2015 10:14,90,174742.0
11179,4a5cf927-5e23-4267-926e-9463e171f71e,12/12/2015 9:14,0,174652.0
11180,4a5cf927-5e23-4267-926e-9463e171f71e,12/12/2015 8:14,0,174652.0
11181,4a5cf927-5e23-4267-926e-9463e171f71e,12/12/2015 7:14,0,174652.0
11182,4a5cf927-5e23-4267-926e-9463e171f71e,12/12/2015 6:14,0,174652.0
11183,4a5cf927-5e23-4267-926e-9463e171f71e,12/12/2015 5:14,0,174652.0
11184,4a5cf927-5e23-4267-926e-9463e171f71e,12/12/2015 4:14,0,174652.0
11185,4a5cf927-5e23-4267-926e-9463e171f71e,12/12/2015 3:14,5,174652.0
11186,4a5cf927-5e23-4267-926e-9463e171f71e,11/12/2015 22:14,6,174647.0
11187,4a5cf927-5e23-4267-926e-9463e171f71e,11/12/2015 21:14,0,174641.0
11188,4a5cf927-5e23-4267-926e-9463e171f71e,11/12/2015 20:14,0,174641.0
11189,4a5cf927-5e23-4267-926e-9463e171f71e,11/12/2015 19:14,56,174641.0
11190,4a5cf927-5e23-4267-926e-9463e171f71e,11/12/2015 14:14,0,174585.0
11191,4a5cf927-5e23-4267-926e-9463e171f71e,11/12/2015 13:14,0,174585.0
11192,4a5cf927-5e23-4267-926e-9463e171f71e,11/12/2015 12:14,9,174585.0
11193,4a5cf927-5e23-4267-926e-9463e171f71e,11/12/2015 11:14,119,174576.0
11194,4a5cf927-5e23-4267-926e-9463e171f71e,11/12/2015 10:15,19,174457.0
11195,4a5cf927-5e23-4267-926e-9463e171f71e,11/12/2015 9:15,0,174438.0
11196,4a5cf927-5e23-4267-926e-9463e171f71e,11/12/2015 8:15,0,174438.0
11197,4a5cf927-5e23-4267-926e-9463e171f71e,11/12/2015 7:15,0,174438.0
11198,4a5cf927-5e23-4267-926e-9463e171f71e,11/12/2015 6:15,0,174438.0
11199,4a5cf927-5e23-4267-926e-9463e171f71e,11/12/2015 5:15,0,174438.0
11200,4a5cf927-5e23-4267-926e-9463e171f71e,11/12/2015 4:15,0,174438.0
11201,4a5cf927-5e23-4267-926e-9463e171f71e,11/12/2015 3:15,0,174438.0
11202,4a5cf927-5e23-4267-926e-9463e171f71e,11/12/2015 2:15,0,174438.0
11203,4a5cf927-5e23-4267-926e-9463e171f71e,11/12/2015 1:15,0,174438.0
11204,4a5cf927-5e23-4267-926e-9463e171f71e,11/12/2015 0:15,35,174438.0
11205,4a5cf927-5e23-4267-926e-9463e171f71e,10/12/2015 23:15,15,174403.0
11206,4a5cf927-5e23-4267-926e-9463e171f71e,10/12/2015 18:15,0,174388.0
11207,4a5cf927-5e23-4267-926e-9463e171f71e,10/12/2015 17:15,0,174388.0
11208,4a5cf927-5e23-4267-926e-9463e171f71e,10/12/2015 16:15,43,174388.0
11209,4a5cf927-5e23-4267-926e-9463e171f71e,10/12/2015 15:15,27,174345.0
11210,4a5cf927-5e23-4267-926e-9463e171f71e,10/12/2015 14:15,29,174318.0
11211,4a5cf927-5e23-4267-926e-9463e171f71e,10/12/2015 13:15,15,174289.0
11212,4a5cf927-5e23-4267-926e-9463e171f71e,10/12/2015 12:15,0,174274.0
11213,4a5cf927-5e23-4267-926e-9463e171f71e,10/12/2015 11:15,54,174274.0
11214,4a5cf927-5e23-4267-926e-9463e171f71e,10/12/2015 10:15,51,174220.0
11215,4a5cf927-5e23-4267-926e-9463e171f71e,10/12/2015 9:15,30,174169.0
11216,4a5cf927-5e23-4267-926e-9463e171f71e,10/12/2015 8:15,44,174139.0
11217,4a5cf927-5e23-4267-926e-9463e171f71e,10/12/2015 7:15,0,174095.0
11218,4a5cf927-5e23-4267-926e-9463e171f71e,10/12/2015 6:15,0,174095.0
11219,4a5cf927-5e23-4267-926e-9463e171f71e,10/12/2015 5:15,0,174095.0
11220,4a5cf927-5e23-4267-926e-9463e171f71e,10/12/2015 4:15,0,174095.0
11221,4a5cf927-5e23-4267-926e-9463e171f71e,10/12/2015 3:15,0,174095.0
11222,4a5cf927-5e23-4267-926e-9463e171f71e,10/12/2015 2:15,0,174095.0
11223,4a5cf927-5e23-4267-926e-9463e171f71e,10/12/2015 1:15,0,174095.0
11224,4a5cf927-5e23-4267-926e-9463e171f71e,10/12/2015 0:15,5,174095.0
11225,4a5cf927-5e23-4267-926e-9463e171f71e,9/12/2015 23:15,5,174090.0
11226,4a5cf927-5e23-4267-926e-9463e171f71e,9/12/2015 22:15,6,174085.0
11227,4a5cf927-5e23-4267-926e-9463e171f71e,9/12/2015 21:15,5,174079.0
11228,4a5cf927-5e23-4267-926e-9463e171f71e,9/12/2015 20:15,0,174074.0
11229,4a5cf927-5e23-4267-926e-9463e171f71e,9/12/2015 19:15,0,174074.0
11230,4a5cf927-5e23-4267-926e-9463e171f71e,9/12/2015 18:15,0,174074.0
11231,4a5cf927-5e23-4267-926e-9463e171f71e,9/12/2015 17:15,6,174074.0
11232,4a5cf927-5e23-4267-926e-9463e171f71e,9/12/2015 16:15,19,174068.0
11233,4a5cf927-5e23-4267-926e-9463e171f71e,9/12/2015 15:15,10,174049.0
11234,4a5cf927-5e23-4267-926e-9463e171f71e,9/12/2015 14:15,0,174039.0
11235,4a5cf927-5e23-4267-926e-9463e171f71e,9/12/2015 13:15,7,174039.0
11236,4a5cf927-5e23-4267-926e-9463e171f71e,9/12/2015 12:15,7,174032.0
11237,4a5cf927-5e23-4267-926e-9463e171f71e,9/12/2015 11:15,40,174025.0
11238,4a5cf927-5e23-4267-926e-9463e171f71e,9/12/2015 10:15,75,173985.0
11239,4a5cf927-5e23-4267-926e-9463e171f71e,9/12/2015 9:15,6,173910.0
11240,4a5cf927-5e23-4267-926e-9463e171f71e,9/12/2015 8:15,0,173904.0
11241,4a5cf927-5e23-4267-926e-9463e171f71e,9/12/2015 7:15,0,173904.0
11242,4a5cf927-5e23-4267-926e-9463e171f71e,9/12/2015 6:15,0,173904.0
11243,4a5cf927-5e23-4267-926e-9463e171f71e,9/12/2015 5:15,0,173904.0
11244,4a5cf927-5e23-4267-926e-9463e171f71e,9/12/2015 4:15,0,173904.0
11245,4a5cf927-5e23-4267-926e-9463e171f71e,9/12/2015 3:15,12,173904.0
11246,4a5cf927-5e23-4267-926e-9463e171f71e,8/12/2015 22:15,4,173892.0
11247,4a5cf927-5e23-4267-926e-9463e171f71e,8/12/2015 21:15,0,173888.0
11248,4a5cf927-5e23-4267-926e-9463e171f71e,8/12/2015 20:15,0,173888.0
11249,4a5cf927-5e23-4267-926e-9463e171f71e,8/12/2015 19:15,37,173888.0
11250,4a5cf927-5e23-4267-926e-9463e171f71e,8/12/2015 18:15,5,173851.0
11251,4a5cf927-5e23-4267-926e-9463e171f71e,8/12/2015 17:15,8,173846.0
11252,4a5cf927-5e23-4267-926e-9463e171f71e,8/12/2015 16:15,6,173838.0
11253,4a5cf927-5e23-4267-926e-9463e171f71e,8/12/2015 15:15,189,173832.0
11254,4a5cf927-5e23-4267-926e-9463e171f71e,8/12/2015 6:15,0,173643.0
11255,4a5cf927-5e23-4267-926e-9463e171f71e,8/12/2015 5:15,0,173643.0
11256,4a5cf927-5e23-4267-926e-9463e171f71e,8/12/2015 4:15,0,173643.0
11257,4a5cf927-5e23-4267-926e-9463e171f71e,8/12/2015 3:15,0,173643.0
11258,4a5cf927-5e23-4267-926e-9463e171f71e,8/12/2015 2:15,0,173643.0
11259,4a5cf927-5e23-4267-926e-9463e171f71e,8/12/2015 1:15,0,173643.0
11260,4a5cf927-5e23-4267-926e-9463e171f71e,8/12/2015 0:15,13,173643.0
11261,4a5cf927-5e23-4267-926e-9463e171f71e,7/12/2015 23:15,10,173630.0
11262,4a5cf927-5e23-4267-926e-9463e171f71e,7/12/2015 22:15,5,173620.0
11263,4a5cf927-5e23-4267-926e-9463e171f71e,7/12/2015 21:15,0,173615.0
11264,4a5cf927-5e23-4267-926e-9463e171f71e,7/12/2015 20:15,3,173615.0
11265,4a5cf927-5e23-4267-926e-9463e171f71e,7/12/2015 19:15,5,173612.0
11266,4a5cf927-5e23-4267-926e-9463e171f71e,7/12/2015 18:15,1,173607.0
11267,4a5cf927-5e23-4267-926e-9463e171f71e,7/12/2015 17:15,0,173606.0
11268,4a5cf927-5e23-4267-926e-9463e171f71e,7/12/2015 16:15,29,173606.0
11269,4a5cf927-5e23-4267-926e-9463e171f71e,7/12/2015 15:15,6,173577.0
11270,4a5cf927-5e23-4267-926e-9463e171f71e,7/12/2015 14:15,0,173571.0
11271,4a5cf927-5e23-4267-926e-9463e171f71e,7/12/2015 13:15,31,173571.0
11272,4a5cf927-5e23-4267-926e-9463e171f71e,7/12/2015 12:15,32,173540.0
11273,4a5cf927-5e23-4267-926e-9463e171f71e,7/12/2015 11:15,115,173508.0
11274,4a5cf927-5e23-4267-926e-9463e171f71e,7/12/2015 10:15,1,173393.0
11275,4a5cf927-5e23-4267-926e-9463e171f71e,7/12/2015 9:15,0,173392.0
11276,4a5cf927-5e23-4267-926e-9463e171f71e,7/12/2015 8:15,6,173392.0
11277,4a5cf927-5e23-4267-926e-9463e171f71e,7/12/2015 7:15,0,173386.0
11278,4a5cf927-5e23-4267-926e-9463e171f71e,7/12/2015 6:15,0,173386.0
11279,4a5cf927-5e23-4267-926e-9463e171f71e,7/12/2015 5:15,0,173386.0
11280,4a5cf927-5e23-4267-926e-9463e171f71e,7/12/2015 4:15,0,173386.0
11281,4a5cf927-5e23-4267-926e-9463e171f71e,7/12/2015 3:15,11,173386.0
11282,4a5cf927-5e23-4267-926e-9463e171f71e,6/12/2015 22:15,10,173375.0
11283,4a5cf927-5e23-4267-926e-9463e171f71e,6/12/2015 21:15,4,173365.0
11284,4a5cf927-5e23-4267-926e-9463e171f71e,6/12/2015 20:15,0,173361.0
11285,4a5cf927-5e23-4267-926e-9463e171f71e,6/12/2015 19:15,6,173361.0
11286,4a5cf927-5e23-4267-926e-9463e171f71e,6/12/2015 18:15,0,173355.0
11287,4a5cf927-5e23-4267-926e-9463e171f71e,6/12/2015 17:15,7,173355.0
11288,4a5cf927-5e23-4267-926e-9463e171f71e,6/12/2015 16:15,4,173348.0
11289,4a5cf927-5e23-4267-926e-9463e171f71e,6/12/2015 15:15,7,173344.0
11290,4a5cf927-5e23-4267-926e-9463e171f71e,6/12/2015 14:15,0,173337.0
11291,4a5cf927-5e23-4267-926e-9463e171f71e,6/12/2015 13:15,0,173337.0
11292,4a5cf927-5e23-4267-926e-9463e171f71e,6/12/2015 12:15,5,173337.0
11293,4a5cf927-5e23-4267-926e-9463e171f71e,6/12/2015 11:15,64,173332.0
11294,4a5cf927-5e23-4267-926e-9463e171f71e,6/12/2015 10:15,31,173268.0
11295,4a5cf927-5e23-4267-926e-9463e171f71e,6/12/2015 9:15,0,173237.0
11296,4a5cf927-5e23-4267-926e-9463e171f71e,6/12/2015 8:15,0,173237.0
11297,4a5cf927-5e23-4267-926e-9463e171f71e,6/12/2015 7:15,0,173237.0
11298,4a5cf927-5e23-4267-926e-9463e171f71e,6/12/2015 6:15,0,173237.0
11299,4a5cf927-5e23-4267-926e-9463e171f71e,6/12/2015 5:15,0,173237.0
11300,4a5cf927-5e23-4267-926e-9463e171f71e,6/12/2015 4:15,0,173237.0
11301,4a5cf927-5e23-4267-926e-9463e171f71e,6/12/2015 3:15,11,173237.0
11302,4a5cf927-5e23-4267-926e-9463e171f71e,5/12/2015 18:15,0,173226.0
11303,4a5cf927-5e23-4267-926e-9463e171f71e,5/12/2015 17:15,0,173226.0
11304,4a5cf927-5e23-4267-926e-9463e171f71e,5/12/2015 16:15,7,173226.0
11305,4a5cf927-5e23-4267-926e-9463e171f71e,5/12/2015 15:15,6,173219.0
11306,4a5cf927-5e23-4267-926e-9463e171f71e,5/12/2015 14:15,1,173213.0
11307,4a5cf927-5e23-4267-926e-9463e171f71e,5/12/2015 13:15,0,173212.0
11308,4a5cf927-5e23-4267-926e-9463e171f71e,5/12/2015 12:15,63,173212.0
11309,4a5cf927-5e23-4267-926e-9463e171f71e,5/12/2015 11:15,70,173149.0
11310,4a5cf927-5e23-4267-926e-9463e171f71e,5/12/2015 10:15,58,173079.0
11311,4a5cf927-5e23-4267-926e-9463e171f71e,5/12/2015 9:15,14,173021.0
11312,4a5cf927-5e23-4267-926e-9463e171f71e,5/12/2015 8:15,0,173007.0
11313,4a5cf927-5e23-4267-926e-9463e171f71e,5/12/2015 7:15,0,173007.0
11314,4a5cf927-5e23-4267-926e-9463e171f71e,5/12/2015 6:15,0,173007.0
11315,4a5cf927-5e23-4267-926e-9463e171f71e,5/12/2015 5:15,0,173007.0
11316,4a5cf927-5e23-4267-926e-9463e171f71e,5/12/2015 4:15,0,173007.0
11317,4a5cf927-5e23-4267-926e-9463e171f71e,5/12/2015 3:15,0,173007.0
11318,4a5cf927-5e23-4267-926e-9463e171f71e,5/12/2015 2:15,0,173007.0
11319,4a5cf927-5e23-4267-926e-9463e171f71e,5/12/2015 1:15,0,173007.0
11320,4a5cf927-5e23-4267-926e-9463e171f71e,5/12/2015 0:15,13,173007.0
11321,4a5cf927-5e23-4267-926e-9463e171f71e,4/12/2015 23:15,17,172994.0
11322,4a5cf927-5e23-4267-926e-9463e171f71e,4/12/2015 22:15,8,172977.0
11323,4a5cf927-5e23-4267-926e-9463e171f71e,4/12/2015 21:15,0,172969.0
11324,4a5cf927-5e23-4267-926e-9463e171f71e,4/12/2015 20:15,0,172969.0
11325,4a5cf927-5e23-4267-926e-9463e171f71e,4/12/2015 19:15,14,172969.0
11326,4a5cf927-5e23-4267-926e-9463e171f71e,4/12/2015 18:15,0,172955.0
11327,4a5cf927-5e23-4267-926e-9463e171f71e,4/12/2015 17:15,8,172955.0
11328,4a5cf927-5e23-4267-926e-9463e171f71e,4/12/2015 16:15,9,172947.0
11329,4a5cf927-5e23-4267-926e-9463e171f71e,4/12/2015 15:15,16,172938.0
11330,4a5cf927-5e23-4267-926e-9463e171f71e,4/12/2015 14:15,3,172922.0
11331,4a5cf927-5e23-4267-926e-9463e171f71e,4/12/2015 13:15,4,172919.0
11332,4a5cf927-5e23-4267-926e-9463e171f71e,4/12/2015 12:15,84,172915.0
11333,4a5cf927-5e23-4267-926e-9463e171f71e,4/12/2015 11:15,15,172831.0
11334,4a5cf927-5e23-4267-926e-9463e171f71e,4/12/2015 10:15,21,172816.0
11335,4a5cf927-5e23-4267-926e-9463e171f71e,4/12/2015 9:15,0,172795.0
11336,4a5cf927-5e23-4267-926e-9463e171f71e,4/12/2015 8:15,0,172795.0
11337,4a5cf927-5e23-4267-926e-9463e171f71e,4/12/2015 7:15,0,172795.0
11338,4a5cf927-5e23-4267-926e-9463e171f71e,4/12/2015 6:15,0,172795.0
11339,4a5cf927-5e23-4267-926e-9463e171f71e,4/12/2015 5:15,0,172795.0
11340,4a5cf927-5e23-4267-926e-9463e171f71e,4/12/2015 4:15,0,172795.0
11341,4a5cf927-5e23-4267-926e-9463e171f71e,4/12/2015 3:15,0,172795.0
11342,4a5cf927-5e23-4267-926e-9463e171f71e,4/12/2015 2:15,0,172795.0
11343,4a5cf927-5e23-4267-926e-9463e171f71e,4/12/2015 1:15,4,172795.0
11344,4a5cf927-5e23-4267-926e-9463e171f71e,4/12/2015 0:15,0,172791.0
11345,4a5cf927-5e23-4267-926e-9463e171f71e,3/12/2015 23:15,5,172791.0
11346,4a5cf927-5e23-4267-926e-9463e171f71e,3/12/2015 22:15,2,172786.0
11347,4a5cf927-5e23-4267-926e-9463e171f71e,3/12/2015 21:15,8,172784.0
11348,4a5cf927-5e23-4267-926e-9463e171f71e,3/12/2015 20:15,3,172776.0
11349,4a5cf927-5e23-4267-926e-9463e171f71e,3/12/2015 19:15,11,172773.0
11350,4a5cf927-5e23-4267-926e-9463e171f71e,3/12/2015 18:15,4,172762.0
11351,4a5cf927-5e23-4267-926e-9463e171f71e,3/12/2015 17:15,8,172758.0
11352,4a5cf927-5e23-4267-926e-9463e171f71e,3/12/2015 16:15,17,172750.0
11353,4a5cf927-5e23-4267-926e-9463e171f71e,3/12/2015 15:15,3,172733.0
11354,4a5cf927-5e23-4267-926e-9463e171f71e,3/12/2015 14:15,73,172730.0
11355,4a5cf927-5e23-4267-926e-9463e171f71e,3/12/2015 13:15,73,172657.0
11356,4a5cf927-5e23-4267-926e-9463e171f71e,3/12/2015 12:15,23,172584.0
11357,4a5cf927-5e23-4267-926e-9463e171f71e,3/12/2015 11:15,50,172561.0
11358,4a5cf927-5e23-4267-926e-9463e171f71e,3/12/2015 10:15,4,172511.0
11359,4a5cf927-5e23-4267-926e-9463e171f71e,3/12/2015 9:15,6,172507.0
11360,4a5cf927-5e23-4267-926e-9463e171f71e,3/12/2015 8:15,0,172501.0
11361,4a5cf927-5e23-4267-926e-9463e171f71e,3/12/2015 7:15,0,172501.0
11362,4a5cf927-5e23-4267-926e-9463e171f71e,3/12/2015 6:15,0,172501.0
11363,4a5cf927-5e23-4267-926e-9463e171f71e,3/12/2015 5:15,0,172501.0
11364,4a5cf927-5e23-4267-926e-9463e171f71e,3/12/2015 4:15,0,172501.0
11365,4a5cf927-5e23-4267-926e-9463e171f71e,3/12/2015 3:15,0,172501.0
11366,4a5cf927-5e23-4267-926e-9463e171f71e,3/12/2015 2:15,0,172501.0
11367,4a5cf927-5e23-4267-926e-9463e171f71e,3/12/2015 1:15,10,172501.0
11368,4a5cf927-5e23-4267-926e-9463e171f71e,3/12/2015 0:15,0,172491.0
11369,4a5cf927-5e23-4267-926e-9463e171f71e,2/12/2015 23:15,0,172491.0
11370,4a5cf927-5e23-4267-926e-9463e171f71e,2/12/2015 22:15,0,172491.0
11371,4a5cf927-5e23-4267-926e-9463e171f71e,2/12/2015 21:15,0,172491.0
11372,4a5cf927-5e23-4267-926e-9463e171f71e,2/12/2015 20:15,0,172491.0
11373,4a5cf927-5e23-4267-926e-9463e171f71e,2/12/2015 19:15,0,172491.0
11374,4a5cf927-5e23-4267-926e-9463e171f71e,2/12/2015 18:15,0,172491.0
11375,4a5cf927-5e23-4267-926e-9463e171f71e,2/12/2015 17:15,4,172491.0
11376,4a5cf927-5e23-4267-926e-9463e171f71e,2/12/2015 16:15,0,172487.0
11377,4a5cf927-5e23-4267-926e-9463e171f71e,2/12/2015 15:15,0,172487.0
11378,4a5cf927-5e23-4267-926e-9463e171f71e,2/12/2015 14:15,33,172487.0
11379,4a5cf927-5e23-4267-926e-9463e171f71e,2/12/2015 13:15,27,172454.0
11380,4a5cf927-5e23-4267-926e-9463e171f71e,2/12/2015 12:15,74,172427.0
11381,4a5cf927-5e23-4267-926e-9463e171f71e,2/12/2015 11:15,8,172353.0
11382,4a5cf927-5e23-4267-926e-9463e171f71e,2/12/2015 10:15,25,172345.0
11383,4a5cf927-5e23-4267-926e-9463e171f71e,2/12/2015 9:15,7,172320.0
11384,4a5cf927-5e23-4267-926e-9463e171f71e,2/12/2015 8:15,0,172313.0
11385,4a5cf927-5e23-4267-926e-9463e171f71e,2/12/2015 7:15,0,172313.0
11386,4a5cf927-5e23-4267-926e-9463e171f71e,2/12/2015 6:15,0,172313.0
11387,4a5cf927-5e23-4267-926e-9463e171f71e,2/12/2015 5:15,0,172313.0
11388,4a5cf927-5e23-4267-926e-9463e171f71e,2/12/2015 4:15,0,172313.0
11389,4a5cf927-5e23-4267-926e-9463e171f71e,2/12/2015 3:15,0,172313.0
11390,4a5cf927-5e23-4267-926e-9463e171f71e,2/12/2015 2:15,0,172313.0
11391,4a5cf927-5e23-4267-926e-9463e171f71e,2/12/2015 1:15,0,172313.0
11392,4a5cf927-5e23-4267-926e-9463e171f71e,2/12/2015 0:15,0,172313.0
11393,4a5cf927-5e23-4267-926e-9463e171f71e,1/12/2015 23:15,9,172313.0
11394,4a5cf927-5e23-4267-926e-9463e171f71e,1/12/2015 22:15,0,172304.0
11395,4a5cf927-5e23-4267-926e-9463e171f71e,1/12/2015 21:15,0,172304.0
11396,4a5cf927-5e23-4267-926e-9463e171f71e,1/12/2015 20:15,0,172304.0
11397,4a5cf927-5e23-4267-926e-9463e171f71e,1/12/2015 19:15,0,172304.0
11398,4a5cf927-5e23-4267-926e-9463e171f71e,1/12/2015 18:15,0,172304.0
11399,4a5cf927-5e23-4267-926e-9463e171f71e,1/12/2015 17:15,5,172304.0
11400,4a5cf927-5e23-4267-926e-9463e171f71e,1/12/2015 16:15,0,172299.0
11401,4a5cf927-5e23-4267-926e-9463e171f71e,1/12/2015 15:15,111,172299.0
11402,4a5cf927-5e23-4267-926e-9463e171f71e,1/12/2015 10:15,0,172188.0
11403,4a5cf927-5e23-4267-926e-9463e171f71e,1/12/2015 9:15,5,172188.0
11404,4a5cf927-5e23-4267-926e-9463e171f71e,1/12/2015 8:15,1,172183.0
11405,4a5cf927-5e23-4267-926e-9463e171f71e,1/12/2015 7:15,0,172182.0
11406,4a5cf927-5e23-4267-926e-9463e171f71e,1/12/2015 6:15,0,172182.0
11407,4a5cf927-5e23-4267-926e-9463e171f71e,1/12/2015 5:15,0,172182.0
11408,4a5cf927-5e23-4267-926e-9463e171f71e,1/12/2015 4:15,0,172182.0
11409,4a5cf927-5e23-4267-926e-9463e171f71e,1/12/2015 3:15,0,172182.0
11410,4a5cf927-5e23-4267-926e-9463e171f71e,1/12/2015 2:15,0,172182.0
11411,4a5cf927-5e23-4267-926e-9463e171f71e,1/12/2015 1:15,0,172182.0
11412,4a5cf927-5e23-4267-926e-9463e171f71e,1/12/2015 0:15,28,172182.0
11413,4a5cf927-5e23-4267-926e-9463e171f71e,30/11/2015 23:15:24,0,172154.0
11414,4a5cf927-5e23-4267-926e-9463e171f71e,30/11/2015 18:15:27,0,172154.0
11415,4a5cf927-5e23-4267-926e-9463e171f71e,30/11/2015 17:15:27,10,172154.0
11416,4a5cf927-5e23-4267-926e-9463e171f71e,30/11/2015 16:15:27,0,172144.0
11417,4a5cf927-5e23-4267-926e-9463e171f71e,30/11/2015 15:15:27,0,172144.0
11418,4a5cf927-5e23-4267-926e-9463e171f71e,30/11/2015 14:15:27,4,172144.0
11419,4a5cf927-5e23-4267-926e-9463e171f71e,30/11/2015 13:15:27,6,172140.0
11420,4a5cf927-5e23-4267-926e-9463e171f71e,30/11/2015 12:15:27,7,172134.0
11421,4a5cf927-5e23-4267-926e-9463e171f71e,30/11/2015 11:15:27,104,172127.0
11422,4a5cf927-5e23-4267-926e-9463e171f71e,30/11/2015 10:15:27,25,172023.0
11423,4a5cf927-5e23-4267-926e-9463e171f71e,30/11/2015 09:15:27,72,171998.0
11424,4a5cf927-5e23-4267-926e-9463e171f71e,30/11/2015 08:15:27,0,171926.0
11425,4a5cf927-5e23-4267-926e-9463e171f71e,30/11/2015 07:15:27,0,171926.0
11426,4a5cf927-5e23-4267-926e-9463e171f71e,30/11/2015 06:15:26,0,171926.0
11427,4a5cf927-5e23-4267-926e-9463e171f71e,30/11/2015 05:15:26,0,171926.0
11428,4a5cf927-5e23-4267-926e-9463e171f71e,30/11/2015 04:15:26,1,171926.0
11429,4a5cf927-5e23-4267-926e-9463e171f71e,30/11/2015 03:15:26,0,171925.0
11430,4a5cf927-5e23-4267-926e-9463e171f71e,30/11/2015 02:15:27,0,171925.0
11431,4a5cf927-5e23-4267-926e-9463e171f71e,30/11/2015 01:15:27,0,171925.0
11432,4a5cf927-5e23-4267-926e-9463e171f71e,30/11/2015 00:15:27,0,171925.0
11433,4a5cf927-5e23-4267-926e-9463e171f71e,29/11/2015 23:15:27,21,171925.0
11434,4a5cf927-5e23-4267-926e-9463e171f71e,29/11/2015 22:15:27,15,171904.0
11435,4a5cf927-5e23-4267-926e-9463e171f71e,29/11/2015 21:15:27,0,171889.0
11436,4a5cf927-5e23-4267-926e-9463e171f71e,29/11/2015 20:15:27,0,171889.0
11437,4a5cf927-5e23-4267-926e-9463e171f71e,29/11/2015 19:15:27,7,171889.0
11438,4a5cf927-5e23-4267-926e-9463e171f71e,29/11/2015 18:15:30,89,171882.0
11439,4a5cf927-5e23-4267-926e-9463e171f71e,29/11/2015 17:15:30,7,171793.0
11440,4a5cf927-5e23-4267-926e-9463e171f71e,29/11/2015 16:15:30,1,171786.0
11441,4a5cf927-5e23-4267-926e-9463e171f71e,29/11/2015 15:15:30,40,171785.0
11442,4a5cf927-5e23-4267-926e-9463e171f71e,29/11/2015 10:15:28,22,171745.0
11443,4a5cf927-5e23-4267-926e-9463e171f71e,29/11/2015 09:15:28,0,171723.0
11444,4a5cf927-5e23-4267-926e-9463e171f71e,29/11/2015 08:15:28,0,171723.0
11445,4a5cf927-5e23-4267-926e-9463e171f71e,29/11/2015 07:15:28,1,171723.0
11446,4a5cf927-5e23-4267-926e-9463e171f71e,29/11/2015 06:15:31,0,171722.0
11447,4a5cf927-5e23-4267-926e-9463e171f71e,29/11/2015 05:15:31,0,171722.0
11448,4a5cf927-5e23-4267-926e-9463e171f71e,29/11/2015 04:15:31,0,171722.0
11449,4a5cf927-5e23-4267-926e-9463e171f71e,29/11/2015 03:15:31,2,171722.0
11450,4a5cf927-5e23-4267-926e-9463e171f71e,29/11/2015 02:15:30,0,171720.0
11451,4a5cf927-5e23-4267-926e-9463e171f71e,29/11/2015 01:15:30,6,171720.0
11452,4a5cf927-5e23-4267-926e-9463e171f71e,29/11/2015 00:15:30,0,171714.0
11453,4a5cf927-5e23-4267-926e-9463e171f71e,28/11/2015 23:15:30,0,171714.0
11454,4a5cf927-5e23-4267-926e-9463e171f71e,28/11/2015 22:15:28,0,171714.0
11455,4a5cf927-5e23-4267-926e-9463e171f71e,28/11/2015 21:15:28,2,171714.0
11456,4a5cf927-5e23-4267-926e-9463e171f71e,28/11/2015 20:15:28,9,171712.0
11457,4a5cf927-5e23-4267-926e-9463e171f71e,28/11/2015 19:15:28,13,171703.0
11458,4a5cf927-5e23-4267-926e-9463e171f71e,28/11/2015 18:15:31,0,171690.0
11459,4a5cf927-5e23-4267-926e-9463e171f71e,28/11/2015 17:15:31,0,171690.0
11460,4a5cf927-5e23-4267-926e-9463e171f71e,28/11/2015 16:15:31,10,171690.0
11461,4a5cf927-5e23-4267-926e-9463e171f71e,28/11/2015 15:15:31,6,171680.0
11462,4a5cf927-5e23-4267-926e-9463e171f71e,28/11/2015 14:15:30,0,171674.0
11463,4a5cf927-5e23-4267-926e-9463e171f71e,28/11/2015 13:15:30,0,171674.0
11464,4a5cf927-5e23-4267-926e-9463e171f71e,28/11/2015 12:15:30,103,171674.0
11465,4a5cf927-5e23-4267-926e-9463e171f71e,28/11/2015 11:15:30,53,171571.0
11466,4a5cf927-5e23-4267-926e-9463e171f71e,28/11/2015 10:15:31,16,171518.0
11467,4a5cf927-5e23-4267-926e-9463e171f71e,28/11/2015 09:15:31,1,171502.0
11468,4a5cf927-5e23-4267-926e-9463e171f71e,28/11/2015 08:15:31,0,171501.0
11469,4a5cf927-5e23-4267-926e-9463e171f71e,28/11/2015 07:15:31,0,171501.0
11470,4a5cf927-5e23-4267-926e-9463e171f71e,28/11/2015 06:15:31,0,171501.0
11471,4a5cf927-5e23-4267-926e-9463e171f71e,28/11/2015 05:15:31,0,171501.0
11472,4a5cf927-5e23-4267-926e-9463e171f71e,28/11/2015 04:15:31,0,171501.0
11473,4a5cf927-5e23-4267-926e-9463e171f71e,28/11/2015 03:15:31,0,171501.0
11474,4a5cf927-5e23-4267-926e-9463e171f71e,28/11/2015 02:15:33,7,171501.0
11475,4a5cf927-5e23-4267-926e-9463e171f71e,28/11/2015 01:15:33,0,171494.0
11476,4a5cf927-5e23-4267-926e-9463e171f71e,28/11/2015 00:15:33,0,171494.0
11477,4a5cf927-5e23-4267-926e-9463e171f71e,27/11/2015 23:15:33,0,171494.0
11478,4a5cf927-5e23-4267-926e-9463e171f71e,27/11/2015 22:15:33,0,171494.0
11479,4a5cf927-5e23-4267-926e-9463e171f71e,27/11/2015 21:15:33,0,171494.0
11480,4a5cf927-5e23-4267-926e-9463e171f71e,27/11/2015 20:15:33,13,171494.0
11481,4a5cf927-5e23-4267-926e-9463e171f71e,27/11/2015 19:15:33,5,171481.0
11482,4a5cf927-5e23-4267-926e-9463e171f71e,27/11/2015 18:15:35,3,171476.0
11483,4a5cf927-5e23-4267-926e-9463e171f71e,27/11/2015 17:15:35,8,171473.0
11484,4a5cf927-5e23-4267-926e-9463e171f71e,27/11/2015 16:15:35,29,171465.0
11485,4a5cf927-5e23-4267-926e-9463e171f71e,27/11/2015 15:15:35,5,171436.0
11486,4a5cf927-5e23-4267-926e-9463e171f71e,27/11/2015 14:15:33,0,171431.0
11487,4a5cf927-5e23-4267-926e-9463e171f71e,27/11/2015 13:15:33,0,171431.0
11488,4a5cf927-5e23-4267-926e-9463e171f71e,27/11/2015 12:15:33,8,171431.0
11489,4a5cf927-5e23-4267-926e-9463e171f71e,27/11/2015 11:15:33,165,171423.0
11490,4a5cf927-5e23-4267-926e-9463e171f71e,27/11/2015 06:15:32,0,171258.0
11491,4a5cf927-5e23-4267-926e-9463e171f71e,27/11/2015 05:15:32,0,171258.0
11492,4a5cf927-5e23-4267-926e-9463e171f71e,27/11/2015 04:15:32,0,171258.0
11493,4a5cf927-5e23-4267-926e-9463e171f71e,27/11/2015 03:15:32,8,171258.0
11494,4a5cf927-5e23-4267-926e-9463e171f71e,26/11/2015 22:15:34,14,171250.0
11495,4a5cf927-5e23-4267-926e-9463e171f71e,26/11/2015 21:15:34,10,171236.0
11496,4a5cf927-5e23-4267-926e-9463e171f71e,26/11/2015 20:15:34,0,171226.0
11497,4a5cf927-5e23-4267-926e-9463e171f71e,26/11/2015 19:15:34,3,171226.0
11498,4a5cf927-5e23-4267-926e-9463e171f71e,26/11/2015 18:15:36,0,171223.0
11499,4a5cf927-5e23-4267-926e-9463e171f71e,26/11/2015 17:15:36,4,171223.0
11500,4a5cf927-5e23-4267-926e-9463e171f71e,26/11/2015 16:15:36,37,171219.0
11501,4a5cf927-5e23-4267-926e-9463e171f71e,26/11/2015 15:15:36,24,171182.0
11502,4a5cf927-5e23-4267-926e-9463e171f71e,26/11/2015 10:15:37,44,171158.0
11503,4a5cf927-5e23-4267-926e-9463e171f71e,26/11/2015 09:15:37,32,171114.0
11504,4a5cf927-5e23-4267-926e-9463e171f71e,26/11/2015 08:15:37,79,171082.0
11505,4a5cf927-5e23-4267-926e-9463e171f71e,26/11/2015 07:15:37,0,171003.0
11506,4a5cf927-5e23-4267-926e-9463e171f71e,26/11/2015 06:15:36,0,171003.0
11507,4a5cf927-5e23-4267-926e-9463e171f71e,26/11/2015 05:15:36,0,171003.0
11508,4a5cf927-5e23-4267-926e-9463e171f71e,26/11/2015 04:15:36,0,171003.0
11509,4a5cf927-5e23-4267-926e-9463e171f71e,26/11/2015 03:15:36,10,171003.0
11510,4a5cf927-5e23-4267-926e-9463e171f71e,25/11/2015 22:15:36,8,170993.0
11511,4a5cf927-5e23-4267-926e-9463e171f71e,25/11/2015 21:15:36,4,170985.0
11512,4a5cf927-5e23-4267-926e-9463e171f71e,25/11/2015 20:15:36,5,170981.0
11513,4a5cf927-5e23-4267-926e-9463e171f71e,25/11/2015 19:15:36,0,170976.0
11514,4a5cf927-5e23-4267-926e-9463e171f71e,25/11/2015 18:15:38,0,170976.0
11515,4a5cf927-5e23-4267-926e-9463e171f71e,25/11/2015 17:15:38,7,170976.0
11516,4a5cf927-5e23-4267-926e-9463e171f71e,25/11/2015 16:15:38,13,170969.0
11517,4a5cf927-5e23-4267-926e-9463e171f71e,25/11/2015 15:15:38,5,170956.0
11518,4a5cf927-5e23-4267-926e-9463e171f71e,25/11/2015 14:15:38,2,170951.0
11519,4a5cf927-5e23-4267-926e-9463e171f71e,25/11/2015 13:15:38,25,170949.0
11520,4a5cf927-5e23-4267-926e-9463e171f71e,25/11/2015 12:15:38,7,170924.0
11521,4a5cf927-5e23-4267-926e-9463e171f71e,25/11/2015 11:15:38,22,170917.0
11522,4a5cf927-5e23-4267-926e-9463e171f71e,25/11/2015 10:15:38,10,170895.0
11523,4a5cf927-5e23-4267-926e-9463e171f71e,25/11/2015 09:15:38,25,170885.0
11524,4a5cf927-5e23-4267-926e-9463e171f71e,25/11/2015 08:15:38,91,170860.0
11525,4a5cf927-5e23-4267-926e-9463e171f71e,25/11/2015 07:15:38,0,170769.0
11526,4a5cf927-5e23-4267-926e-9463e171f71e,25/11/2015 06:15:37,0,170769.0
11527,4a5cf927-5e23-4267-926e-9463e171f71e,25/11/2015 05:15:37,0,170769.0
11528,4a5cf927-5e23-4267-926e-9463e171f71e,25/11/2015 04:15:37,0,170769.0
11529,4a5cf927-5e23-4267-926e-9463e171f71e,25/11/2015 03:15:37,0,170769.0
11530,4a5cf927-5e23-4267-926e-9463e171f71e,25/11/2015 02:15:40,0,170769.0
11531,4a5cf927-5e23-4267-926e-9463e171f71e,25/11/2015 01:15:40,1,170769.0
11532,4a5cf927-5e23-4267-926e-9463e171f71e,25/11/2015 00:15:40,89,170768.0
11533,4a5cf927-5e23-4267-926e-9463e171f71e,24/11/2015 23:15:40,36,170679.0
11534,4a5cf927-5e23-4267-926e-9463e171f71e,24/11/2015 18:15:41,4,170643.0
11535,4a5cf927-5e23-4267-926e-9463e171f71e,24/11/2015 17:15:41,0,170639.0
11536,4a5cf927-5e23-4267-926e-9463e171f71e,24/11/2015 16:15:41,25,170639.0
11537,4a5cf927-5e23-4267-926e-9463e171f71e,24/11/2015 15:15:41,24,170614.0
11538,4a5cf927-5e23-4267-926e-9463e171f71e,24/11/2015 14:15:39,34,170590.0
11539,4a5cf927-5e23-4267-926e-9463e171f71e,24/11/2015 13:15:39,18,170556.0
11540,4a5cf927-5e23-4267-926e-9463e171f71e,24/11/2015 12:15:39,0,170538.0
11541,4a5cf927-5e23-4267-926e-9463e171f71e,24/11/2015 11:15:39,12,170538.0
11542,4a5cf927-5e23-4267-926e-9463e171f71e,24/11/2015 10:15:41,61,170526.0
11543,4a5cf927-5e23-4267-926e-9463e171f71e,24/11/2015 09:15:41,28,170465.0
11544,4a5cf927-5e23-4267-926e-9463e171f71e,24/11/2015 08:15:41,77,170437.0
11545,4a5cf927-5e23-4267-926e-9463e171f71e,24/11/2015 07:15:41,0,170360.0
11546,4a5cf927-5e23-4267-926e-9463e171f71e,24/11/2015 06:15:40,0,170360.0
11547,4a5cf927-5e23-4267-926e-9463e171f71e,24/11/2015 05:15:40,0,170360.0
11548,4a5cf927-5e23-4267-926e-9463e171f71e,24/11/2015 04:15:40,0,170360.0
11549,4a5cf927-5e23-4267-926e-9463e171f71e,24/11/2015 03:15:40,0,170360.0
11550,4a5cf927-5e23-4267-926e-9463e171f71e,24/11/2015 02:15:45,1,170360.0
11551,4a5cf927-5e23-4267-926e-9463e171f71e,24/11/2015 01:15:45,6,170359.0
11552,4a5cf927-5e23-4267-926e-9463e171f71e,24/11/2015 00:15:45,13,170353.0
11553,4a5cf927-5e23-4267-926e-9463e171f71e,23/11/2015 23:15:45,43,170340.0
11554,4a5cf927-5e23-4267-926e-9463e171f71e,23/11/2015 22:15:40,41,170297.0
11555,4a5cf927-5e23-4267-926e-9463e171f71e,23/11/2015 21:15:40,0,170256.0
11556,4a5cf927-5e23-4267-926e-9463e171f71e,23/11/2015 20:15:40,10,170256.0
11557,4a5cf927-5e23-4267-926e-9463e171f71e,23/11/2015 19:15:40,0,170246.0
11558,4a5cf927-5e23-4267-926e-9463e171f71e,23/11/2015 18:15:43,0,170246.0
11559,4a5cf927-5e23-4267-926e-9463e171f71e,23/11/2015 17:15:43,6,170246.0
11560,4a5cf927-5e23-4267-926e-9463e171f71e,23/11/2015 16:15:43,0,170240.0
11561,4a5cf927-5e23-4267-926e-9463e171f71e,23/11/2015 15:15:43,0,170240.0
11562,4a5cf927-5e23-4267-926e-9463e171f71e,23/11/2015 14:15:49,10,170240.0
11563,4a5cf927-5e23-4267-926e-9463e171f71e,23/11/2015 13:15:49,0,170230.0
11564,4a5cf927-5e23-4267-926e-9463e171f71e,23/11/2015 12:15:49,0,170230.0
11565,4a5cf927-5e23-4267-926e-9463e171f71e,23/11/2015 11:15:49,60,170230.0
11566,4a5cf927-5e23-4267-926e-9463e171f71e,23/11/2015 10:15:51,59,170170.0
11567,4a5cf927-5e23-4267-926e-9463e171f71e,23/11/2015 09:15:51,125,170111.0
11568,4a5cf927-5e23-4267-926e-9463e171f71e,23/11/2015 08:15:51,7,169986.0
11569,4a5cf927-5e23-4267-926e-9463e171f71e,23/11/2015 07:15:51,0,169979.0
11570,4a5cf927-5e23-4267-926e-9463e171f71e,23/11/2015 06:15:43,0,169979.0
11571,4a5cf927-5e23-4267-926e-9463e171f71e,23/11/2015 05:15:43,0,169979.0
11572,4a5cf927-5e23-4267-926e-9463e171f71e,23/11/2015 04:15:43,0,169979.0
11573,4a5cf927-5e23-4267-926e-9463e171f71e,23/11/2015 03:15:43,14,169979.0
11574,4a5cf927-5e23-4267-926e-9463e171f71e,22/11/2015 22:15:45,5,169965.0
11575,4a5cf927-5e23-4267-926e-9463e171f71e,22/11/2015 21:15:45,5,169960.0
11576,4a5cf927-5e23-4267-926e-9463e171f71e,22/11/2015 20:15:45,6,169955.0
11577,4a5cf927-5e23-4267-926e-9463e171f71e,22/11/2015 19:15:45,167,169949.0
11578,4a5cf927-5e23-4267-926e-9463e171f71e,22/11/2015 10:15:46,67,169782.0
11579,4a5cf927-5e23-4267-926e-9463e171f71e,22/11/2015 09:15:46,39,169715.0
11580,4a5cf927-5e23-4267-926e-9463e171f71e,22/11/2015 08:15:46,72,169676.0
11581,4a5cf927-5e23-4267-926e-9463e171f71e,22/11/2015 07:15:46,0,169604.0
11582,4a5cf927-5e23-4267-926e-9463e171f71e,22/11/2015 06:15:45,0,169604.0
11583,4a5cf927-5e23-4267-926e-9463e171f71e,22/11/2015 05:15:45,0,169604.0
11584,4a5cf927-5e23-4267-926e-9463e171f71e,22/11/2015 04:15:45,0,169604.0
11585,4a5cf927-5e23-4267-926e-9463e171f71e,22/11/2015 03:15:45,0,169604.0
11586,4a5cf927-5e23-4267-926e-9463e171f71e,22/11/2015 02:15:47,0,169604.0
11587,4a5cf927-5e23-4267-926e-9463e171f71e,22/11/2015 01:15:47,12,169604.0
11588,4a5cf927-5e23-4267-926e-9463e171f71e,22/11/2015 00:15:47,0,169592.0
11589,4a5cf927-5e23-4267-926e-9463e171f71e,21/11/2015 23:15:47,34,169592.0
11590,4a5cf927-5e23-4267-926e-9463e171f71e,21/11/2015 22:15:46,9,169558.0
11591,4a5cf927-5e23-4267-926e-9463e171f71e,21/11/2015 21:15:46,16,169549.0
11592,4a5cf927-5e23-4267-926e-9463e171f71e,21/11/2015 20:15:46,0,169533.0
11593,4a5cf927-5e23-4267-926e-9463e171f71e,21/11/2015 19:15:46,0,169533.0
11594,4a5cf927-5e23-4267-926e-9463e171f71e,21/11/2015 18:15:48,0,169533.0
11595,4a5cf927-5e23-4267-926e-9463e171f71e,21/11/2015 17:15:48,0,169533.0
11596,4a5cf927-5e23-4267-926e-9463e171f71e,21/11/2015 16:15:48,1,169533.0
11597,4a5cf927-5e23-4267-926e-9463e171f71e,21/11/2015 15:15:48,5,169532.0
11598,4a5cf927-5e23-4267-926e-9463e171f71e,21/11/2015 14:15:47,3,169527.0
11599,4a5cf927-5e23-4267-926e-9463e171f71e,21/11/2015 13:15:47,0,169524.0
11600,4a5cf927-5e23-4267-926e-9463e171f71e,21/11/2015 12:15:47,40,169524.0
11601,4a5cf927-5e23-4267-926e-9463e171f71e,21/11/2015 11:15:47,26,169484.0
11602,4a5cf927-5e23-4267-926e-9463e171f71e,21/11/2015 10:15:49,24,169458.0
11603,4a5cf927-5e23-4267-926e-9463e171f71e,21/11/2015 09:15:49,39,169434.0
11604,4a5cf927-5e23-4267-926e-9463e171f71e,21/11/2015 08:15:49,86,169395.0
11605,4a5cf927-5e23-4267-926e-9463e171f71e,21/11/2015 07:15:49,0,169309.0
11606,4a5cf927-5e23-4267-926e-9463e171f71e,21/11/2015 06:15:48,0,169309.0
11607,4a5cf927-5e23-4267-926e-9463e171f71e,21/11/2015 05:15:48,6,169309.0
11608,4a5cf927-5e23-4267-926e-9463e171f71e,21/11/2015 04:15:48,0,169303.0
11609,4a5cf927-5e23-4267-926e-9463e171f71e,21/11/2015 03:15:48,2,169303.0
11610,4a5cf927-5e23-4267-926e-9463e171f71e,21/11/2015 02:15:49,7,169301.0
11611,4a5cf927-5e23-4267-926e-9463e171f71e,21/11/2015 01:15:49,0,169294.0
11612,4a5cf927-5e23-4267-926e-9463e171f71e,21/11/2015 00:15:49,0,169294.0
11613,4a5cf927-5e23-4267-926e-9463e171f71e,20/11/2015 23:15:49,22,169294.0
11614,4a5cf927-5e23-4267-926e-9463e171f71e,20/11/2015 22:15:49,17,169272.0
11615,4a5cf927-5e23-4267-926e-9463e171f71e,20/11/2015 21:15:49,4,169255.0
11616,4a5cf927-5e23-4267-926e-9463e171f71e,20/11/2015 20:15:49,0,169251.0
11617,4a5cf927-5e23-4267-926e-9463e171f71e,20/11/2015 19:15:49,0,169251.0
11618,4a5cf927-5e23-4267-926e-9463e171f71e,20/11/2015 18:15:50,0,169251.0
11619,4a5cf927-5e23-4267-926e-9463e171f71e,20/11/2015 17:15:50,0,169251.0
11620,4a5cf927-5e23-4267-926e-9463e171f71e,20/11/2015 16:15:50,13,169251.0
11621,4a5cf927-5e23-4267-926e-9463e171f71e,20/11/2015 15:15:50,21,169238.0
11622,4a5cf927-5e23-4267-926e-9463e171f71e,20/11/2015 14:15:48,0,169217.0
11623,4a5cf927-5e23-4267-926e-9463e171f71e,20/11/2015 13:15:48,0,169217.0
11624,4a5cf927-5e23-4267-926e-9463e171f71e,20/11/2015 12:15:48,5,169217.0
11625,4a5cf927-5e23-4267-926e-9463e171f71e,20/11/2015 11:15:48,15,169212.0
11626,4a5cf927-5e23-4267-926e-9463e171f71e,20/11/2015 10:15:51,80,169197.0
11627,4a5cf927-5e23-4267-926e-9463e171f71e,20/11/2015 09:15:51,14,169117.0
11628,4a5cf927-5e23-4267-926e-9463e171f71e,20/11/2015 08:15:51,77,169103.0
11629,4a5cf927-5e23-4267-926e-9463e171f71e,20/11/2015 07:15:51,0,169026.0
11630,4a5cf927-5e23-4267-926e-9463e171f71e,20/11/2015 06:15:50,0,169026.0
11631,4a5cf927-5e23-4267-926e-9463e171f71e,20/11/2015 05:15:50,0,169026.0
11632,4a5cf927-5e23-4267-926e-9463e171f71e,20/11/2015 04:15:50,0,169026.0
11633,4a5cf927-5e23-4267-926e-9463e171f71e,20/11/2015 03:15:50,0,169026.0
11634,4a5cf927-5e23-4267-926e-9463e171f71e,20/11/2015 02:15:52,0,169026.0
11635,4a5cf927-5e23-4267-926e-9463e171f71e,20/11/2015 01:15:52,0,169026.0
11636,4a5cf927-5e23-4267-926e-9463e171f71e,20/11/2015 00:15:52,4,169026.0
11637,4a5cf927-5e23-4267-926e-9463e171f71e,19/11/2015 23:15:52,0,169022.0
11638,4a5cf927-5e23-4267-926e-9463e171f71e,19/11/2015 22:15:53,53,169022.0
11639,4a5cf927-5e23-4267-926e-9463e171f71e,19/11/2015 21:15:53,15,168969.0
11640,4a5cf927-5e23-4267-926e-9463e171f71e,19/11/2015 20:15:53,10,168954.0
11641,4a5cf927-5e23-4267-926e-9463e171f71e,19/11/2015 19:15:53,0,168944.0
11642,4a5cf927-5e23-4267-926e-9463e171f71e,19/11/2015 18:15:53,0,168944.0
11643,4a5cf927-5e23-4267-926e-9463e171f71e,19/11/2015 17:15:53,10,168944.0
11644,4a5cf927-5e23-4267-926e-9463e171f71e,19/11/2015 16:15:53,26,168934.0
11645,4a5cf927-5e23-4267-926e-9463e171f71e,19/11/2015 15:15:53,4,168908.0
11646,4a5cf927-5e23-4267-926e-9463e171f71e,19/11/2015 14:15:52,0,168904.0
11647,4a5cf927-5e23-4267-926e-9463e171f71e,19/11/2015 13:15:52,9,168904.0
11648,4a5cf927-5e23-4267-926e-9463e171f71e,19/11/2015 12:15:52,81,168895.0
11649,4a5cf927-5e23-4267-926e-9463e171f71e,19/11/2015 11:15:52,24,168814.0
11650,4a5cf927-5e23-4267-926e-9463e171f71e,19/11/2015 10:15:54,9,168790.0
11651,4a5cf927-5e23-4267-926e-9463e171f71e,19/11/2015 09:15:54,0,168781.0
11652,4a5cf927-5e23-4267-926e-9463e171f71e,19/11/2015 08:15:54,0,168781.0
11653,4a5cf927-5e23-4267-926e-9463e171f71e,19/11/2015 07:15:54,0,168781.0
11654,4a5cf927-5e23-4267-926e-9463e171f71e,19/11/2015 06:15:53,0,168781.0
11655,4a5cf927-5e23-4267-926e-9463e171f71e,19/11/2015 05:15:53,0,168781.0
11656,4a5cf927-5e23-4267-926e-9463e171f71e,19/11/2015 04:15:53,0,168781.0
11657,4a5cf927-5e23-4267-926e-9463e171f71e,19/11/2015 03:15:53,0,168781.0
11658,4a5cf927-5e23-4267-926e-9463e171f71e,19/11/2015 02:16:00,0,168781.0
11659,4a5cf927-5e23-4267-926e-9463e171f71e,19/11/2015 01:16:00,4,168781.0
11660,4a5cf927-5e23-4267-926e-9463e171f71e,19/11/2015 00:16:00,0,168777.0
11661,4a5cf927-5e23-4267-926e-9463e171f71e,18/11/2015 23:16:00,2,168777.0
11662,4a5cf927-5e23-4267-926e-9463e171f71e,18/11/2015 22:15:54,3,168775.0
11663,4a5cf927-5e23-4267-926e-9463e171f71e,18/11/2015 21:15:54,14,168772.0
11664,4a5cf927-5e23-4267-926e-9463e171f71e,18/11/2015 20:15:54,0,168758.0
11665,4a5cf927-5e23-4267-926e-9463e171f71e,18/11/2015 19:15:54,0,168758.0
11666,4a5cf927-5e23-4267-926e-9463e171f71e,18/11/2015 18:15:56,0,168758.0
11667,4a5cf927-5e23-4267-926e-9463e171f71e,18/11/2015 17:15:56,0,168758.0
11668,4a5cf927-5e23-4267-926e-9463e171f71e,18/11/2015 16:15:56,0,168758.0
11669,4a5cf927-5e23-4267-926e-9463e171f71e,18/11/2015 15:15:56,0,168758.0
11670,4a5cf927-5e23-4267-926e-9463e171f71e,18/11/2015 14:15:55,25,168758.0
11671,4a5cf927-5e23-4267-926e-9463e171f71e,18/11/2015 13:15:55,16,168733.0
11672,4a5cf927-5e23-4267-926e-9463e171f71e,18/11/2015 12:15:55,0,168717.0
11673,4a5cf927-5e23-4267-926e-9463e171f71e,18/11/2015 11:15:55,35,168717.0
11674,4a5cf927-5e23-4267-926e-9463e171f71e,18/11/2015 10:15:56,28,168682.0
11675,4a5cf927-5e23-4267-926e-9463e171f71e,18/11/2015 09:15:56,28,168654.0
11676,4a5cf927-5e23-4267-926e-9463e171f71e,18/11/2015 08:15:56,82,168626.0
11677,4a5cf927-5e23-4267-926e-9463e171f71e,18/11/2015 07:15:56,0,168544.0
11678,4a5cf927-5e23-4267-926e-9463e171f71e,18/11/2015 06:15:56,0,168544.0
11679,4a5cf927-5e23-4267-926e-9463e171f71e,18/11/2015 05:15:56,0,168544.0
11680,4a5cf927-5e23-4267-926e-9463e171f71e,18/11/2015 04:15:56,0,168544.0
11681,4a5cf927-5e23-4267-926e-9463e171f71e,18/11/2015 03:15:56,0,168544.0
11682,4a5cf927-5e23-4267-926e-9463e171f71e,18/11/2015 02:15:56,0,168544.0
11683,4a5cf927-5e23-4267-926e-9463e171f71e,18/11/2015 01:15:56,0,168544.0
11684,4a5cf927-5e23-4267-926e-9463e171f71e,18/11/2015 00:15:56,0,168544.0
11685,4a5cf927-5e23-4267-926e-9463e171f71e,17/11/2015 23:15:56,0,168544.0
11686,4a5cf927-5e23-4267-926e-9463e171f71e,17/11/2015 22:15:56,10,168544.0
11687,4a5cf927-5e23-4267-926e-9463e171f71e,17/11/2015 21:15:56,5,168534.0
11688,4a5cf927-5e23-4267-926e-9463e171f71e,17/11/2015 20:15:56,0,168529.0
11689,4a5cf927-5e23-4267-926e-9463e171f71e,17/11/2015 19:15:56,6,168529.0
11690,4a5cf927-5e23-4267-926e-9463e171f71e,17/11/2015 18:15:57,0,168523.0
11691,4a5cf927-5e23-4267-926e-9463e171f71e,17/11/2015 17:15:57,4,168523.0
11692,4a5cf927-5e23-4267-926e-9463e171f71e,17/11/2015 16:15:57,17,168519.0
11693,4a5cf927-5e23-4267-926e-9463e171f71e,17/11/2015 15:15:57,8,168502.0
11694,4a5cf927-5e23-4267-926e-9463e171f71e,17/11/2015 14:15:57,7,168494.0
11695,4a5cf927-5e23-4267-926e-9463e171f71e,17/11/2015 13:15:57,1,168487.0
11696,4a5cf927-5e23-4267-926e-9463e171f71e,17/11/2015 12:15:57,0,168486.0
11697,4a5cf927-5e23-4267-926e-9463e171f71e,17/11/2015 11:15:57,10,168486.0
11698,4a5cf927-5e23-4267-926e-9463e171f71e,17/11/2015 10:15:58,20,168476.0
11699,4a5cf927-5e23-4267-926e-9463e171f71e,17/11/2015 09:15:58,4,168456.0
11700,4a5cf927-5e23-4267-926e-9463e171f71e,17/11/2015 08:15:58,83,168452.0
11701,4a5cf927-5e23-4267-926e-9463e171f71e,17/11/2015 07:15:58,0,168369.0
11702,4a5cf927-5e23-4267-926e-9463e171f71e,17/11/2015 06:15:58,0,168369.0
11703,4a5cf927-5e23-4267-926e-9463e171f71e,17/11/2015 05:15:58,0,168369.0
11704,4a5cf927-5e23-4267-926e-9463e171f71e,17/11/2015 04:15:58,0,168369.0
11705,4a5cf927-5e23-4267-926e-9463e171f71e,17/11/2015 03:15:58,7,168369.0
11706,4a5cf927-5e23-4267-926e-9463e171f71e,16/11/2015 22:15:57,2,168362.0
11707,4a5cf927-5e23-4267-926e-9463e171f71e,16/11/2015 21:15:57,9,168360.0
11708,4a5cf927-5e23-4267-926e-9463e171f71e,16/11/2015 20:15:57,6,168351.0
11709,4a5cf927-5e23-4267-926e-9463e171f71e,16/11/2015 19:15:57,0,168345.0
11710,4a5cf927-5e23-4267-926e-9463e171f71e,16/11/2015 18:16:00,0,168345.0
11711,4a5cf927-5e23-4267-926e-9463e171f71e,16/11/2015 17:16:00,31,168345.0
11712,4a5cf927-5e23-4267-926e-9463e171f71e,16/11/2015 16:16:00,11,168314.0
11713,4a5cf927-5e23-4267-926e-9463e171f71e,16/11/2015 15:16:00,7,168303.0
11714,4a5cf927-5e23-4267-926e-9463e171f71e,16/11/2015 14:16:00,0,168296.0
11715,4a5cf927-5e23-4267-926e-9463e171f71e,16/11/2015 13:16:00,4,168296.0
11716,4a5cf927-5e23-4267-926e-9463e171f71e,16/11/2015 12:16:00,23,168292.0
11717,4a5cf927-5e23-4267-926e-9463e171f71e,16/11/2015 11:16:00,172,168269.0
11718,4a5cf927-5e23-4267-926e-9463e171f71e,16/11/2015 06:15:59,0,168097.0
11719,4a5cf927-5e23-4267-926e-9463e171f71e,16/11/2015 05:15:59,0,168097.0
11720,4a5cf927-5e23-4267-926e-9463e171f71e,16/11/2015 04:15:59,0,168097.0
11721,4a5cf927-5e23-4267-926e-9463e171f71e,16/11/2015 03:15:59,0,168097.0
11722,4a5cf927-5e23-4267-926e-9463e171f71e,16/11/2015 02:16:06,0,168097.0
11723,4a5cf927-5e23-4267-926e-9463e171f71e,16/11/2015 01:16:06,0,168097.0
11724,4a5cf927-5e23-4267-926e-9463e171f71e,16/11/2015 00:16:06,0,168097.0
11725,4a5cf927-5e23-4267-926e-9463e171f71e,15/11/2015 23:16:06,0,168097.0
11726,4a5cf927-5e23-4267-926e-9463e171f71e,15/11/2015 22:16:03,15,168097.0
11727,4a5cf927-5e23-4267-926e-9463e171f71e,15/11/2015 21:16:03,18,168082.0
11728,4a5cf927-5e23-4267-926e-9463e171f71e,15/11/2015 20:16:03,3,168064.0
11729,4a5cf927-5e23-4267-926e-9463e171f71e,15/11/2015 19:16:03,0,168061.0
11730,4a5cf927-5e23-4267-926e-9463e171f71e,15/11/2015 18:16:03,6,168061.0
11731,4a5cf927-5e23-4267-926e-9463e171f71e,15/11/2015 17:16:03,0,168055.0
11732,4a5cf927-5e23-4267-926e-9463e171f71e,15/11/2015 16:16:03,0,168055.0
11733,4a5cf927-5e23-4267-926e-9463e171f71e,15/11/2015 15:16:03,3,168055.0
11734,4a5cf927-5e23-4267-926e-9463e171f71e,15/11/2015 14:16:02,0,168052.0
11735,4a5cf927-5e23-4267-926e-9463e171f71e,15/11/2015 13:16:02,0,168052.0
11736,4a5cf927-5e23-4267-926e-9463e171f71e,15/11/2015 12:16:02,2,168052.0
11737,4a5cf927-5e23-4267-926e-9463e171f71e,15/11/2015 11:16:02,10,168050.0
11738,4a5cf927-5e23-4267-926e-9463e171f71e,15/11/2015 10:16:04,46,168040.0
11739,4a5cf927-5e23-4267-926e-9463e171f71e,15/11/2015 09:16:04,10,167994.0
11740,4a5cf927-5e23-4267-926e-9463e171f71e,15/11/2015 08:16:04,15,167984.0
11741,4a5cf927-5e23-4267-926e-9463e171f71e,15/11/2015 07:16:04,0,167969.0
11742,4a5cf927-5e23-4267-926e-9463e171f71e,15/11/2015 06:16:02,0,167969.0
11743,4a5cf927-5e23-4267-926e-9463e171f71e,15/11/2015 05:16:02,0,167969.0
11744,4a5cf927-5e23-4267-926e-9463e171f71e,15/11/2015 04:16:02,0,167969.0
11745,4a5cf927-5e23-4267-926e-9463e171f71e,15/11/2015 03:16:02,2,167969.0
11746,4a5cf927-5e23-4267-926e-9463e171f71e,14/11/2015 22:16:03,5,167967.0
11747,4a5cf927-5e23-4267-926e-9463e171f71e,14/11/2015 21:16:03,6,167962.0
11748,4a5cf927-5e23-4267-926e-9463e171f71e,14/11/2015 20:16:03,4,167956.0
11749,4a5cf927-5e23-4267-926e-9463e171f71e,14/11/2015 19:16:03,3,167952.0
11750,4a5cf927-5e23-4267-926e-9463e171f71e,14/11/2015 18:16:08,3,167949.0
11751,4a5cf927-5e23-4267-926e-9463e171f71e,14/11/2015 17:16:08,4,167946.0
11752,4a5cf927-5e23-4267-926e-9463e171f71e,14/11/2015 16:16:08,3,167942.0
11753,4a5cf927-5e23-4267-926e-9463e171f71e,14/11/2015 15:16:08,16,167939.0
11754,4a5cf927-5e23-4267-926e-9463e171f71e,14/11/2015 14:16:05,2,167923.0
11755,4a5cf927-5e23-4267-926e-9463e171f71e,14/11/2015 13:16:05,0,167921.0
11756,4a5cf927-5e23-4267-926e-9463e171f71e,14/11/2015 12:16:05,12,167921.0
11757,4a5cf927-5e23-4267-926e-9463e171f71e,14/11/2015 11:16:05,15,167909.0
11758,4a5cf927-5e23-4267-926e-9463e171f71e,14/11/2015 10:16:05,0,167894.0
11759,4a5cf927-5e23-4267-926e-9463e171f71e,14/11/2015 09:16:05,8,167894.0
11760,4a5cf927-5e23-4267-926e-9463e171f71e,14/11/2015 08:16:05,99,167886.0
11761,4a5cf927-5e23-4267-926e-9463e171f71e,14/11/2015 07:16:05,0,167787.0
11762,4a5cf927-5e23-4267-926e-9463e171f71e,14/11/2015 06:16:05,0,167787.0
11763,4a5cf927-5e23-4267-926e-9463e171f71e,14/11/2015 05:16:05,0,167787.0
11764,4a5cf927-5e23-4267-926e-9463e171f71e,14/11/2015 04:16:05,0,167787.0
11765,4a5cf927-5e23-4267-926e-9463e171f71e,14/11/2015 03:16:05,1,167787.0
11766,4a5cf927-5e23-4267-926e-9463e171f71e,14/11/2015 02:16:06,15,167786.0
11767,4a5cf927-5e23-4267-926e-9463e171f71e,14/11/2015 01:16:06,0,167771.0
11768,4a5cf927-5e23-4267-926e-9463e171f71e,14/11/2015 00:16:06,0,167771.0
11769,4a5cf927-5e23-4267-926e-9463e171f71e,13/11/2015 23:16:06,0,167771.0
11770,4a5cf927-5e23-4267-926e-9463e171f71e,13/11/2015 22:16:05,12,167771.0
11771,4a5cf927-5e23-4267-926e-9463e171f71e,13/11/2015 21:16:05,0,167759.0
11772,4a5cf927-5e23-4267-926e-9463e171f71e,13/11/2015 20:16:05,5,167759.0
11773,4a5cf927-5e23-4267-926e-9463e171f71e,13/11/2015 19:16:05,2,167754.0
11774,4a5cf927-5e23-4267-926e-9463e171f71e,13/11/2015 18:16:07,0,167752.0
11775,4a5cf927-5e23-4267-926e-9463e171f71e,13/11/2015 17:16:07,4,167752.0
11776,4a5cf927-5e23-4267-926e-9463e171f71e,13/11/2015 16:16:07,0,167748.0
11777,4a5cf927-5e23-4267-926e-9463e171f71e,13/11/2015 15:16:07,13,167748.0
11778,4a5cf927-5e23-4267-926e-9463e171f71e,13/11/2015 14:16:14,10,167735.0
11779,4a5cf927-5e23-4267-926e-9463e171f71e,13/11/2015 13:16:14,39,167725.0
11780,4a5cf927-5e23-4267-926e-9463e171f71e,13/11/2015 12:16:14,70,167686.0
11781,4a5cf927-5e23-4267-926e-9463e171f71e,13/11/2015 11:16:14,26,167616.0
11782,4a5cf927-5e23-4267-926e-9463e171f71e,13/11/2015 10:16:11,8,167590.0
11783,4a5cf927-5e23-4267-926e-9463e171f71e,13/11/2015 09:16:11,0,167582.0
11784,4a5cf927-5e23-4267-926e-9463e171f71e,13/11/2015 08:16:11,0,167582.0
11785,4a5cf927-5e23-4267-926e-9463e171f71e,13/11/2015 07:16:11,0,167582.0
11786,4a5cf927-5e23-4267-926e-9463e171f71e,13/11/2015 06:16:06,0,167582.0
11787,4a5cf927-5e23-4267-926e-9463e171f71e,13/11/2015 05:16:06,0,167582.0
11788,4a5cf927-5e23-4267-926e-9463e171f71e,13/11/2015 04:16:06,0,167582.0
11789,4a5cf927-5e23-4267-926e-9463e171f71e,13/11/2015 03:16:06,0,167582.0
11790,4a5cf927-5e23-4267-926e-9463e171f71e,13/11/2015 02:16:10,0,167582.0
11791,4a5cf927-5e23-4267-926e-9463e171f71e,13/11/2015 01:16:10,4,167582.0
11792,4a5cf927-5e23-4267-926e-9463e171f71e,13/11/2015 00:16:10,0,167578.0
11793,4a5cf927-5e23-4267-926e-9463e171f71e,12/11/2015 23:16,4,167578.0
11794,4a5cf927-5e23-4267-926e-9463e171f71e,12/11/2015 22:16,3,167574.0
11795,4a5cf927-5e23-4267-926e-9463e171f71e,12/11/2015 21:16,8,167571.0
11796,4a5cf927-5e23-4267-926e-9463e171f71e,12/11/2015 20:16,0,167563.0
11797,4a5cf927-5e23-4267-926e-9463e171f71e,12/11/2015 19:16,1,167563.0
11798,4a5cf927-5e23-4267-926e-9463e171f71e,12/11/2015 18:16,0,167562.0
11799,4a5cf927-5e23-4267-926e-9463e171f71e,12/11/2015 17:16,14,167562.0
11800,4a5cf927-5e23-4267-926e-9463e171f71e,12/11/2015 16:16,12,167548.0
11801,4a5cf927-5e23-4267-926e-9463e171f71e,12/11/2015 15:16,15,167536.0
11802,4a5cf927-5e23-4267-926e-9463e171f71e,12/11/2015 14:16,55,167521.0
11803,4a5cf927-5e23-4267-926e-9463e171f71e,12/11/2015 13:16,3,167466.0
11804,4a5cf927-5e23-4267-926e-9463e171f71e,12/11/2015 12:16,16,167463.0
11805,4a5cf927-5e23-4267-926e-9463e171f71e,12/11/2015 11:16,112,167447.0
11806,4a5cf927-5e23-4267-926e-9463e171f71e,12/11/2015 10:16,22,167335.0
11807,4a5cf927-5e23-4267-926e-9463e171f71e,12/11/2015 9:16,1,167313.0
11808,4a5cf927-5e23-4267-926e-9463e171f71e,12/11/2015 8:16,0,167312.0
11809,4a5cf927-5e23-4267-926e-9463e171f71e,12/11/2015 7:16,0,167312.0
11810,4a5cf927-5e23-4267-926e-9463e171f71e,12/11/2015 6:16,0,167312.0
11811,4a5cf927-5e23-4267-926e-9463e171f71e,12/11/2015 5:16,0,167312.0
11812,4a5cf927-5e23-4267-926e-9463e171f71e,12/11/2015 4:16,0,167312.0
11813,4a5cf927-5e23-4267-926e-9463e171f71e,12/11/2015 3:16,0,167312.0
11814,4a5cf927-5e23-4267-926e-9463e171f71e,12/11/2015 2:16,0,167312.0
11815,4a5cf927-5e23-4267-926e-9463e171f71e,12/11/2015 1:16,10,167312.0
11816,4a5cf927-5e23-4267-926e-9463e171f71e,12/11/2015 0:16,18,167302.0
11817,4a5cf927-5e23-4267-926e-9463e171f71e,11/11/2015 23:16,1,167284.0
11818,4a5cf927-5e23-4267-926e-9463e171f71e,11/11/2015 22:16,0,167283.0
11819,4a5cf927-5e23-4267-926e-9463e171f71e,11/11/2015 21:16,12,167283.0
11820,4a5cf927-5e23-4267-926e-9463e171f71e,11/11/2015 20:16,0,167271.0
11821,4a5cf927-5e23-4267-926e-9463e171f71e,11/11/2015 19:16,7,167271.0
11822,4a5cf927-5e23-4267-926e-9463e171f71e,11/11/2015 18:16,2,167264.0
11823,4a5cf927-5e23-4267-926e-9463e171f71e,11/11/2015 17:16,11,167262.0
11824,4a5cf927-5e23-4267-926e-9463e171f71e,11/11/2015 16:16,9,167251.0
11825,4a5cf927-5e23-4267-926e-9463e171f71e,11/11/2015 15:16,9,167242.0
11826,4a5cf927-5e23-4267-926e-9463e171f71e,11/11/2015 14:16,3,167233.0
11827,4a5cf927-5e23-4267-926e-9463e171f71e,11/11/2015 13:16,13,167230.0
11828,4a5cf927-5e23-4267-926e-9463e171f71e,11/11/2015 12:16,27,167217.0
11829,4a5cf927-5e23-4267-926e-9463e171f71e,11/11/2015 11:16,94,167190.0
11830,4a5cf927-5e23-4267-926e-9463e171f71e,11/11/2015 10:16,17,167096.0
11831,4a5cf927-5e23-4267-926e-9463e171f71e,11/11/2015 9:16,0,167079.0
11832,4a5cf927-5e23-4267-926e-9463e171f71e,11/11/2015 8:16,7,167079.0
11833,4a5cf927-5e23-4267-926e-9463e171f71e,11/11/2015 7:16,0,167072.0
11834,4a5cf927-5e23-4267-926e-9463e171f71e,11/11/2015 6:16,0,167072.0
11835,4a5cf927-5e23-4267-926e-9463e171f71e,11/11/2015 5:16,0,167072.0
11836,4a5cf927-5e23-4267-926e-9463e171f71e,11/11/2015 4:16,0,167072.0
11837,4a5cf927-5e23-4267-926e-9463e171f71e,11/11/2015 3:16,0,167072.0
11838,4a5cf927-5e23-4267-926e-9463e171f71e,11/11/2015 2:16,0,167072.0
11839,4a5cf927-5e23-4267-926e-9463e171f71e,11/11/2015 1:16,0,167072.0
11840,4a5cf927-5e23-4267-926e-9463e171f71e,11/11/2015 0:16,3,167072.0
11841,4a5cf927-5e23-4267-926e-9463e171f71e,10/11/2015 23:16,8,167069.0
11842,4a5cf927-5e23-4267-926e-9463e171f71e,10/11/2015 22:16,6,167061.0
11843,4a5cf927-5e23-4267-926e-9463e171f71e,10/11/2015 21:16,8,167055.0
11844,4a5cf927-5e23-4267-926e-9463e171f71e,10/11/2015 20:16,0,167047.0
11845,4a5cf927-5e23-4267-926e-9463e171f71e,10/11/2015 19:16,8,167047.0
11846,4a5cf927-5e23-4267-926e-9463e171f71e,10/11/2015 18:16,9,167039.0
11847,4a5cf927-5e23-4267-926e-9463e171f71e,10/11/2015 17:16,7,167030.0
11848,4a5cf927-5e23-4267-926e-9463e171f71e,10/11/2015 16:16,4,167023.0
11849,4a5cf927-5e23-4267-926e-9463e171f71e,10/11/2015 15:16,2,167019.0
11850,4a5cf927-5e23-4267-926e-9463e171f71e,10/11/2015 14:16,50,167017.0
11851,4a5cf927-5e23-4267-926e-9463e171f71e,10/11/2015 13:16,19,166967.0
11852,4a5cf927-5e23-4267-926e-9463e171f71e,10/11/2015 12:16,95,166948.0
11853,4a5cf927-5e23-4267-926e-9463e171f71e,10/11/2015 11:16,34,166853.0
11854,4a5cf927-5e23-4267-926e-9463e171f71e,10/11/2015 10:16,0,166819.0
11855,4a5cf927-5e23-4267-926e-9463e171f71e,10/11/2015 9:16,0,166819.0
11856,4a5cf927-5e23-4267-926e-9463e171f71e,10/11/2015 8:16,0,166819.0
11857,4a5cf927-5e23-4267-926e-9463e171f71e,10/11/2015 7:16,0,166819.0
11858,4a5cf927-5e23-4267-926e-9463e171f71e,10/11/2015 6:16,0,166819.0
11859,4a5cf927-5e23-4267-926e-9463e171f71e,10/11/2015 5:16,0,166819.0
11860,4a5cf927-5e23-4267-926e-9463e171f71e,10/11/2015 4:16,0,166819.0
11861,4a5cf927-5e23-4267-926e-9463e171f71e,10/11/2015 3:16,0,166819.0
11862,4a5cf927-5e23-4267-926e-9463e171f71e,10/11/2015 2:16,0,166819.0
11863,4a5cf927-5e23-4267-926e-9463e171f71e,10/11/2015 1:16,4,166819.0
11864,4a5cf927-5e23-4267-926e-9463e171f71e,10/11/2015 0:16,9,166815.0
11865,4a5cf927-5e23-4267-926e-9463e171f71e,9/11/2015 23:16,4,166806.0
11866,4a5cf927-5e23-4267-926e-9463e171f71e,9/11/2015 22:16,7,166802.0
11867,4a5cf927-5e23-4267-926e-9463e171f71e,9/11/2015 21:16,0,166795.0
11868,4a5cf927-5e23-4267-926e-9463e171f71e,9/11/2015 20:16,0,166795.0
11869,4a5cf927-5e23-4267-926e-9463e171f71e,9/11/2015 19:16,66,166795.0
11870,4a5cf927-5e23-4267-926e-9463e171f71e,9/11/2015 14:16,0,166729.0
11871,4a5cf927-5e23-4267-926e-9463e171f71e,9/11/2015 13:16,14,166729.0
11872,4a5cf927-5e23-4267-926e-9463e171f71e,9/11/2015 12:16,12,166715.0
11873,4a5cf927-5e23-4267-926e-9463e171f71e,9/11/2015 11:16,97,166703.0
11874,4a5cf927-5e23-4267-926e-9463e171f71e,9/11/2015 10:16,7,166606.0
11875,4a5cf927-5e23-4267-926e-9463e171f71e,9/11/2015 9:16,0,166599.0
11876,4a5cf927-5e23-4267-926e-9463e171f71e,9/11/2015 8:16,0,166599.0
11877,4a5cf927-5e23-4267-926e-9463e171f71e,9/11/2015 7:16,0,166599.0
11878,4a5cf927-5e23-4267-926e-9463e171f71e,9/11/2015 2:16,0,166599.0
11879,4a5cf927-5e23-4267-926e-9463e171f71e,9/11/2015 1:16,0,166599.0
11880,4a5cf927-5e23-4267-926e-9463e171f71e,9/11/2015 0:16,2,166599.0
11881,4a5cf927-5e23-4267-926e-9463e171f71e,8/11/2015 23:16,0,166597.0
11882,4a5cf927-5e23-4267-926e-9463e171f71e,8/11/2015 22:16,6,166597.0
11883,4a5cf927-5e23-4267-926e-9463e171f71e,8/11/2015 21:16,39,166591.0
11884,4a5cf927-5e23-4267-926e-9463e171f71e,8/11/2015 20:16,7,166552.0
11885,4a5cf927-5e23-4267-926e-9463e171f71e,8/11/2015 19:16,0,166545.0
11886,4a5cf927-5e23-4267-926e-9463e171f71e,8/11/2015 18:16,0,166545.0
11887,4a5cf927-5e23-4267-926e-9463e171f71e,8/11/2015 17:16,0,166545.0
11888,4a5cf927-5e23-4267-926e-9463e171f71e,8/11/2015 16:16,0,166545.0
11889,4a5cf927-5e23-4267-926e-9463e171f71e,8/11/2015 15:16,0,166545.0
11890,4a5cf927-5e23-4267-926e-9463e171f71e,8/11/2015 14:16,0,166545.0
11891,4a5cf927-5e23-4267-926e-9463e171f71e,8/11/2015 13:16,0,166545.0
11892,4a5cf927-5e23-4267-926e-9463e171f71e,8/11/2015 12:16,0,166545.0
11893,4a5cf927-5e23-4267-926e-9463e171f71e,8/11/2015 11:16,0,166545.0
11894,4a5cf927-5e23-4267-926e-9463e171f71e,8/11/2015 10:16,0,166545.0
11895,4a5cf927-5e23-4267-926e-9463e171f71e,8/11/2015 9:16,0,166545.0
11896,4a5cf927-5e23-4267-926e-9463e171f71e,8/11/2015 8:16,0,166545.0
11897,4a5cf927-5e23-4267-926e-9463e171f71e,8/11/2015 7:16,0,166545.0
11898,4a5cf927-5e23-4267-926e-9463e171f71e,8/11/2015 6:16,0,166545.0
11899,4a5cf927-5e23-4267-926e-9463e171f71e,8/11/2015 5:16,0,166545.0
11900,4a5cf927-5e23-4267-926e-9463e171f71e,8/11/2015 4:16,0,166545.0
11901,4a5cf927-5e23-4267-926e-9463e171f71e,8/11/2015 3:16,0,166545.0
11902,4a5cf927-5e23-4267-926e-9463e171f71e,8/11/2015 2:16,0,166545.0
11903,4a5cf927-5e23-4267-926e-9463e171f71e,8/11/2015 1:16,0,166545.0
11904,4a5cf927-5e23-4267-926e-9463e171f71e,8/11/2015 0:16,0,166545.0
11905,4a5cf927-5e23-4267-926e-9463e171f71e,7/11/2015 23:16,0,166545.0
11906,4a5cf927-5e23-4267-926e-9463e171f71e,7/11/2015 22:16,0,166545.0
11907,4a5cf927-5e23-4267-926e-9463e171f71e,7/11/2015 21:16,0,166545.0
11908,4a5cf927-5e23-4267-926e-9463e171f71e,7/11/2015 20:16,0,166545.0
11909,4a5cf927-5e23-4267-926e-9463e171f71e,7/11/2015 19:16,0,166545.0
11910,4a5cf927-5e23-4267-926e-9463e171f71e,7/11/2015 18:14,0,166545.0
11911,4a5cf927-5e23-4267-926e-9463e171f71e,7/11/2015 17:14,0,166545.0
11912,4a5cf927-5e23-4267-926e-9463e171f71e,7/11/2015 16:14,0,166545.0
11913,4a5cf927-5e23-4267-926e-9463e171f71e,7/11/2015 15:14,0,166545.0
11914,4a5cf927-5e23-4267-926e-9463e171f71e,7/11/2015 14:16,0,166545.0
11915,4a5cf927-5e23-4267-926e-9463e171f71e,7/11/2015 13:16,0,166545.0
11916,4a5cf927-5e23-4267-926e-9463e171f71e,7/11/2015 12:16,0,166545.0
11917,4a5cf927-5e23-4267-926e-9463e171f71e,7/11/2015 11:16,0,166545.0
11918,4a5cf927-5e23-4267-926e-9463e171f71e,7/11/2015 10:16,0,166545.0
11919,4a5cf927-5e23-4267-926e-9463e171f71e,7/11/2015 9:16,0,166545.0
11920,4a5cf927-5e23-4267-926e-9463e171f71e,7/11/2015 8:16,78,166545.0
11921,4a5cf927-5e23-4267-926e-9463e171f71e,7/11/2015 7:16,33,166467.0
11922,4a5cf927-5e23-4267-926e-9463e171f71e,7/11/2015 6:14,0,166434.0
11923,4a5cf927-5e23-4267-926e-9463e171f71e,7/11/2015 5:14,0,166434.0
11924,4a5cf927-5e23-4267-926e-9463e171f71e,7/11/2015 4:14,0,166434.0
11925,4a5cf927-5e23-4267-926e-9463e171f71e,7/11/2015 3:14,0,166434.0
11926,4a5cf927-5e23-4267-926e-9463e171f71e,7/11/2015 2:16,0,166434.0
11927,4a5cf927-5e23-4267-926e-9463e171f71e,7/11/2015 1:16,4,166434.0
11928,4a5cf927-5e23-4267-926e-9463e171f71e,7/11/2015 0:16,3,166430.0
11929,4a5cf927-5e23-4267-926e-9463e171f71e,6/11/2015 23:16,8,166427.0
11930,4a5cf927-5e23-4267-926e-9463e171f71e,6/11/2015 22:16,9,166419.0
11931,4a5cf927-5e23-4267-926e-9463e171f71e,6/11/2015 21:16,8,166410.0
11932,4a5cf927-5e23-4267-926e-9463e171f71e,6/11/2015 20:16,0,166402.0
11933,4a5cf927-5e23-4267-926e-9463e171f71e,6/11/2015 19:16,3,166402.0
11934,4a5cf927-5e23-4267-926e-9463e171f71e,6/11/2015 18:16,0,166399.0
11935,4a5cf927-5e23-4267-926e-9463e171f71e,6/11/2015 17:16,4,166399.0
11936,4a5cf927-5e23-4267-926e-9463e171f71e,6/11/2015 16:16,11,166395.0
11937,4a5cf927-5e23-4267-926e-9463e171f71e,6/11/2015 15:16,7,166384.0
11938,4a5cf927-5e23-4267-926e-9463e171f71e,6/11/2015 14:16,1,166377.0
11939,4a5cf927-5e23-4267-926e-9463e171f71e,6/11/2015 13:16,7,166376.0
11940,4a5cf927-5e23-4267-926e-9463e171f71e,6/11/2015 12:16,0,166369.0
11941,4a5cf927-5e23-4267-926e-9463e171f71e,6/11/2015 11:16,129,166369.0
11942,4a5cf927-5e23-4267-926e-9463e171f71e,5/11/2015 22:16,4,166240.0
11943,4a5cf927-5e23-4267-926e-9463e171f71e,5/11/2015 21:16,6,166236.0
11944,4a5cf927-5e23-4267-926e-9463e171f71e,5/11/2015 20:16,3,166230.0
11945,4a5cf927-5e23-4267-926e-9463e171f71e,5/11/2015 19:16,28,166227.0
11946,4a5cf927-5e23-4267-926e-9463e171f71e,5/11/2015 14:16,0,166199.0
11947,4a5cf927-5e23-4267-926e-9463e171f71e,5/11/2015 13:16,0,166199.0
11948,4a5cf927-5e23-4267-926e-9463e171f71e,5/11/2015 12:16,0,166199.0
11949,4a5cf927-5e23-4267-926e-9463e171f71e,5/11/2015 11:16,13,166199.0
11950,4a5cf927-5e23-4267-926e-9463e171f71e,5/11/2015 10:16,60,166186.0
11951,4a5cf927-5e23-4267-926e-9463e171f71e,5/11/2015 9:16,4,166126.0
11952,4a5cf927-5e23-4267-926e-9463e171f71e,5/11/2015 8:16,88,166122.0
11953,4a5cf927-5e23-4267-926e-9463e171f71e,5/11/2015 7:16,0,166034.0
11954,4a5cf927-5e23-4267-926e-9463e171f71e,5/11/2015 6:16,0,166034.0
11955,4a5cf927-5e23-4267-926e-9463e171f71e,5/11/2015 5:16,0,166034.0
11956,4a5cf927-5e23-4267-926e-9463e171f71e,5/11/2015 4:16,0,166034.0
11957,4a5cf927-5e23-4267-926e-9463e171f71e,5/11/2015 3:16,0,166034.0
11958,4a5cf927-5e23-4267-926e-9463e171f71e,5/11/2015 2:16,1,166034.0
11959,4a5cf927-5e23-4267-926e-9463e171f71e,5/11/2015 1:16,3,166033.0
11960,4a5cf927-5e23-4267-926e-9463e171f71e,5/11/2015 0:16,4,166030.0
11961,4a5cf927-5e23-4267-926e-9463e171f71e,4/11/2015 23:16,13,166026.0
11962,4a5cf927-5e23-4267-926e-9463e171f71e,4/11/2015 22:16,0,166013.0
11963,4a5cf927-5e23-4267-926e-9463e171f71e,4/11/2015 21:16,0,166013.0
11964,4a5cf927-5e23-4267-926e-9463e171f71e,4/11/2015 20:16,0,166013.0
11965,4a5cf927-5e23-4267-926e-9463e171f71e,4/11/2015 19:16,15,166013.0
11966,4a5cf927-5e23-4267-926e-9463e171f71e,4/11/2015 18:16,1,165998.0
11967,4a5cf927-5e23-4267-926e-9463e171f71e,4/11/2015 17:16,0,165997.0
11968,4a5cf927-5e23-4267-926e-9463e171f71e,4/11/2015 16:16,3,165997.0
11969,4a5cf927-5e23-4267-926e-9463e171f71e,4/11/2015 15:16,0,165994.0
11970,4a5cf927-5e23-4267-926e-9463e171f71e,4/11/2015 14:16,13,165994.0
11971,4a5cf927-5e23-4267-926e-9463e171f71e,4/11/2015 13:16,2,165981.0
11972,4a5cf927-5e23-4267-926e-9463e171f71e,4/11/2015 12:16,0,165979.0
11973,4a5cf927-5e23-4267-926e-9463e171f71e,4/11/2015 11:16,0,165979.0
11974,4a5cf927-5e23-4267-926e-9463e171f71e,4/11/2015 10:12,2,165979.0
11975,4a5cf927-5e23-4267-926e-9463e171f71e,4/11/2015 9:12,23,165977.0
11976,4a5cf927-5e23-4267-926e-9463e171f71e,4/11/2015 8:12,98,165954.0
11977,4a5cf927-5e23-4267-926e-9463e171f71e,4/11/2015 7:12,1,165856.0
11978,4a5cf927-5e23-4267-926e-9463e171f71e,4/11/2015 6:16,0,165855.0
11979,4a5cf927-5e23-4267-926e-9463e171f71e,4/11/2015 5:16,0,165855.0
11980,4a5cf927-5e23-4267-926e-9463e171f71e,4/11/2015 4:16,0,165855.0
11981,4a5cf927-5e23-4267-926e-9463e171f71e,4/11/2015 3:16,0,165855.0
11982,4a5cf927-5e23-4267-926e-9463e171f71e,4/11/2015 2:16,0,165855.0
11983,4a5cf927-5e23-4267-926e-9463e171f71e,4/11/2015 1:16,0,165855.0
11984,4a5cf927-5e23-4267-926e-9463e171f71e,4/11/2015 0:16,21,165855.0
11985,4a5cf927-5e23-4267-926e-9463e171f71e,3/11/2015 23:16,5,165834.0
11986,4a5cf927-5e23-4267-926e-9463e171f71e,3/11/2015 18:13,0,165829.0
11987,4a5cf927-5e23-4267-926e-9463e171f71e,3/11/2015 17:13,1,165829.0
11988,4a5cf927-5e23-4267-926e-9463e171f71e,3/11/2015 16:13,8,165828.0
11989,4a5cf927-5e23-4267-926e-9463e171f71e,3/11/2015 15:13,0,165820.0
11990,4a5cf927-5e23-4267-926e-9463e171f71e,3/11/2015 14:16,0,165820.0
11991,4a5cf927-5e23-4267-926e-9463e171f71e,3/11/2015 13:16,0,165820.0
11992,4a5cf927-5e23-4267-926e-9463e171f71e,3/11/2015 12:16,0,165820.0
11993,4a5cf927-5e23-4267-926e-9463e171f71e,3/11/2015 11:16,0,165820.0
11994,4a5cf927-5e23-4267-926e-9463e171f71e,3/11/2015 10:16,0,165820.0
11995,4a5cf927-5e23-4267-926e-9463e171f71e,3/11/2015 9:16,11,165820.0
11996,4a5cf927-5e23-4267-926e-9463e171f71e,3/11/2015 8:16,87,165809.0
11997,4a5cf927-5e23-4267-926e-9463e171f71e,3/11/2015 7:16,0,165722.0
11998,4a5cf927-5e23-4267-926e-9463e171f71e,3/11/2015 6:13,0,165722.0
11999,4a5cf927-5e23-4267-926e-9463e171f71e,3/11/2015 5:13,0,165722.0
12000,4a5cf927-5e23-4267-926e-9463e171f71e,3/11/2015 4:13,0,165722.0
12001,4a5cf927-5e23-4267-926e-9463e171f71e,3/11/2015 3:13,12,165722.0
12002,4a5cf927-5e23-4267-926e-9463e171f71e,2/11/2015 22:16,0,165710.0
12003,4a5cf927-5e23-4267-926e-9463e171f71e,2/11/2015 21:16,4,165710.0
12004,4a5cf927-5e23-4267-926e-9463e171f71e,2/11/2015 20:16,4,165706.0
12005,4a5cf927-5e23-4267-926e-9463e171f71e,2/11/2015 19:16,5,165702.0
12006,4a5cf927-5e23-4267-926e-9463e171f71e,2/11/2015 18:16,0,165697.0
12007,4a5cf927-5e23-4267-926e-9463e171f71e,2/11/2015 17:16,0,165697.0
12008,4a5cf927-5e23-4267-926e-9463e171f71e,2/11/2015 16:16,0,165697.0
12009,4a5cf927-5e23-4267-926e-9463e171f71e,2/11/2015 15:16,0,165697.0
12010,4a5cf927-5e23-4267-926e-9463e171f71e,2/11/2015 14:16,0,165697.0
12011,4a5cf927-5e23-4267-926e-9463e171f71e,2/11/2015 13:16,0,165697.0
12012,4a5cf927-5e23-4267-926e-9463e171f71e,2/11/2015 12:16,0,165697.0
12013,4a5cf927-5e23-4267-926e-9463e171f71e,2/11/2015 11:16,0,165697.0
12014,4a5cf927-5e23-4267-926e-9463e171f71e,2/11/2015 10:16,0,165697.0
12015,4a5cf927-5e23-4267-926e-9463e171f71e,2/11/2015 9:16,7,165697.0
12016,4a5cf927-5e23-4267-926e-9463e171f71e,2/11/2015 8:16,78,165690.0
12017,4a5cf927-5e23-4267-926e-9463e171f71e,2/11/2015 7:16,0,165612.0
12018,4a5cf927-5e23-4267-926e-9463e171f71e,2/11/2015 6:16,0,165612.0
12019,4a5cf927-5e23-4267-926e-9463e171f71e,2/11/2015 5:16,0,165612.0
12020,4a5cf927-5e23-4267-926e-9463e171f71e,2/11/2015 4:16,0,165612.0
12021,4a5cf927-5e23-4267-926e-9463e171f71e,2/11/2015 3:16,0,165612.0
12022,4a5cf927-5e23-4267-926e-9463e171f71e,2/11/2015 2:16,0,165612.0
12023,4a5cf927-5e23-4267-926e-9463e171f71e,2/11/2015 1:16,0,165612.0
12024,4a5cf927-5e23-4267-926e-9463e171f71e,2/11/2015 0:16,0,165612.0
12025,4a5cf927-5e23-4267-926e-9463e171f71e,1/11/2015 23:16,0,165612.0
12026,4a5cf927-5e23-4267-926e-9463e171f71e,1/11/2015 22:16,21,165612.0
12027,4a5cf927-5e23-4267-926e-9463e171f71e,1/11/2015 21:16,0,165591.0
12028,4a5cf927-5e23-4267-926e-9463e171f71e,1/11/2015 20:16,0,165591.0
12029,4a5cf927-5e23-4267-926e-9463e171f71e,1/11/2015 19:16,0,165591.0
12030,4a5cf927-5e23-4267-926e-9463e171f71e,1/11/2015 18:16,0,165591.0
12031,4a5cf927-5e23-4267-926e-9463e171f71e,1/11/2015 17:16,15,165591.0
12032,4a5cf927-5e23-4267-926e-9463e171f71e,1/11/2015 16:16,1,165576.0
12033,4a5cf927-5e23-4267-926e-9463e171f71e,1/11/2015 15:16,0,165575.0
12034,4a5cf927-5e23-4267-926e-9463e171f71e,1/11/2015 14:16,0,165575.0
12035,4a5cf927-5e23-4267-926e-9463e171f71e,1/11/2015 13:16,0,165575.0
12036,4a5cf927-5e23-4267-926e-9463e171f71e,1/11/2015 12:16,0,165575.0
12037,4a5cf927-5e23-4267-926e-9463e171f71e,1/11/2015 11:16,13,165575.0
12038,4a5cf927-5e23-4267-926e-9463e171f71e,1/11/2015 10:16,63,165562.0
12039,4a5cf927-5e23-4267-926e-9463e171f71e,1/11/2015 9:16,19,165499.0
12040,4a5cf927-5e23-4267-926e-9463e171f71e,1/11/2015 8:16,18,165480.0
12041,4a5cf927-5e23-4267-926e-9463e171f71e,1/11/2015 7:16,0,165462.0
12042,4a5cf927-5e23-4267-926e-9463e171f71e,1/11/2015 6:16,0,165462.0
12043,4a5cf927-5e23-4267-926e-9463e171f71e,1/11/2015 5:16,0,165462.0
12044,4a5cf927-5e23-4267-926e-9463e171f71e,1/11/2015 4:16,0,165462.0
12045,4a5cf927-5e23-4267-926e-9463e171f71e,1/11/2015 3:16,0,165462.0
12046,4a5cf927-5e23-4267-926e-9463e171f71e,1/11/2015 2:16,0,165462.0
12047,4a5cf927-5e23-4267-926e-9463e171f71e,1/11/2015 1:16,0,165462.0
12048,4a5cf927-5e23-4267-926e-9463e171f71e,1/11/2015 0:16,17,165462.0
12049,4a5cf927-5e23-4267-926e-9463e171f71e,31/10/2015 23:16:38,15,165445.0
12050,4a5cf927-5e23-4267-926e-9463e171f71e,31/10/2015 22:16:38,0,165430.0
12051,4a5cf927-5e23-4267-926e-9463e171f71e,31/10/2015 21:16:38,0,165430.0
12052,4a5cf927-5e23-4267-926e-9463e171f71e,31/10/2015 20:16:38,0,165430.0
12053,4a5cf927-5e23-4267-926e-9463e171f71e,31/10/2015 19:16:38,0,165430.0
12054,4a5cf927-5e23-4267-926e-9463e171f71e,31/10/2015 18:16:39,0,165430.0
12055,4a5cf927-5e23-4267-926e-9463e171f71e,31/10/2015 17:16:39,7,165430.0
12056,4a5cf927-5e23-4267-926e-9463e171f71e,31/10/2015 16:16:39,15,165423.0
12057,4a5cf927-5e23-4267-926e-9463e171f71e,31/10/2015 15:16:39,17,165408.0
12058,4a5cf927-5e23-4267-926e-9463e171f71e,31/10/2015 14:16:38,8,165391.0
12059,4a5cf927-5e23-4267-926e-9463e171f71e,31/10/2015 13:16:38,4,165383.0
12060,4a5cf927-5e23-4267-926e-9463e171f71e,31/10/2015 12:16:38,69,165379.0
12061,4a5cf927-5e23-4267-926e-9463e171f71e,31/10/2015 11:16:38,52,165310.0
12062,4a5cf927-5e23-4267-926e-9463e171f71e,31/10/2015 10:16:40,87,165258.0
12063,4a5cf927-5e23-4267-926e-9463e171f71e,31/10/2015 09:16:40,7,165171.0
12064,4a5cf927-5e23-4267-926e-9463e171f71e,31/10/2015 08:16:40,0,165164.0
12065,4a5cf927-5e23-4267-926e-9463e171f71e,31/10/2015 07:16:40,0,165164.0
12066,4a5cf927-5e23-4267-926e-9463e171f71e,31/10/2015 06:16:38,0,165164.0
12067,4a5cf927-5e23-4267-926e-9463e171f71e,31/10/2015 05:16:38,0,165164.0
12068,4a5cf927-5e23-4267-926e-9463e171f71e,31/10/2015 04:16:38,0,165164.0
12069,4a5cf927-5e23-4267-926e-9463e171f71e,31/10/2015 03:16:38,95,165164.0
12070,4a5cf927-5e23-4267-926e-9463e171f71e,30/10/2015 14:16:40,0,165069.0
12071,4a5cf927-5e23-4267-926e-9463e171f71e,30/10/2015 13:16:40,0,165069.0
12072,4a5cf927-5e23-4267-926e-9463e171f71e,30/10/2015 12:16:40,11,165069.0
12073,4a5cf927-5e23-4267-926e-9463e171f71e,30/10/2015 11:16:40,106,165058.0
12074,4a5cf927-5e23-4267-926e-9463e171f71e,30/10/2015 06:16:41,0,164952.0
12075,4a5cf927-5e23-4267-926e-9463e171f71e,30/10/2015 05:16:41,0,164952.0
12076,4a5cf927-5e23-4267-926e-9463e171f71e,30/10/2015 04:16:41,0,164952.0
12077,4a5cf927-5e23-4267-926e-9463e171f71e,30/10/2015 03:16:41,0,164952.0
12078,4a5cf927-5e23-4267-926e-9463e171f71e,30/10/2015 02:16:43,0,164952.0
12079,4a5cf927-5e23-4267-926e-9463e171f71e,30/10/2015 01:16:43,0,164952.0
12080,4a5cf927-5e23-4267-926e-9463e171f71e,30/10/2015 00:16:43,0,164952.0
12081,4a5cf927-5e23-4267-926e-9463e171f71e,29/10/2015 23:16:43,11,164952.0
12082,4a5cf927-5e23-4267-926e-9463e171f71e,29/10/2015 22:16:41,0,164941.0
12083,4a5cf927-5e23-4267-926e-9463e171f71e,29/10/2015 21:16:41,11,164941.0
12084,4a5cf927-5e23-4267-926e-9463e171f71e,29/10/2015 20:16:41,0,164930.0
12085,4a5cf927-5e23-4267-926e-9463e171f71e,29/10/2015 19:16:41,0,164930.0
12086,4a5cf927-5e23-4267-926e-9463e171f71e,29/10/2015 18:16:49,0,164930.0
12087,4a5cf927-5e23-4267-926e-9463e171f71e,29/10/2015 17:16:49,10,164930.0
12088,4a5cf927-5e23-4267-926e-9463e171f71e,29/10/2015 16:16:49,10,164920.0
12089,4a5cf927-5e23-4267-926e-9463e171f71e,29/10/2015 15:16:49,15,164910.0
12090,4a5cf927-5e23-4267-926e-9463e171f71e,29/10/2015 14:16:42,0,164895.0
12091,4a5cf927-5e23-4267-926e-9463e171f71e,29/10/2015 13:16:42,0,164895.0
12092,4a5cf927-5e23-4267-926e-9463e171f71e,29/10/2015 12:16:42,2,164895.0
12093,4a5cf927-5e23-4267-926e-9463e171f71e,29/10/2015 11:16:42,113,164893.0
12094,4a5cf927-5e23-4267-926e-9463e171f71e,29/10/2015 10:16:44,90,164780.0
12095,4a5cf927-5e23-4267-926e-9463e171f71e,29/10/2015 09:16:44,6,164690.0
12096,4a5cf927-5e23-4267-926e-9463e171f71e,29/10/2015 08:16:44,0,164684.0
12097,4a5cf927-5e23-4267-926e-9463e171f71e,29/10/2015 07:16:44,0,164684.0
12098,4a5cf927-5e23-4267-926e-9463e171f71e,29/10/2015 06:16:42,0,164684.0
12099,4a5cf927-5e23-4267-926e-9463e171f71e,29/10/2015 05:16:42,0,164684.0
12100,4a5cf927-5e23-4267-926e-9463e171f71e,29/10/2015 04:16:42,0,164684.0
12101,4a5cf927-5e23-4267-926e-9463e171f71e,29/10/2015 03:16:42,0,164684.0
12102,4a5cf927-5e23-4267-926e-9463e171f71e,29/10/2015 02:16:46,0,164684.0
12103,4a5cf927-5e23-4267-926e-9463e171f71e,29/10/2015 01:16:46,0,164684.0
12104,4a5cf927-5e23-4267-926e-9463e171f71e,29/10/2015 00:16:46,5,164684.0
12105,4a5cf927-5e23-4267-926e-9463e171f71e,28/10/2015 23:16:46,6,164679.0
12106,4a5cf927-5e23-4267-926e-9463e171f71e,28/10/2015 22:16:43,12,164673.0
12107,4a5cf927-5e23-4267-926e-9463e171f71e,28/10/2015 21:16:43,10,164661.0
12108,4a5cf927-5e23-4267-926e-9463e171f71e,28/10/2015 20:16:43,0,164651.0
12109,4a5cf927-5e23-4267-926e-9463e171f71e,28/10/2015 19:16:43,3,164651.0
12110,4a5cf927-5e23-4267-926e-9463e171f71e,28/10/2015 18:16:46,7,164648.0
12111,4a5cf927-5e23-4267-926e-9463e171f71e,28/10/2015 17:16:46,13,164641.0
12112,4a5cf927-5e23-4267-926e-9463e171f71e,28/10/2015 16:16:46,21,164628.0
12113,4a5cf927-5e23-4267-926e-9463e171f71e,28/10/2015 15:16:46,12,164607.0
12114,4a5cf927-5e23-4267-926e-9463e171f71e,28/10/2015 14:16:45,37,164595.0
12115,4a5cf927-5e23-4267-926e-9463e171f71e,28/10/2015 13:16:45,34,164558.0
12116,4a5cf927-5e23-4267-926e-9463e171f71e,28/10/2015 12:16:45,8,164524.0
12117,4a5cf927-5e23-4267-926e-9463e171f71e,28/10/2015 11:16:45,34,164516.0
12118,4a5cf927-5e23-4267-926e-9463e171f71e,28/10/2015 10:16:49,113,164482.0
12119,4a5cf927-5e23-4267-926e-9463e171f71e,28/10/2015 09:16:49,7,164369.0
12120,4a5cf927-5e23-4267-926e-9463e171f71e,28/10/2015 08:16:49,5,164362.0
12121,4a5cf927-5e23-4267-926e-9463e171f71e,28/10/2015 07:16:49,0,164357.0
12122,4a5cf927-5e23-4267-926e-9463e171f71e,28/10/2015 06:16:46,0,164357.0
12123,4a5cf927-5e23-4267-926e-9463e171f71e,28/10/2015 05:16:46,0,164357.0
12124,4a5cf927-5e23-4267-926e-9463e171f71e,28/10/2015 04:16:46,0,164357.0
12125,4a5cf927-5e23-4267-926e-9463e171f71e,28/10/2015 03:16:46,0,164357.0
12126,4a5cf927-5e23-4267-926e-9463e171f71e,28/10/2015 02:16:47,4,164357.0
12127,4a5cf927-5e23-4267-926e-9463e171f71e,28/10/2015 01:16:47,0,164353.0
12128,4a5cf927-5e23-4267-926e-9463e171f71e,28/10/2015 00:16:47,6,164353.0
12129,4a5cf927-5e23-4267-926e-9463e171f71e,27/10/2015 23:16:47,3,164347.0
12130,4a5cf927-5e23-4267-926e-9463e171f71e,27/10/2015 22:16:46,3,164344.0
12131,4a5cf927-5e23-4267-926e-9463e171f71e,27/10/2015 21:16:46,13,164341.0
12132,4a5cf927-5e23-4267-926e-9463e171f71e,27/10/2015 20:16:46,0,164328.0
12133,4a5cf927-5e23-4267-926e-9463e171f71e,27/10/2015 19:16:46,8,164328.0
12134,4a5cf927-5e23-4267-926e-9463e171f71e,27/10/2015 18:16:47,0,164320.0
12135,4a5cf927-5e23-4267-926e-9463e171f71e,27/10/2015 17:16:47,4,164320.0
12136,4a5cf927-5e23-4267-926e-9463e171f71e,27/10/2015 16:16:47,35,164316.0
12137,4a5cf927-5e23-4267-926e-9463e171f71e,27/10/2015 15:16:47,6,164281.0
12138,4a5cf927-5e23-4267-926e-9463e171f71e,27/10/2015 14:16:51,39,164275.0
12139,4a5cf927-5e23-4267-926e-9463e171f71e,27/10/2015 13:16:51,56,164236.0
12140,4a5cf927-5e23-4267-926e-9463e171f71e,27/10/2015 12:16:51,122,164180.0
12141,4a5cf927-5e23-4267-926e-9463e171f71e,27/10/2015 11:16:51,17,164058.0
12142,4a5cf927-5e23-4267-926e-9463e171f71e,27/10/2015 10:16:49,0,164041.0
12143,4a5cf927-5e23-4267-926e-9463e171f71e,27/10/2015 09:16:49,12,164041.0
12144,4a5cf927-5e23-4267-926e-9463e171f71e,27/10/2015 08:16:49,0,164029.0
12145,4a5cf927-5e23-4267-926e-9463e171f71e,27/10/2015 07:16:49,1,164029.0
12146,4a5cf927-5e23-4267-926e-9463e171f71e,27/10/2015 06:16:47,0,164028.0
12147,4a5cf927-5e23-4267-926e-9463e171f71e,27/10/2015 05:16:47,0,164028.0
12148,4a5cf927-5e23-4267-926e-9463e171f71e,27/10/2015 04:16:47,0,164028.0
12149,4a5cf927-5e23-4267-926e-9463e171f71e,27/10/2015 03:16:47,0,164028.0
12150,4a5cf927-5e23-4267-926e-9463e171f71e,27/10/2015 02:16:49,0,164028.0
12151,4a5cf927-5e23-4267-926e-9463e171f71e,27/10/2015 01:16:49,3,164028.0
12152,4a5cf927-5e23-4267-926e-9463e171f71e,27/10/2015 00:16:49,4,164025.0
12153,4a5cf927-5e23-4267-926e-9463e171f71e,26/10/2015 23:16:49,7,164021.0
12154,4a5cf927-5e23-4267-926e-9463e171f71e,26/10/2015 22:16:48,21,164014.0
12155,4a5cf927-5e23-4267-926e-9463e171f71e,26/10/2015 21:16:48,13,163993.0
12156,4a5cf927-5e23-4267-926e-9463e171f71e,26/10/2015 20:16:48,0,163980.0
12157,4a5cf927-5e23-4267-926e-9463e171f71e,26/10/2015 19:16:48,0,163980.0
12158,4a5cf927-5e23-4267-926e-9463e171f71e,26/10/2015 18:16:49,7,163980.0
12159,4a5cf927-5e23-4267-926e-9463e171f71e,26/10/2015 17:16:49,0,163973.0
12160,4a5cf927-5e23-4267-926e-9463e171f71e,26/10/2015 16:16:49,41,163973.0
12161,4a5cf927-5e23-4267-926e-9463e171f71e,26/10/2015 15:16:49,11,163932.0
12162,4a5cf927-5e23-4267-926e-9463e171f71e,26/10/2015 14:16:52,0,163921.0
12163,4a5cf927-5e23-4267-926e-9463e171f71e,26/10/2015 13:16:52,0,163921.0
12164,4a5cf927-5e23-4267-926e-9463e171f71e,26/10/2015 12:16:52,26,163921.0
12165,4a5cf927-5e23-4267-926e-9463e171f71e,26/10/2015 11:16:52,114,163895.0
12166,4a5cf927-5e23-4267-926e-9463e171f71e,26/10/2015 10:17:06,12,163781.0
12167,4a5cf927-5e23-4267-926e-9463e171f71e,26/10/2015 09:17:06,0,163769.0
12168,4a5cf927-5e23-4267-926e-9463e171f71e,26/10/2015 08:17:06,0,163769.0
12169,4a5cf927-5e23-4267-926e-9463e171f71e,26/10/2015 07:17:06,0,163769.0
12170,4a5cf927-5e23-4267-926e-9463e171f71e,26/10/2015 06:16:51,0,163769.0
12171,4a5cf927-5e23-4267-926e-9463e171f71e,26/10/2015 05:16:51,0,163769.0
12172,4a5cf927-5e23-4267-926e-9463e171f71e,26/10/2015 04:16:51,0,163769.0
12173,4a5cf927-5e23-4267-926e-9463e171f71e,26/10/2015 03:16:51,0,163769.0
12174,4a5cf927-5e23-4267-926e-9463e171f71e,26/10/2015 02:16:51,0,163769.0
12175,4a5cf927-5e23-4267-926e-9463e171f71e,26/10/2015 01:16:51,5,163769.0
12176,4a5cf927-5e23-4267-926e-9463e171f71e,26/10/2015 00:16:51,3,163764.0
12177,4a5cf927-5e23-4267-926e-9463e171f71e,25/10/2015 23:16:51,0,163761.0
12178,4a5cf927-5e23-4267-926e-9463e171f71e,25/10/2015 22:16:51,3,163761.0
12179,4a5cf927-5e23-4267-926e-9463e171f71e,25/10/2015 21:16:51,8,163758.0
12180,4a5cf927-5e23-4267-926e-9463e171f71e,25/10/2015 20:16:51,0,163750.0
12181,4a5cf927-5e23-4267-926e-9463e171f71e,25/10/2015 19:16:51,0,163750.0
12182,4a5cf927-5e23-4267-926e-9463e171f71e,25/10/2015 18:16:52,0,163750.0
12183,4a5cf927-5e23-4267-926e-9463e171f71e,25/10/2015 17:16:52,0,163750.0
12184,4a5cf927-5e23-4267-926e-9463e171f71e,25/10/2015 16:16:52,0,163750.0
12185,4a5cf927-5e23-4267-926e-9463e171f71e,25/10/2015 15:16:52,0,163750.0
12186,4a5cf927-5e23-4267-926e-9463e171f71e,25/10/2015 14:16:54,0,163750.0
12187,4a5cf927-5e23-4267-926e-9463e171f71e,25/10/2015 13:16:54,0,163750.0
12188,4a5cf927-5e23-4267-926e-9463e171f71e,25/10/2015 12:16:54,92,163750.0
12189,4a5cf927-5e23-4267-926e-9463e171f71e,25/10/2015 11:16:54,12,163658.0
12190,4a5cf927-5e23-4267-926e-9463e171f71e,25/10/2015 10:16:54,17,163646.0
12191,4a5cf927-5e23-4267-926e-9463e171f71e,25/10/2015 09:16:54,6,163629.0
12192,4a5cf927-5e23-4267-926e-9463e171f71e,25/10/2015 08:16:54,0,163623.0
12193,4a5cf927-5e23-4267-926e-9463e171f71e,25/10/2015 07:16:54,0,163623.0
12194,4a5cf927-5e23-4267-926e-9463e171f71e,25/10/2015 06:16:55,0,163623.0
12195,4a5cf927-5e23-4267-926e-9463e171f71e,25/10/2015 05:16:55,0,163623.0
12196,4a5cf927-5e23-4267-926e-9463e171f71e,25/10/2015 04:16:55,0,163623.0
12197,4a5cf927-5e23-4267-926e-9463e171f71e,25/10/2015 03:16:55,0,163623.0
12198,4a5cf927-5e23-4267-926e-9463e171f71e,25/10/2015 02:16:55,0,163623.0
12199,4a5cf927-5e23-4267-926e-9463e171f71e,25/10/2015 02:16:55,0,163623.0
12200,4a5cf927-5e23-4267-926e-9463e171f71e,25/10/2015 01:16:55,4,163623.0
12201,4a5cf927-5e23-4267-926e-9463e171f71e,25/10/2015 00:16:55,20,163619.0
12202,4a5cf927-5e23-4267-926e-9463e171f71e,24/10/2015 23:16:54,13,163599.0
12203,4a5cf927-5e23-4267-926e-9463e171f71e,24/10/2015 22:16:54,0,163586.0
12204,4a5cf927-5e23-4267-926e-9463e171f71e,24/10/2015 21:16:54,0,163586.0
12205,4a5cf927-5e23-4267-926e-9463e171f71e,24/10/2015 20:16:54,0,163586.0
12206,4a5cf927-5e23-4267-926e-9463e171f71e,24/10/2015 19:16:56,0,163586.0
12207,4a5cf927-5e23-4267-926e-9463e171f71e,24/10/2015 18:16:56,4,163586.0
12208,4a5cf927-5e23-4267-926e-9463e171f71e,24/10/2015 17:16:56,0,163582.0
12209,4a5cf927-5e23-4267-926e-9463e171f71e,24/10/2015 16:16:56,8,163582.0
12210,4a5cf927-5e23-4267-926e-9463e171f71e,24/10/2015 15:16:54,9,163574.0
12211,4a5cf927-5e23-4267-926e-9463e171f71e,24/10/2015 14:16:54,13,163565.0
12212,4a5cf927-5e23-4267-926e-9463e171f71e,24/10/2015 13:16:54,0,163552.0
12213,4a5cf927-5e23-4267-926e-9463e171f71e,24/10/2015 12:16:54,7,163552.0
12214,4a5cf927-5e23-4267-926e-9463e171f71e,24/10/2015 11:16:56,186,163545.0
12215,4a5cf927-5e23-4267-926e-9463e171f71e,24/10/2015 10:16:56,5,163359.0
12216,4a5cf927-5e23-4267-926e-9463e171f71e,24/10/2015 09:16:56,2,163354.0
12217,4a5cf927-5e23-4267-926e-9463e171f71e,24/10/2015 08:16:56,0,163352.0
12218,4a5cf927-5e23-4267-926e-9463e171f71e,24/10/2015 07:16:59,0,163352.0
12219,4a5cf927-5e23-4267-926e-9463e171f71e,24/10/2015 06:16:59,0,163352.0
12220,4a5cf927-5e23-4267-926e-9463e171f71e,24/10/2015 05:16:59,0,163352.0
12221,4a5cf927-5e23-4267-926e-9463e171f71e,24/10/2015 04:16:59,0,163352.0
12222,4a5cf927-5e23-4267-926e-9463e171f71e,24/10/2015 03:16:57,0,163352.0
12223,4a5cf927-5e23-4267-926e-9463e171f71e,24/10/2015 02:16:57,0,163352.0
12224,4a5cf927-5e23-4267-926e-9463e171f71e,24/10/2015 01:16:57,4,163352.0
12225,4a5cf927-5e23-4267-926e-9463e171f71e,24/10/2015 00:16:57,3,163348.0
12226,4a5cf927-5e23-4267-926e-9463e171f71e,23/10/2015 23:16:55,10,163345.0
12227,4a5cf927-5e23-4267-926e-9463e171f71e,23/10/2015 22:16:55,4,163335.0
12228,4a5cf927-5e23-4267-926e-9463e171f71e,23/10/2015 21:16:55,4,163331.0
12229,4a5cf927-5e23-4267-926e-9463e171f71e,23/10/2015 20:16:55,0,163327.0
12230,4a5cf927-5e23-4267-926e-9463e171f71e,23/10/2015 19:17:02,3,163327.0
12231,4a5cf927-5e23-4267-926e-9463e171f71e,23/10/2015 18:17:02,7,163324.0
12232,4a5cf927-5e23-4267-926e-9463e171f71e,23/10/2015 17:17:02,4,163317.0
12233,4a5cf927-5e23-4267-926e-9463e171f71e,23/10/2015 16:17:02,10,163313.0
12234,4a5cf927-5e23-4267-926e-9463e171f71e,23/10/2015 15:16:57,5,163303.0
12235,4a5cf927-5e23-4267-926e-9463e171f71e,23/10/2015 14:16:57,10,163298.0
12236,4a5cf927-5e23-4267-926e-9463e171f71e,23/10/2015 13:16:57,0,163288.0
12237,4a5cf927-5e23-4267-926e-9463e171f71e,23/10/2015 12:16:57,80,163288.0
12238,4a5cf927-5e23-4267-926e-9463e171f71e,23/10/2015 11:16:59,14,163208.0
12239,4a5cf927-5e23-4267-926e-9463e171f71e,23/10/2015 10:16:59,20,163194.0
12240,4a5cf927-5e23-4267-926e-9463e171f71e,23/10/2015 09:16:59,14,163174.0
12241,4a5cf927-5e23-4267-926e-9463e171f71e,23/10/2015 08:16:59,0,163160.0
12242,4a5cf927-5e23-4267-926e-9463e171f71e,23/10/2015 07:16:58,0,163160.0
12243,4a5cf927-5e23-4267-926e-9463e171f71e,23/10/2015 06:16:58,0,163160.0
12244,4a5cf927-5e23-4267-926e-9463e171f71e,23/10/2015 05:16:58,0,163160.0
12245,4a5cf927-5e23-4267-926e-9463e171f71e,23/10/2015 04:16:58,0,163160.0
12246,4a5cf927-5e23-4267-926e-9463e171f71e,23/10/2015 03:17:07,0,163160.0
12247,4a5cf927-5e23-4267-926e-9463e171f71e,23/10/2015 02:17:07,0,163160.0
12248,4a5cf927-5e23-4267-926e-9463e171f71e,23/10/2015 01:17:07,9,163160.0
12249,4a5cf927-5e23-4267-926e-9463e171f71e,23/10/2015 00:17:07,7,163151.0
12250,4a5cf927-5e23-4267-926e-9463e171f71e,22/10/2015 23:16:57,8,163144.0
12251,4a5cf927-5e23-4267-926e-9463e171f71e,22/10/2015 22:16:57,23,163136.0
12252,4a5cf927-5e23-4267-926e-9463e171f71e,22/10/2015 21:16:57,8,163113.0
12253,4a5cf927-5e23-4267-926e-9463e171f71e,22/10/2015 20:16:57,17,163105.0
12254,4a5cf927-5e23-4267-926e-9463e171f71e,22/10/2015 19:16:59,43,163088.0
12255,4a5cf927-5e23-4267-926e-9463e171f71e,22/10/2015 18:16:59,1,163045.0
12256,4a5cf927-5e23-4267-926e-9463e171f71e,22/10/2015 17:16:59,13,163044.0
12257,4a5cf927-5e23-4267-926e-9463e171f71e,22/10/2015 16:16:59,10,163031.0
12258,4a5cf927-5e23-4267-926e-9463e171f71e,22/10/2015 15:17:00,9,163021.0
12259,4a5cf927-5e23-4267-926e-9463e171f71e,22/10/2015 14:17:00,0,163012.0
12260,4a5cf927-5e23-4267-926e-9463e171f71e,22/10/2015 13:17:00,0,163012.0
12261,4a5cf927-5e23-4267-926e-9463e171f71e,22/10/2015 12:17:00,93,163012.0
12262,4a5cf927-5e23-4267-926e-9463e171f71e,22/10/2015 11:17:07,70,162919.0
12263,4a5cf927-5e23-4267-926e-9463e171f71e,22/10/2015 10:17:07,13,162849.0
12264,4a5cf927-5e23-4267-926e-9463e171f71e,22/10/2015 09:17:07,5,162836.0
12265,4a5cf927-5e23-4267-926e-9463e171f71e,22/10/2015 08:17:07,1,162831.0
12266,4a5cf927-5e23-4267-926e-9463e171f71e,22/10/2015 03:17:02,0,162830.0
12267,4a5cf927-5e23-4267-926e-9463e171f71e,22/10/2015 02:17:02,0,162830.0
12268,4a5cf927-5e23-4267-926e-9463e171f71e,22/10/2015 01:17:02,0,162830.0
12269,4a5cf927-5e23-4267-926e-9463e171f71e,22/10/2015 00:17:02,3,162830.0
12270,4a5cf927-5e23-4267-926e-9463e171f71e,21/10/2015 23:17:01,7,162827.0
12271,4a5cf927-5e23-4267-926e-9463e171f71e,21/10/2015 22:17:01,16,162820.0
12272,4a5cf927-5e23-4267-926e-9463e171f71e,21/10/2015 21:17:01,8,162804.0
12273,4a5cf927-5e23-4267-926e-9463e171f71e,21/10/2015 20:17:01,2,162796.0
12274,4a5cf927-5e23-4267-926e-9463e171f71e,21/10/2015 19:17:02,7,162794.0
12275,4a5cf927-5e23-4267-926e-9463e171f71e,21/10/2015 18:17:02,1,162787.0
12276,4a5cf927-5e23-4267-926e-9463e171f71e,21/10/2015 17:17:02,18,162786.0
12277,4a5cf927-5e23-4267-926e-9463e171f71e,21/10/2015 16:17:02,11,162768.0
12278,4a5cf927-5e23-4267-926e-9463e171f71e,21/10/2015 15:17:01,0,162757.0
12279,4a5cf927-5e23-4267-926e-9463e171f71e,21/10/2015 14:17:01,1,162757.0
12280,4a5cf927-5e23-4267-926e-9463e171f71e,21/10/2015 13:17:01,21,162756.0
12281,4a5cf927-5e23-4267-926e-9463e171f71e,21/10/2015 12:17:01,94,162735.0
12282,4a5cf927-5e23-4267-926e-9463e171f71e,21/10/2015 11:17:03,7,162641.0
12283,4a5cf927-5e23-4267-926e-9463e171f71e,21/10/2015 10:17:03,44,162634.0
12284,4a5cf927-5e23-4267-926e-9463e171f71e,21/10/2015 09:17:03,0,162590.0
12285,4a5cf927-5e23-4267-926e-9463e171f71e,21/10/2015 08:17:03,0,162590.0
12286,4a5cf927-5e23-4267-926e-9463e171f71e,21/10/2015 07:17:02,0,162590.0
12287,4a5cf927-5e23-4267-926e-9463e171f71e,21/10/2015 06:17:02,0,162590.0
12288,4a5cf927-5e23-4267-926e-9463e171f71e,21/10/2015 05:17:02,0,162590.0
12289,4a5cf927-5e23-4267-926e-9463e171f71e,21/10/2015 04:17:02,0,162590.0
12290,4a5cf927-5e23-4267-926e-9463e171f71e,21/10/2015 03:17:05,0,162590.0
12291,4a5cf927-5e23-4267-926e-9463e171f71e,21/10/2015 02:17:05,0,162590.0
12292,4a5cf927-5e23-4267-926e-9463e171f71e,21/10/2015 01:17:05,0,162590.0
12293,4a5cf927-5e23-4267-926e-9463e171f71e,21/10/2015 00:17:05,5,162590.0
12294,4a5cf927-5e23-4267-926e-9463e171f71e,20/10/2015 23:17:03,4,162585.0
12295,4a5cf927-5e23-4267-926e-9463e171f71e,20/10/2015 22:17:03,20,162581.0
12296,4a5cf927-5e23-4267-926e-9463e171f71e,20/10/2015 21:17:03,5,162561.0
12297,4a5cf927-5e23-4267-926e-9463e171f71e,20/10/2015 20:17:03,0,162556.0
12298,4a5cf927-5e23-4267-926e-9463e171f71e,20/10/2015 19:17:04,9,162556.0
12299,4a5cf927-5e23-4267-926e-9463e171f71e,20/10/2015 18:17:04,0,162547.0
12300,4a5cf927-5e23-4267-926e-9463e171f71e,20/10/2015 17:17:04,4,162547.0
12301,4a5cf927-5e23-4267-926e-9463e171f71e,20/10/2015 16:17:04,22,162543.0
12302,4a5cf927-5e23-4267-926e-9463e171f71e,20/10/2015 15:17:04,4,162521.0
12303,4a5cf927-5e23-4267-926e-9463e171f71e,20/10/2015 14:17:04,57,162517.0
12304,4a5cf927-5e23-4267-926e-9463e171f71e,20/10/2015 13:17:04,16,162460.0
12305,4a5cf927-5e23-4267-926e-9463e171f71e,20/10/2015 12:17:04,88,162444.0
12306,4a5cf927-5e23-4267-926e-9463e171f71e,20/10/2015 11:17:05,26,162356.0
12307,4a5cf927-5e23-4267-926e-9463e171f71e,20/10/2015 10:17:05,14,162330.0
12308,4a5cf927-5e23-4267-926e-9463e171f71e,20/10/2015 09:17:05,0,162316.0
12309,4a5cf927-5e23-4267-926e-9463e171f71e,20/10/2015 08:17:05,0,162316.0
12310,4a5cf927-5e23-4267-926e-9463e171f71e,20/10/2015 07:17:05,0,162316.0
12311,4a5cf927-5e23-4267-926e-9463e171f71e,20/10/2015 06:17:05,0,162316.0
12312,4a5cf927-5e23-4267-926e-9463e171f71e,20/10/2015 05:17:05,0,162316.0
12313,4a5cf927-5e23-4267-926e-9463e171f71e,20/10/2015 04:17:05,0,162316.0
12314,4a5cf927-5e23-4267-926e-9463e171f71e,20/10/2015 03:17:05,0,162316.0
12315,4a5cf927-5e23-4267-926e-9463e171f71e,20/10/2015 02:17:05,0,162316.0
12316,4a5cf927-5e23-4267-926e-9463e171f71e,20/10/2015 01:17:05,3,162316.0
12317,4a5cf927-5e23-4267-926e-9463e171f71e,20/10/2015 00:17:05,1,162313.0
12318,4a5cf927-5e23-4267-926e-9463e171f71e,19/10/2015 23:17:06,0,162312.0
12319,4a5cf927-5e23-4267-926e-9463e171f71e,19/10/2015 22:17:06,13,162312.0
12320,4a5cf927-5e23-4267-926e-9463e171f71e,19/10/2015 21:17:06,6,162299.0
12321,4a5cf927-5e23-4267-926e-9463e171f71e,19/10/2015 20:17:06,0,162293.0
12322,4a5cf927-5e23-4267-926e-9463e171f71e,19/10/2015 19:17:07,10,162293.0
12323,4a5cf927-5e23-4267-926e-9463e171f71e,19/10/2015 18:17:07,4,162283.0
12324,4a5cf927-5e23-4267-926e-9463e171f71e,19/10/2015 17:17:07,7,162279.0
12325,4a5cf927-5e23-4267-926e-9463e171f71e,19/10/2015 16:17:07,16,162272.0
12326,4a5cf927-5e23-4267-926e-9463e171f71e,19/10/2015 15:17:08,6,162256.0
12327,4a5cf927-5e23-4267-926e-9463e171f71e,19/10/2015 14:17:08,6,162250.0
12328,4a5cf927-5e23-4267-926e-9463e171f71e,19/10/2015 13:17:08,1,162244.0
12329,4a5cf927-5e23-4267-926e-9463e171f71e,19/10/2015 12:17:08,4,162243.0
12330,4a5cf927-5e23-4267-926e-9463e171f71e,19/10/2015 11:17:16,78,162239.0
12331,4a5cf927-5e23-4267-926e-9463e171f71e,19/10/2015 10:17:16,78,162161.0
12332,4a5cf927-5e23-4267-926e-9463e171f71e,19/10/2015 09:17:16,15,162083.0
12333,4a5cf927-5e23-4267-926e-9463e171f71e,19/10/2015 08:17:16,0,162068.0
12334,4a5cf927-5e23-4267-926e-9463e171f71e,19/10/2015 07:17:09,0,162068.0
12335,4a5cf927-5e23-4267-926e-9463e171f71e,19/10/2015 06:17:09,0,162068.0
12336,4a5cf927-5e23-4267-926e-9463e171f71e,19/10/2015 05:17:09,0,162068.0
12337,4a5cf927-5e23-4267-926e-9463e171f71e,19/10/2015 04:17:09,0,162068.0
12338,4a5cf927-5e23-4267-926e-9463e171f71e,19/10/2015 03:17:09,0,162068.0
12339,4a5cf927-5e23-4267-926e-9463e171f71e,19/10/2015 02:17:09,0,162068.0
12340,4a5cf927-5e23-4267-926e-9463e171f71e,19/10/2015 01:17:09,0,162068.0
12341,4a5cf927-5e23-4267-926e-9463e171f71e,19/10/2015 00:17:09,59,162068.0
12342,4a5cf927-5e23-4267-926e-9463e171f71e,18/10/2015 19:17:11,0,162009.0
12343,4a5cf927-5e23-4267-926e-9463e171f71e,18/10/2015 18:17:11,0,162009.0
12344,4a5cf927-5e23-4267-926e-9463e171f71e,18/10/2015 17:17:11,0,162009.0
12345,4a5cf927-5e23-4267-926e-9463e171f71e,18/10/2015 16:17:11,1,162009.0
12346,4a5cf927-5e23-4267-926e-9463e171f71e,18/10/2015 15:17:09,5,162008.0
12347,4a5cf927-5e23-4267-926e-9463e171f71e,18/10/2015 14:17:09,0,162003.0
12348,4a5cf927-5e23-4267-926e-9463e171f71e,18/10/2015 13:17:09,0,162003.0
12349,4a5cf927-5e23-4267-926e-9463e171f71e,18/10/2015 12:17:09,73,162003.0
12350,4a5cf927-5e23-4267-926e-9463e171f71e,18/10/2015 11:17:10,32,161930.0
12351,4a5cf927-5e23-4267-926e-9463e171f71e,18/10/2015 10:17:10,26,161898.0
12352,4a5cf927-5e23-4267-926e-9463e171f71e,18/10/2015 09:17:10,0,161872.0
12353,4a5cf927-5e23-4267-926e-9463e171f71e,18/10/2015 08:17:10,0,161872.0
12354,4a5cf927-5e23-4267-926e-9463e171f71e,18/10/2015 07:17:15,0,161872.0
12355,4a5cf927-5e23-4267-926e-9463e171f71e,18/10/2015 06:17:15,0,161872.0
12356,4a5cf927-5e23-4267-926e-9463e171f71e,18/10/2015 05:17:15,0,161872.0
12357,4a5cf927-5e23-4267-926e-9463e171f71e,18/10/2015 04:17:15,0,161872.0
12358,4a5cf927-5e23-4267-926e-9463e171f71e,18/10/2015 03:17:12,1,161872.0
12359,4a5cf927-5e23-4267-926e-9463e171f71e,18/10/2015 02:17:12,0,161871.0
12360,4a5cf927-5e23-4267-926e-9463e171f71e,18/10/2015 01:17:12,1,161871.0
12361,4a5cf927-5e23-4267-926e-9463e171f71e,18/10/2015 00:17:12,3,161870.0
12362,4a5cf927-5e23-4267-926e-9463e171f71e,17/10/2015 23:17:10,8,161867.0
12363,4a5cf927-5e23-4267-926e-9463e171f71e,17/10/2015 22:17:10,0,161859.0
12364,4a5cf927-5e23-4267-926e-9463e171f71e,17/10/2015 21:17:10,1,161859.0
12365,4a5cf927-5e23-4267-926e-9463e171f71e,17/10/2015 20:17:10,0,161858.0
12366,4a5cf927-5e23-4267-926e-9463e171f71e,17/10/2015 19:17:13,0,161858.0
12367,4a5cf927-5e23-4267-926e-9463e171f71e,17/10/2015 18:17:13,3,161858.0
12368,4a5cf927-5e23-4267-926e-9463e171f71e,17/10/2015 17:17:13,0,161855.0
12369,4a5cf927-5e23-4267-926e-9463e171f71e,17/10/2015 16:17:13,4,161855.0
12370,4a5cf927-5e23-4267-926e-9463e171f71e,17/10/2015 15:17:11,7,161851.0
12371,4a5cf927-5e23-4267-926e-9463e171f71e,17/10/2015 14:17:11,6,161844.0
12372,4a5cf927-5e23-4267-926e-9463e171f71e,17/10/2015 13:17:11,4,161838.0
12373,4a5cf927-5e23-4267-926e-9463e171f71e,17/10/2015 12:17:11,85,161834.0
12374,4a5cf927-5e23-4267-926e-9463e171f71e,17/10/2015 11:17:14,84,161749.0
12375,4a5cf927-5e23-4267-926e-9463e171f71e,17/10/2015 10:17:14,7,161665.0
12376,4a5cf927-5e23-4267-926e-9463e171f71e,17/10/2015 09:17:14,0,161658.0
12377,4a5cf927-5e23-4267-926e-9463e171f71e,17/10/2015 08:17:14,0,161658.0
12378,4a5cf927-5e23-4267-926e-9463e171f71e,17/10/2015 07:17:12,0,161658.0
12379,4a5cf927-5e23-4267-926e-9463e171f71e,17/10/2015 06:17:12,0,161658.0
12380,4a5cf927-5e23-4267-926e-9463e171f71e,17/10/2015 05:17:12,0,161658.0
12381,4a5cf927-5e23-4267-926e-9463e171f71e,17/10/2015 04:17:12,14,161658.0
12382,4a5cf927-5e23-4267-926e-9463e171f71e,16/10/2015 23:17:11,0,161644.0
12383,4a5cf927-5e23-4267-926e-9463e171f71e,16/10/2015 22:17:11,0,161644.0
12384,4a5cf927-5e23-4267-926e-9463e171f71e,16/10/2015 21:17:11,0,161644.0
12385,4a5cf927-5e23-4267-926e-9463e171f71e,16/10/2015 20:17:11,8,161644.0
12386,4a5cf927-5e23-4267-926e-9463e171f71e,16/10/2015 19:17:23,6,161636.0
12387,4a5cf927-5e23-4267-926e-9463e171f71e,16/10/2015 18:17:23,7,161630.0
12388,4a5cf927-5e23-4267-926e-9463e171f71e,16/10/2015 17:17:23,4,161623.0
12389,4a5cf927-5e23-4267-926e-9463e171f71e,16/10/2015 16:17:23,18,161619.0
12390,4a5cf927-5e23-4267-926e-9463e171f71e,16/10/2015 15:17:18,4,161601.0
12391,4a5cf927-5e23-4267-926e-9463e171f71e,16/10/2015 14:17:18,16,161597.0
12392,4a5cf927-5e23-4267-926e-9463e171f71e,16/10/2015 13:17:18,8,161581.0
12393,4a5cf927-5e23-4267-926e-9463e171f71e,16/10/2015 12:17:18,16,161573.0
12394,4a5cf927-5e23-4267-926e-9463e171f71e,16/10/2015 11:17:18,1,161557.0
12395,4a5cf927-5e23-4267-926e-9463e171f71e,16/10/2015 10:17:18,0,161556.0
12396,4a5cf927-5e23-4267-926e-9463e171f71e,16/10/2015 09:17:18,42,161556.0
12397,4a5cf927-5e23-4267-926e-9463e171f71e,16/10/2015 08:17:18,76,161514.0
12398,4a5cf927-5e23-4267-926e-9463e171f71e,16/10/2015 07:17:15,0,161438.0
12399,4a5cf927-5e23-4267-926e-9463e171f71e,16/10/2015 06:17:15,0,161438.0
12400,4a5cf927-5e23-4267-926e-9463e171f71e,16/10/2015 05:17:15,0,161438.0
12401,4a5cf927-5e23-4267-926e-9463e171f71e,16/10/2015 04:17:15,0,161438.0
12402,4a5cf927-5e23-4267-926e-9463e171f71e,16/10/2015 03:17:16,0,161438.0
12403,4a5cf927-5e23-4267-926e-9463e171f71e,16/10/2015 02:17:16,0,161438.0
12404,4a5cf927-5e23-4267-926e-9463e171f71e,16/10/2015 01:17:16,0,161438.0
12405,4a5cf927-5e23-4267-926e-9463e171f71e,16/10/2015 00:17:16,14,161438.0
12406,4a5cf927-5e23-4267-926e-9463e171f71e,15/10/2015 19:17:24,3,161424.0
12407,4a5cf927-5e23-4267-926e-9463e171f71e,15/10/2015 18:17:24,0,161421.0
12408,4a5cf927-5e23-4267-926e-9463e171f71e,15/10/2015 17:17:24,1,161421.0
12409,4a5cf927-5e23-4267-926e-9463e171f71e,15/10/2015 16:17:24,13,161420.0
12410,4a5cf927-5e23-4267-926e-9463e171f71e,15/10/2015 15:17:15,6,161407.0
12411,4a5cf927-5e23-4267-926e-9463e171f71e,15/10/2015 14:17:15,1,161401.0
12412,4a5cf927-5e23-4267-926e-9463e171f71e,15/10/2015 13:17:15,0,161400.0
12413,4a5cf927-5e23-4267-926e-9463e171f71e,15/10/2015 12:17:15,182,161400.0
12414,4a5cf927-5e23-4267-926e-9463e171f71e,15/10/2015 07:17:18,0,161218.0
12415,4a5cf927-5e23-4267-926e-9463e171f71e,15/10/2015 06:17:18,0,161218.0
12416,4a5cf927-5e23-4267-926e-9463e171f71e,15/10/2015 05:17:18,0,161218.0
12417,4a5cf927-5e23-4267-926e-9463e171f71e,15/10/2015 04:17:18,0,161218.0
12418,4a5cf927-5e23-4267-926e-9463e171f71e,15/10/2015 03:17:18,0,161218.0
12419,4a5cf927-5e23-4267-926e-9463e171f71e,15/10/2015 02:17:18,0,161218.0
12420,4a5cf927-5e23-4267-926e-9463e171f71e,15/10/2015 01:17:18,0,161218.0
12421,4a5cf927-5e23-4267-926e-9463e171f71e,15/10/2015 00:17:18,0,161218.0
12422,4a5cf927-5e23-4267-926e-9463e171f71e,14/10/2015 23:17:31,19,161218.0
12423,4a5cf927-5e23-4267-926e-9463e171f71e,14/10/2015 22:17:31,4,161199.0
12424,4a5cf927-5e23-4267-926e-9463e171f71e,14/10/2015 21:17:31,4,161195.0
12425,4a5cf927-5e23-4267-926e-9463e171f71e,14/10/2015 20:17:31,4,161191.0
12426,4a5cf927-5e23-4267-926e-9463e171f71e,14/10/2015 19:17:19,6,161187.0
12427,4a5cf927-5e23-4267-926e-9463e171f71e,14/10/2015 18:17:19,0,161181.0
12428,4a5cf927-5e23-4267-926e-9463e171f71e,14/10/2015 17:17:19,4,161181.0
12429,4a5cf927-5e23-4267-926e-9463e171f71e,14/10/2015 16:17:19,54,161177.0
12430,4a5cf927-5e23-4267-926e-9463e171f71e,14/10/2015 11:17:22,67,161123.0
12431,4a5cf927-5e23-4267-926e-9463e171f71e,14/10/2015 10:17:22,11,161056.0
12432,4a5cf927-5e23-4267-926e-9463e171f71e,14/10/2015 09:17:22,2,161045.0
12433,4a5cf927-5e23-4267-926e-9463e171f71e,14/10/2015 08:17:22,83,161043.0
12434,4a5cf927-5e23-4267-926e-9463e171f71e,13/10/2015 23:17:19,3,160960.0
12435,4a5cf927-5e23-4267-926e-9463e171f71e,13/10/2015 22:17:19,1,160957.0
12436,4a5cf927-5e23-4267-926e-9463e171f71e,13/10/2015 21:17:19,9,160956.0
12437,4a5cf927-5e23-4267-926e-9463e171f71e,13/10/2015 20:17:19,4,160947.0
12438,4a5cf927-5e23-4267-926e-9463e171f71e,13/10/2015 19:17:22,10,160943.0
12439,4a5cf927-5e23-4267-926e-9463e171f71e,13/10/2015 18:17:22,1,160933.0
12440,4a5cf927-5e23-4267-926e-9463e171f71e,13/10/2015 17:17:22,0,160932.0
12441,4a5cf927-5e23-4267-926e-9463e171f71e,13/10/2015 16:17:22,6,160932.0
12442,4a5cf927-5e23-4267-926e-9463e171f71e,13/10/2015 15:17:22,14,160926.0
12443,4a5cf927-5e23-4267-926e-9463e171f71e,13/10/2015 14:17:22,15,160912.0
12444,4a5cf927-5e23-4267-926e-9463e171f71e,13/10/2015 13:17:22,0,160897.0
12445,4a5cf927-5e23-4267-926e-9463e171f71e,13/10/2015 12:17:22,0,160897.0
12446,4a5cf927-5e23-4267-926e-9463e171f71e,13/10/2015 11:17:25,29,160897.0
12447,4a5cf927-5e23-4267-926e-9463e171f71e,13/10/2015 10:17:25,69,160868.0
12448,4a5cf927-5e23-4267-926e-9463e171f71e,13/10/2015 09:17:25,20,160799.0
12449,4a5cf927-5e23-4267-926e-9463e171f71e,13/10/2015 08:17:25,84,160779.0
12450,4a5cf927-5e23-4267-926e-9463e171f71e,13/10/2015 07:44:35,0,160695.0
12451,4a5cf927-5e23-4267-926e-9463e171f71e,13/10/2015 06:44:35,0,160695.0
12452,4a5cf927-5e23-4267-926e-9463e171f71e,13/10/2015 05:44:35,0,160695.0
12453,4a5cf927-5e23-4267-926e-9463e171f71e,13/10/2015 04:44:35,0,160695.0
12454,4a5cf927-5e23-4267-926e-9463e171f71e,13/10/2015 03:17:23,0,160695.0
12455,4a5cf927-5e23-4267-926e-9463e171f71e,13/10/2015 02:17:23,3,160695.0
12456,4a5cf927-5e23-4267-926e-9463e171f71e,13/10/2015 01:17:23,5,160692.0
12457,4a5cf927-5e23-4267-926e-9463e171f71e,13/10/2015 00:17:23,17,160687.0
12458,4a5cf927-5e23-4267-926e-9463e171f71e,12/10/2015 23:17,49,160670.0
12459,4a5cf927-5e23-4267-926e-9463e171f71e,12/10/2015 22:17,24,160621.0
12460,4a5cf927-5e23-4267-926e-9463e171f71e,12/10/2015 21:17,0,160597.0
12461,4a5cf927-5e23-4267-926e-9463e171f71e,12/10/2015 20:17,0,160597.0
12462,4a5cf927-5e23-4267-926e-9463e171f71e,12/10/2015 19:17,5,160597.0
12463,4a5cf927-5e23-4267-926e-9463e171f71e,12/10/2015 18:17,12,160592.0
12464,4a5cf927-5e23-4267-926e-9463e171f71e,12/10/2015 17:17,10,160580.0
12465,4a5cf927-5e23-4267-926e-9463e171f71e,12/10/2015 16:17,38,160570.0
12466,4a5cf927-5e23-4267-926e-9463e171f71e,12/10/2015 15:17,22,160532.0
12467,4a5cf927-5e23-4267-926e-9463e171f71e,12/10/2015 14:17,4,160510.0
12468,4a5cf927-5e23-4267-926e-9463e171f71e,12/10/2015 13:17,7,160506.0
12469,4a5cf927-5e23-4267-926e-9463e171f71e,12/10/2015 12:17,17,160499.0
12470,4a5cf927-5e23-4267-926e-9463e171f71e,12/10/2015 11:17,0,160482.0
12471,4a5cf927-5e23-4267-926e-9463e171f71e,12/10/2015 10:17,38,160482.0
12472,4a5cf927-5e23-4267-926e-9463e171f71e,12/10/2015 9:17,35,160444.0
12473,4a5cf927-5e23-4267-926e-9463e171f71e,12/10/2015 8:17,63,160409.0
12474,4a5cf927-5e23-4267-926e-9463e171f71e,12/10/2015 7:17,0,160346.0
12475,4a5cf927-5e23-4267-926e-9463e171f71e,12/10/2015 6:17,0,160346.0
12476,4a5cf927-5e23-4267-926e-9463e171f71e,12/10/2015 5:17,0,160346.0
12477,4a5cf927-5e23-4267-926e-9463e171f71e,12/10/2015 4:17,0,160346.0
12478,4a5cf927-5e23-4267-926e-9463e171f71e,12/10/2015 3:17,5,160346.0
12479,4a5cf927-5e23-4267-926e-9463e171f71e,12/10/2015 2:17,0,160341.0
12480,4a5cf927-5e23-4267-926e-9463e171f71e,12/10/2015 1:17,2,160341.0
12481,4a5cf927-5e23-4267-926e-9463e171f71e,12/10/2015 0:17,0,160339.0
12482,4a5cf927-5e23-4267-926e-9463e171f71e,11/10/2015 23:17,20,160339.0
12483,4a5cf927-5e23-4267-926e-9463e171f71e,11/10/2015 22:17,8,160319.0
12484,4a5cf927-5e23-4267-926e-9463e171f71e,11/10/2015 21:17,3,160311.0
12485,4a5cf927-5e23-4267-926e-9463e171f71e,11/10/2015 20:17,7,160308.0
12486,4a5cf927-5e23-4267-926e-9463e171f71e,11/10/2015 19:17,0,160301.0
12487,4a5cf927-5e23-4267-926e-9463e171f71e,11/10/2015 18:17,3,160301.0
12488,4a5cf927-5e23-4267-926e-9463e171f71e,11/10/2015 17:17,3,160298.0
12489,4a5cf927-5e23-4267-926e-9463e171f71e,11/10/2015 16:17,12,160295.0
12490,4a5cf927-5e23-4267-926e-9463e171f71e,11/10/2015 15:17,9,160283.0
12491,4a5cf927-5e23-4267-926e-9463e171f71e,11/10/2015 14:17,68,160274.0
12492,4a5cf927-5e23-4267-926e-9463e171f71e,11/10/2015 13:17,8,160206.0
12493,4a5cf927-5e23-4267-926e-9463e171f71e,11/10/2015 12:17,24,160198.0
12494,4a5cf927-5e23-4267-926e-9463e171f71e,11/10/2015 11:17,46,160174.0
12495,4a5cf927-5e23-4267-926e-9463e171f71e,11/10/2015 10:17,22,160128.0
12496,4a5cf927-5e23-4267-926e-9463e171f71e,11/10/2015 9:17,0,160106.0
12497,4a5cf927-5e23-4267-926e-9463e171f71e,11/10/2015 8:17,0,160106.0
12498,4a5cf927-5e23-4267-926e-9463e171f71e,11/10/2015 7:17,0,160106.0
12499,4a5cf927-5e23-4267-926e-9463e171f71e,11/10/2015 6:17,0,160106.0
12500,4a5cf927-5e23-4267-926e-9463e171f71e,11/10/2015 5:17,0,160106.0
12501,4a5cf927-5e23-4267-926e-9463e171f71e,11/10/2015 4:17,0,160106.0
12502,4a5cf927-5e23-4267-926e-9463e171f71e,11/10/2015 3:17,0,160106.0
12503,4a5cf927-5e23-4267-926e-9463e171f71e,11/10/2015 2:17,3,160106.0
12504,4a5cf927-5e23-4267-926e-9463e171f71e,11/10/2015 1:17,10,160103.0
12505,4a5cf927-5e23-4267-926e-9463e171f71e,11/10/2015 0:17,0,160093.0
12506,4a5cf927-5e23-4267-926e-9463e171f71e,10/10/2015 23:17,0,160093.0
12507,4a5cf927-5e23-4267-926e-9463e171f71e,10/10/2015 22:17,0,160093.0
12508,4a5cf927-5e23-4267-926e-9463e171f71e,10/10/2015 21:17,3,160093.0
12509,4a5cf927-5e23-4267-926e-9463e171f71e,10/10/2015 20:17,7,160090.0
12510,4a5cf927-5e23-4267-926e-9463e171f71e,10/10/2015 19:17,85,160083.0
12511,4a5cf927-5e23-4267-926e-9463e171f71e,10/10/2015 18:17,68,159998.0
12512,4a5cf927-5e23-4267-926e-9463e171f71e,10/10/2015 17:17,0,159930.0
12513,4a5cf927-5e23-4267-926e-9463e171f71e,10/10/2015 16:17,6,159930.0
12514,4a5cf927-5e23-4267-926e-9463e171f71e,10/10/2015 15:17,9,159924.0
12515,4a5cf927-5e23-4267-926e-9463e171f71e,10/10/2015 14:17,9,159915.0
12516,4a5cf927-5e23-4267-926e-9463e171f71e,10/10/2015 13:17,13,159906.0
12517,4a5cf927-5e23-4267-926e-9463e171f71e,10/10/2015 12:17,52,159893.0
12518,4a5cf927-5e23-4267-926e-9463e171f71e,10/10/2015 11:17,5,159841.0
12519,4a5cf927-5e23-4267-926e-9463e171f71e,10/10/2015 10:17,19,159836.0
12520,4a5cf927-5e23-4267-926e-9463e171f71e,10/10/2015 9:17,0,159817.0
12521,4a5cf927-5e23-4267-926e-9463e171f71e,10/10/2015 8:17,0,159817.0
12522,4a5cf927-5e23-4267-926e-9463e171f71e,10/10/2015 7:17,0,159817.0
12523,4a5cf927-5e23-4267-926e-9463e171f71e,10/10/2015 6:17,0,159817.0
12524,4a5cf927-5e23-4267-926e-9463e171f71e,10/10/2015 5:17,0,159817.0
12525,4a5cf927-5e23-4267-926e-9463e171f71e,10/10/2015 4:17,12,159817.0
12526,4a5cf927-5e23-4267-926e-9463e171f71e,9/10/2015 23:17,0,159805.0
12527,4a5cf927-5e23-4267-926e-9463e171f71e,9/10/2015 22:17,0,159805.0
12528,4a5cf927-5e23-4267-926e-9463e171f71e,9/10/2015 21:17,0,159805.0
12529,4a5cf927-5e23-4267-926e-9463e171f71e,9/10/2015 20:17,0,159805.0
12530,4a5cf927-5e23-4267-926e-9463e171f71e,9/10/2015 19:17,0,159805.0
12531,4a5cf927-5e23-4267-926e-9463e171f71e,9/10/2015 18:17,0,159805.0
12532,4a5cf927-5e23-4267-926e-9463e171f71e,9/10/2015 17:17,0,159805.0
12533,4a5cf927-5e23-4267-926e-9463e171f71e,9/10/2015 16:17,0,159805.0
12534,4a5cf927-5e23-4267-926e-9463e171f71e,9/10/2015 15:17,0,159805.0
12535,4a5cf927-5e23-4267-926e-9463e171f71e,9/10/2015 14:17,0,159805.0
12536,4a5cf927-5e23-4267-926e-9463e171f71e,9/10/2015 13:17,0,159805.0
12537,4a5cf927-5e23-4267-926e-9463e171f71e,9/10/2015 12:17,0,159805.0
12538,4a5cf927-5e23-4267-926e-9463e171f71e,9/10/2015 11:17,1,159805.0
12539,4a5cf927-5e23-4267-926e-9463e171f71e,9/10/2015 10:17,0,159804.0
12540,4a5cf927-5e23-4267-926e-9463e171f71e,9/10/2015 9:17,0,159804.0
12541,4a5cf927-5e23-4267-926e-9463e171f71e,9/10/2015 8:17,0,159804.0
12542,4a5cf927-5e23-4267-926e-9463e171f71e,9/10/2015 7:44,0,159804.0
12543,4a5cf927-5e23-4267-926e-9463e171f71e,9/10/2015 6:44,0,159804.0
12544,4a5cf927-5e23-4267-926e-9463e171f71e,9/10/2015 5:44,0,159804.0
12545,4a5cf927-5e23-4267-926e-9463e171f71e,9/10/2015 4:44,0,159804.0
12546,4a5cf927-5e23-4267-926e-9463e171f71e,9/10/2015 3:17,0,159804.0
12547,4a5cf927-5e23-4267-926e-9463e171f71e,9/10/2015 2:17,0,159804.0
12548,4a5cf927-5e23-4267-926e-9463e171f71e,9/10/2015 1:17,0,159804.0
12549,4a5cf927-5e23-4267-926e-9463e171f71e,9/10/2015 0:17,0,159804.0
12550,4a5cf927-5e23-4267-926e-9463e171f71e,8/10/2015 23:17,0,159804.0
12551,4a5cf927-5e23-4267-926e-9463e171f71e,8/10/2015 22:17,0,159804.0
12552,4a5cf927-5e23-4267-926e-9463e171f71e,8/10/2015 21:17,0,159804.0
12553,4a5cf927-5e23-4267-926e-9463e171f71e,8/10/2015 20:17,0,159804.0
12554,4a5cf927-5e23-4267-926e-9463e171f71e,8/10/2015 19:17,0,159804.0
12555,4a5cf927-5e23-4267-926e-9463e171f71e,8/10/2015 18:17,0,159804.0
12556,4a5cf927-5e23-4267-926e-9463e171f71e,8/10/2015 17:17,0,159804.0
12557,4a5cf927-5e23-4267-926e-9463e171f71e,8/10/2015 16:17,0,159804.0
12558,4a5cf927-5e23-4267-926e-9463e171f71e,8/10/2015 15:17,0,159804.0
12559,4a5cf927-5e23-4267-926e-9463e171f71e,8/10/2015 14:17,0,159804.0
12560,4a5cf927-5e23-4267-926e-9463e171f71e,8/10/2015 13:17,0,159804.0
12561,4a5cf927-5e23-4267-926e-9463e171f71e,8/10/2015 12:17,0,159804.0
12562,4a5cf927-5e23-4267-926e-9463e171f71e,8/10/2015 11:17,0,159804.0
12563,4a5cf927-5e23-4267-926e-9463e171f71e,8/10/2015 10:17,0,159804.0
12564,4a5cf927-5e23-4267-926e-9463e171f71e,8/10/2015 9:17,0,159804.0
12565,4a5cf927-5e23-4267-926e-9463e171f71e,8/10/2015 8:17,0,159804.0
12566,4a5cf927-5e23-4267-926e-9463e171f71e,8/10/2015 7:17,0,159804.0
12567,4a5cf927-5e23-4267-926e-9463e171f71e,8/10/2015 6:17,0,159804.0
12568,4a5cf927-5e23-4267-926e-9463e171f71e,8/10/2015 5:17,0,159804.0
12569,4a5cf927-5e23-4267-926e-9463e171f71e,8/10/2015 4:17,0,159804.0
12570,4a5cf927-5e23-4267-926e-9463e171f71e,8/10/2015 3:17,0,159804.0
12571,4a5cf927-5e23-4267-926e-9463e171f71e,8/10/2015 2:17,0,159804.0
12572,4a5cf927-5e23-4267-926e-9463e171f71e,8/10/2015 1:17,0,159804.0
12573,4a5cf927-5e23-4267-926e-9463e171f71e,8/10/2015 0:17,0,159804.0
12574,4a5cf927-5e23-4267-926e-9463e171f71e,7/10/2015 23:17,0,159804.0
12575,4a5cf927-5e23-4267-926e-9463e171f71e,7/10/2015 22:17,0,159804.0
12576,4a5cf927-5e23-4267-926e-9463e171f71e,7/10/2015 21:17,0,159804.0
12577,4a5cf927-5e23-4267-926e-9463e171f71e,7/10/2015 20:17,0,159804.0
12578,4a5cf927-5e23-4267-926e-9463e171f71e,7/10/2015 19:17,0,159804.0
12579,4a5cf927-5e23-4267-926e-9463e171f71e,7/10/2015 18:17,0,159804.0
12580,4a5cf927-5e23-4267-926e-9463e171f71e,7/10/2015 17:17,0,159804.0
12581,4a5cf927-5e23-4267-926e-9463e171f71e,7/10/2015 16:17,0,159804.0
12582,4a5cf927-5e23-4267-926e-9463e171f71e,7/10/2015 11:17,1,159804.0
12583,4a5cf927-5e23-4267-926e-9463e171f71e,7/10/2015 10:17,0,159803.0
12584,4a5cf927-5e23-4267-926e-9463e171f71e,7/10/2015 9:17,0,159803.0
12585,4a5cf927-5e23-4267-926e-9463e171f71e,7/10/2015 8:17,0,159803.0
12586,4a5cf927-5e23-4267-926e-9463e171f71e,7/10/2015 7:17,0,159803.0
12587,4a5cf927-5e23-4267-926e-9463e171f71e,7/10/2015 6:17,0,159803.0
12588,4a5cf927-5e23-4267-926e-9463e171f71e,7/10/2015 5:17,0,159803.0
12589,4a5cf927-5e23-4267-926e-9463e171f71e,7/10/2015 4:17,0,159803.0
12590,4a5cf927-5e23-4267-926e-9463e171f71e,7/10/2015 3:17,0,159803.0
12591,4a5cf927-5e23-4267-926e-9463e171f71e,7/10/2015 2:17,0,159803.0
12592,4a5cf927-5e23-4267-926e-9463e171f71e,7/10/2015 1:17,0,159803.0
12593,4a5cf927-5e23-4267-926e-9463e171f71e,7/10/2015 0:17,0,159803.0
12594,4a5cf927-5e23-4267-926e-9463e171f71e,6/10/2015 23:17,0,159803.0
12595,4a5cf927-5e23-4267-926e-9463e171f71e,6/10/2015 22:17,0,159803.0
12596,4a5cf927-5e23-4267-926e-9463e171f71e,6/10/2015 21:17,0,159803.0
12597,4a5cf927-5e23-4267-926e-9463e171f71e,6/10/2015 20:17,0,159803.0
12598,4a5cf927-5e23-4267-926e-9463e171f71e,6/10/2015 19:17,0,159803.0
12599,4a5cf927-5e23-4267-926e-9463e171f71e,6/10/2015 18:17,0,159803.0
12600,4a5cf927-5e23-4267-926e-9463e171f71e,6/10/2015 17:17,0,159803.0
12601,4a5cf927-5e23-4267-926e-9463e171f71e,6/10/2015 16:17,0,159803.0
12602,4a5cf927-5e23-4267-926e-9463e171f71e,6/10/2015 15:17,0,159803.0
12603,4a5cf927-5e23-4267-926e-9463e171f71e,6/10/2015 14:17,0,159803.0
12604,4a5cf927-5e23-4267-926e-9463e171f71e,6/10/2015 13:17,0,159803.0
12605,4a5cf927-5e23-4267-926e-9463e171f71e,6/10/2015 12:17,0,159803.0
12606,4a5cf927-5e23-4267-926e-9463e171f71e,6/10/2015 11:17,0,159803.0
12607,4a5cf927-5e23-4267-926e-9463e171f71e,6/10/2015 10:17,0,159803.0
12608,4a5cf927-5e23-4267-926e-9463e171f71e,6/10/2015 9:17,0,159803.0
12609,4a5cf927-5e23-4267-926e-9463e171f71e,6/10/2015 8:17,0,159803.0
12610,4a5cf927-5e23-4267-926e-9463e171f71e,6/10/2015 7:17,0,159803.0
12611,4a5cf927-5e23-4267-926e-9463e171f71e,6/10/2015 6:17,0,159803.0
12612,4a5cf927-5e23-4267-926e-9463e171f71e,6/10/2015 5:17,0,159803.0
12613,4a5cf927-5e23-4267-926e-9463e171f71e,6/10/2015 4:17,0,159803.0
12614,4a5cf927-5e23-4267-926e-9463e171f71e,6/10/2015 3:17,0,159803.0
12615,4a5cf927-5e23-4267-926e-9463e171f71e,6/10/2015 2:17,0,159803.0
12616,4a5cf927-5e23-4267-926e-9463e171f71e,6/10/2015 1:17,0,159803.0
12617,4a5cf927-5e23-4267-926e-9463e171f71e,6/10/2015 0:17,0,159803.0
12618,4a5cf927-5e23-4267-926e-9463e171f71e,5/10/2015 23:17,0,159803.0
12619,4a5cf927-5e23-4267-926e-9463e171f71e,5/10/2015 22:17,0,159803.0
12620,4a5cf927-5e23-4267-926e-9463e171f71e,5/10/2015 21:17,0,159803.0
12621,4a5cf927-5e23-4267-926e-9463e171f71e,5/10/2015 20:17,0,159803.0
12622,4a5cf927-5e23-4267-926e-9463e171f71e,5/10/2015 19:17,0,159803.0
12623,4a5cf927-5e23-4267-926e-9463e171f71e,5/10/2015 18:17,0,159803.0
12624,4a5cf927-5e23-4267-926e-9463e171f71e,5/10/2015 17:17,0,159803.0
12625,4a5cf927-5e23-4267-926e-9463e171f71e,5/10/2015 16:17,0,159803.0
12626,4a5cf927-5e23-4267-926e-9463e171f71e,5/10/2015 15:17,0,159803.0
12627,4a5cf927-5e23-4267-926e-9463e171f71e,5/10/2015 14:17,0,159803.0
12628,4a5cf927-5e23-4267-926e-9463e171f71e,5/10/2015 13:17,0,159803.0
12629,4a5cf927-5e23-4267-926e-9463e171f71e,5/10/2015 12:17,0,159803.0
12630,4a5cf927-5e23-4267-926e-9463e171f71e,5/10/2015 11:17,0,159803.0
12631,4a5cf927-5e23-4267-926e-9463e171f71e,5/10/2015 10:17,0,159803.0
12632,4a5cf927-5e23-4267-926e-9463e171f71e,5/10/2015 9:17,1,159803.0
12633,4a5cf927-5e23-4267-926e-9463e171f71e,5/10/2015 8:17,0,159802.0
12634,4a5cf927-5e23-4267-926e-9463e171f71e,5/10/2015 7:17,0,159802.0
12635,4a5cf927-5e23-4267-926e-9463e171f71e,5/10/2015 6:17,0,159802.0
12636,4a5cf927-5e23-4267-926e-9463e171f71e,5/10/2015 5:17,0,159802.0
12637,4a5cf927-5e23-4267-926e-9463e171f71e,5/10/2015 4:17,0,159802.0
12638,4a5cf927-5e23-4267-926e-9463e171f71e,5/10/2015 3:17,0,159802.0
12639,4a5cf927-5e23-4267-926e-9463e171f71e,5/10/2015 2:17,0,159802.0
12640,4a5cf927-5e23-4267-926e-9463e171f71e,5/10/2015 1:17,0,159802.0
12641,4a5cf927-5e23-4267-926e-9463e171f71e,5/10/2015 0:17,0,159802.0
12642,4a5cf927-5e23-4267-926e-9463e171f71e,4/10/2015 23:17,8,159802.0
12643,4a5cf927-5e23-4267-926e-9463e171f71e,4/10/2015 22:17,3,159794.0
12644,4a5cf927-5e23-4267-926e-9463e171f71e,4/10/2015 21:17,2,159791.0
12645,4a5cf927-5e23-4267-926e-9463e171f71e,4/10/2015 20:17,0,159789.0
12646,4a5cf927-5e23-4267-926e-9463e171f71e,4/10/2015 19:17,0,159789.0
12647,4a5cf927-5e23-4267-926e-9463e171f71e,4/10/2015 18:17,0,159789.0
12648,4a5cf927-5e23-4267-926e-9463e171f71e,4/10/2015 17:17,0,159789.0
12649,4a5cf927-5e23-4267-926e-9463e171f71e,4/10/2015 16:17,0,159789.0
12650,4a5cf927-5e23-4267-926e-9463e171f71e,4/10/2015 15:17,1,159789.0
12651,4a5cf927-5e23-4267-926e-9463e171f71e,4/10/2015 14:17,0,159788.0
12652,4a5cf927-5e23-4267-926e-9463e171f71e,4/10/2015 13:17,0,159788.0
12653,4a5cf927-5e23-4267-926e-9463e171f71e,4/10/2015 12:17,0,159788.0
12654,4a5cf927-5e23-4267-926e-9463e171f71e,4/10/2015 11:17,0,159788.0
12655,4a5cf927-5e23-4267-926e-9463e171f71e,4/10/2015 10:17,0,159788.0
12656,4a5cf927-5e23-4267-926e-9463e171f71e,4/10/2015 9:17,0,159788.0
12657,4a5cf927-5e23-4267-926e-9463e171f71e,4/10/2015 8:17,0,159788.0
12658,4a5cf927-5e23-4267-926e-9463e171f71e,4/10/2015 7:17,0,159788.0
12659,4a5cf927-5e23-4267-926e-9463e171f71e,4/10/2015 6:17,0,159788.0
12660,4a5cf927-5e23-4267-926e-9463e171f71e,4/10/2015 5:17,0,159788.0
12661,4a5cf927-5e23-4267-926e-9463e171f71e,4/10/2015 4:17,0,159788.0
12662,4a5cf927-5e23-4267-926e-9463e171f71e,4/10/2015 3:17,0,159788.0
12663,4a5cf927-5e23-4267-926e-9463e171f71e,4/10/2015 2:17,0,159788.0
12664,4a5cf927-5e23-4267-926e-9463e171f71e,4/10/2015 1:17,0,159788.0
12665,4a5cf927-5e23-4267-926e-9463e171f71e,4/10/2015 0:17,0,159788.0
12666,4a5cf927-5e23-4267-926e-9463e171f71e,3/10/2015 23:17,0,159788.0
12667,4a5cf927-5e23-4267-926e-9463e171f71e,3/10/2015 22:17,0,159788.0
12668,4a5cf927-5e23-4267-926e-9463e171f71e,3/10/2015 21:17,0,159788.0
12669,4a5cf927-5e23-4267-926e-9463e171f71e,3/10/2015 20:17,0,159788.0
12670,4a5cf927-5e23-4267-926e-9463e171f71e,3/10/2015 19:17,0,159788.0
12671,4a5cf927-5e23-4267-926e-9463e171f71e,3/10/2015 18:17,0,159788.0
12672,4a5cf927-5e23-4267-926e-9463e171f71e,3/10/2015 17:17,0,159788.0
12673,4a5cf927-5e23-4267-926e-9463e171f71e,3/10/2015 16:17,0,159788.0
12674,4a5cf927-5e23-4267-926e-9463e171f71e,3/10/2015 15:17,0,159788.0
12675,4a5cf927-5e23-4267-926e-9463e171f71e,3/10/2015 14:17,0,159788.0
12676,4a5cf927-5e23-4267-926e-9463e171f71e,3/10/2015 13:17,0,159788.0
12677,4a5cf927-5e23-4267-926e-9463e171f71e,3/10/2015 12:17,0,159788.0
12678,4a5cf927-5e23-4267-926e-9463e171f71e,3/10/2015 11:17,0,159788.0
12679,4a5cf927-5e23-4267-926e-9463e171f71e,3/10/2015 10:17,0,159788.0
12680,4a5cf927-5e23-4267-926e-9463e171f71e,3/10/2015 9:17,0,159788.0
12681,4a5cf927-5e23-4267-926e-9463e171f71e,3/10/2015 8:17,0,159788.0
12682,4a5cf927-5e23-4267-926e-9463e171f71e,3/10/2015 7:17,0,159788.0
12683,4a5cf927-5e23-4267-926e-9463e171f71e,3/10/2015 6:17,0,159788.0
12684,4a5cf927-5e23-4267-926e-9463e171f71e,3/10/2015 5:17,10,159788.0
12685,4a5cf927-5e23-4267-926e-9463e171f71e,3/10/2015 4:17,82,159778.0
12686,4a5cf927-5e23-4267-926e-9463e171f71e,3/10/2015 3:17,0,159696.0
12687,4a5cf927-5e23-4267-926e-9463e171f71e,3/10/2015 2:17,10,159696.0
12688,4a5cf927-5e23-4267-926e-9463e171f71e,3/10/2015 1:17,3,159686.0
12689,4a5cf927-5e23-4267-926e-9463e171f71e,3/10/2015 0:17,4,159683.0
12690,4a5cf927-5e23-4267-926e-9463e171f71e,2/10/2015 23:17,13,159679.0
12691,4a5cf927-5e23-4267-926e-9463e171f71e,2/10/2015 22:17,0,159666.0
12692,4a5cf927-5e23-4267-926e-9463e171f71e,2/10/2015 21:17,0,159666.0
12693,4a5cf927-5e23-4267-926e-9463e171f71e,2/10/2015 20:17,1,159666.0
12694,4a5cf927-5e23-4267-926e-9463e171f71e,2/10/2015 19:17,17,159665.0
12695,4a5cf927-5e23-4267-926e-9463e171f71e,2/10/2015 18:17,0,159648.0
12696,4a5cf927-5e23-4267-926e-9463e171f71e,2/10/2015 17:17,0,159648.0
12697,4a5cf927-5e23-4267-926e-9463e171f71e,2/10/2015 16:17,38,159648.0
12698,4a5cf927-5e23-4267-926e-9463e171f71e,2/10/2015 15:17,4,159610.0
12699,4a5cf927-5e23-4267-926e-9463e171f71e,2/10/2015 14:17,0,159606.0
12700,4a5cf927-5e23-4267-926e-9463e171f71e,2/10/2015 13:17,0,159606.0
12701,4a5cf927-5e23-4267-926e-9463e171f71e,2/10/2015 12:17,64,159606.0
12702,4a5cf927-5e23-4267-926e-9463e171f71e,2/10/2015 11:17,46,159542.0
12703,4a5cf927-5e23-4267-926e-9463e171f71e,2/10/2015 10:17,103,159496.0
12704,4a5cf927-5e23-4267-926e-9463e171f71e,2/10/2015 9:17,6,159393.0
12705,4a5cf927-5e23-4267-926e-9463e171f71e,2/10/2015 8:17,0,159387.0
12706,4a5cf927-5e23-4267-926e-9463e171f71e,2/10/2015 7:17,0,159387.0
12707,4a5cf927-5e23-4267-926e-9463e171f71e,2/10/2015 6:17,0,159387.0
12708,4a5cf927-5e23-4267-926e-9463e171f71e,2/10/2015 5:17,0,159387.0
12709,4a5cf927-5e23-4267-926e-9463e171f71e,2/10/2015 4:17,3,159387.0
12710,4a5cf927-5e23-4267-926e-9463e171f71e,1/10/2015 23:17,6,159384.0
12711,4a5cf927-5e23-4267-926e-9463e171f71e,1/10/2015 22:17,16,159378.0
12712,4a5cf927-5e23-4267-926e-9463e171f71e,1/10/2015 21:17,5,159362.0
12713,4a5cf927-5e23-4267-926e-9463e171f71e,1/10/2015 20:17,0,159357.0
12714,4a5cf927-5e23-4267-926e-9463e171f71e,1/10/2015 19:17,0,159357.0
12715,4a5cf927-5e23-4267-926e-9463e171f71e,1/10/2015 18:17,0,159357.0
12716,4a5cf927-5e23-4267-926e-9463e171f71e,1/10/2015 17:17,8,159357.0
12717,4a5cf927-5e23-4267-926e-9463e171f71e,1/10/2015 16:17,25,159349.0
12718,4a5cf927-5e23-4267-926e-9463e171f71e,1/10/2015 11:17,12,159324.0
12719,4a5cf927-5e23-4267-926e-9463e171f71e,1/10/2015 10:17,95,159312.0
12720,4a5cf927-5e23-4267-926e-9463e171f71e,1/10/2015 9:17,16,159217.0
12721,4a5cf927-5e23-4267-926e-9463e171f71e,1/10/2015 8:17,0,159201.0
12722,4a5cf927-5e23-4267-926e-9463e171f71e,1/10/2015 7:17,0,159201.0
12723,4a5cf927-5e23-4267-926e-9463e171f71e,1/10/2015 6:17,0,159201.0
12724,4a5cf927-5e23-4267-926e-9463e171f71e,1/10/2015 5:17,0,159201.0
12725,4a5cf927-5e23-4267-926e-9463e171f71e,1/10/2015 4:17,0,159201.0
12726,4a5cf927-5e23-4267-926e-9463e171f71e,1/10/2015 3:17,0,159201.0
12727,4a5cf927-5e23-4267-926e-9463e171f71e,1/10/2015 2:17,0,159201.0
12728,4a5cf927-5e23-4267-926e-9463e171f71e,1/10/2015 1:17,0,159201.0
12729,4a5cf927-5e23-4267-926e-9463e171f71e,1/10/2015 0:17,0,159201.0
12730,4a5cf927-5e23-4267-926e-9463e171f71e,30/09/2015 23:17:51,10,159201.0
12731,4a5cf927-5e23-4267-926e-9463e171f71e,30/09/2015 22:17:51,0,159191.0
12732,4a5cf927-5e23-4267-926e-9463e171f71e,30/09/2015 21:17:51,0,159191.0
12733,4a5cf927-5e23-4267-926e-9463e171f71e,30/09/2015 20:17:51,4,159191.0
12734,4a5cf927-5e23-4267-926e-9463e171f71e,30/09/2015 19:18:15,0,159187.0
12735,4a5cf927-5e23-4267-926e-9463e171f71e,30/09/2015 18:18:15,13,159187.0
12736,4a5cf927-5e23-4267-926e-9463e171f71e,30/09/2015 17:18:15,0,159174.0
12737,4a5cf927-5e23-4267-926e-9463e171f71e,30/09/2015 16:18:15,12,159174.0
12738,4a5cf927-5e23-4267-926e-9463e171f71e,30/09/2015 15:17:52,9,159162.0
12739,4a5cf927-5e23-4267-926e-9463e171f71e,30/09/2015 14:17:52,33,159153.0
12740,4a5cf927-5e23-4267-926e-9463e171f71e,30/09/2015 13:17:52,33,159120.0
12741,4a5cf927-5e23-4267-926e-9463e171f71e,30/09/2015 12:17:52,11,159087.0
12742,4a5cf927-5e23-4267-926e-9463e171f71e,30/09/2015 11:17:52,80,159076.0
12743,4a5cf927-5e23-4267-926e-9463e171f71e,30/09/2015 10:17:52,91,158996.0
12744,4a5cf927-5e23-4267-926e-9463e171f71e,30/09/2015 09:17:52,6,158905.0
12745,4a5cf927-5e23-4267-926e-9463e171f71e,30/09/2015 08:17:52,0,158899.0
12746,4a5cf927-5e23-4267-926e-9463e171f71e,30/09/2015 07:17:52,0,158899.0
12747,4a5cf927-5e23-4267-926e-9463e171f71e,30/09/2015 06:17:52,0,158899.0
12748,4a5cf927-5e23-4267-926e-9463e171f71e,30/09/2015 05:17:52,0,158899.0
12749,4a5cf927-5e23-4267-926e-9463e171f71e,30/09/2015 04:17:52,0,158899.0
12750,4a5cf927-5e23-4267-926e-9463e171f71e,30/09/2015 03:17:53,0,158899.0
12751,4a5cf927-5e23-4267-926e-9463e171f71e,30/09/2015 02:17:53,0,158899.0
12752,4a5cf927-5e23-4267-926e-9463e171f71e,30/09/2015 01:17:53,2,158899.0
12753,4a5cf927-5e23-4267-926e-9463e171f71e,30/09/2015 00:17:53,0,158897.0
12754,4a5cf927-5e23-4267-926e-9463e171f71e,29/09/2015 23:17:52,14,158897.0
12755,4a5cf927-5e23-4267-926e-9463e171f71e,29/09/2015 22:17:52,11,158883.0
12756,4a5cf927-5e23-4267-926e-9463e171f71e,29/09/2015 21:17:52,6,158872.0
12757,4a5cf927-5e23-4267-926e-9463e171f71e,29/09/2015 20:17:52,0,158866.0
12758,4a5cf927-5e23-4267-926e-9463e171f71e,29/09/2015 19:17:56,0,158866.0
12759,4a5cf927-5e23-4267-926e-9463e171f71e,29/09/2015 18:17:56,7,158866.0
12760,4a5cf927-5e23-4267-926e-9463e171f71e,29/09/2015 17:17:56,7,158859.0
12761,4a5cf927-5e23-4267-926e-9463e171f71e,29/09/2015 16:17:56,11,158852.0
12762,4a5cf927-5e23-4267-926e-9463e171f71e,29/09/2015 15:17:54,11,158841.0
12763,4a5cf927-5e23-4267-926e-9463e171f71e,29/09/2015 14:17:54,0,158830.0
12764,4a5cf927-5e23-4267-926e-9463e171f71e,29/09/2015 13:17:54,0,158830.0
12765,4a5cf927-5e23-4267-926e-9463e171f71e,29/09/2015 12:17:54,7,158830.0
12766,4a5cf927-5e23-4267-926e-9463e171f71e,29/09/2015 11:17:55,113,158823.0
12767,4a5cf927-5e23-4267-926e-9463e171f71e,29/09/2015 10:17:55,42,158710.0
12768,4a5cf927-5e23-4267-926e-9463e171f71e,29/09/2015 09:17:55,15,158668.0
12769,4a5cf927-5e23-4267-926e-9463e171f71e,29/09/2015 08:17:55,1,158653.0
12770,4a5cf927-5e23-4267-926e-9463e171f71e,29/09/2015 07:17:54,0,158652.0
12771,4a5cf927-5e23-4267-926e-9463e171f71e,29/09/2015 06:17:54,0,158652.0
12772,4a5cf927-5e23-4267-926e-9463e171f71e,29/09/2015 05:17:54,0,158652.0
12773,4a5cf927-5e23-4267-926e-9463e171f71e,29/09/2015 04:17:54,0,158652.0
12774,4a5cf927-5e23-4267-926e-9463e171f71e,29/09/2015 03:17:56,0,158652.0
12775,4a5cf927-5e23-4267-926e-9463e171f71e,29/09/2015 02:17:56,0,158652.0
12776,4a5cf927-5e23-4267-926e-9463e171f71e,29/09/2015 01:17:56,0,158652.0
12777,4a5cf927-5e23-4267-926e-9463e171f71e,29/09/2015 00:17:56,13,158652.0
12778,4a5cf927-5e23-4267-926e-9463e171f71e,28/09/2015 19:18:09,7,158639.0
12779,4a5cf927-5e23-4267-926e-9463e171f71e,28/09/2015 18:18:09,0,158632.0
12780,4a5cf927-5e23-4267-926e-9463e171f71e,28/09/2015 17:18:09,10,158632.0
12781,4a5cf927-5e23-4267-926e-9463e171f71e,28/09/2015 16:18:09,36,158622.0
12782,4a5cf927-5e23-4267-926e-9463e171f71e,28/09/2015 15:17:58,3,158586.0
12783,4a5cf927-5e23-4267-926e-9463e171f71e,28/09/2015 14:17:58,0,158583.0
12784,4a5cf927-5e23-4267-926e-9463e171f71e,28/09/2015 13:17:58,10,158583.0
12785,4a5cf927-5e23-4267-926e-9463e171f71e,28/09/2015 12:17:58,21,158573.0
12786,4a5cf927-5e23-4267-926e-9463e171f71e,28/09/2015 11:17:58,11,158552.0
12787,4a5cf927-5e23-4267-926e-9463e171f71e,28/09/2015 10:17:58,35,158541.0
12788,4a5cf927-5e23-4267-926e-9463e171f71e,28/09/2015 09:17:58,98,158506.0
12789,4a5cf927-5e23-4267-926e-9463e171f71e,28/09/2015 08:17:58,4,158408.0
12790,4a5cf927-5e23-4267-926e-9463e171f71e,28/09/2015 03:18:01,0,158404.0
12791,4a5cf927-5e23-4267-926e-9463e171f71e,28/09/2015 02:18:01,0,158404.0
12792,4a5cf927-5e23-4267-926e-9463e171f71e,28/09/2015 01:18:01,3,158404.0
12793,4a5cf927-5e23-4267-926e-9463e171f71e,28/09/2015 00:18:01,0,158401.0
12794,4a5cf927-5e23-4267-926e-9463e171f71e,27/09/2015 23:17:57,6,158401.0
12795,4a5cf927-5e23-4267-926e-9463e171f71e,27/09/2015 22:17:57,7,158395.0
12796,4a5cf927-5e23-4267-926e-9463e171f71e,27/09/2015 21:17:57,0,158388.0
12797,4a5cf927-5e23-4267-926e-9463e171f71e,27/09/2015 20:17:57,1,158388.0
12798,4a5cf927-5e23-4267-926e-9463e171f71e,27/09/2015 19:18:01,5,158387.0
12799,4a5cf927-5e23-4267-926e-9463e171f71e,27/09/2015 18:18:01,0,158382.0
12800,4a5cf927-5e23-4267-926e-9463e171f71e,27/09/2015 17:18:01,5,158382.0
12801,4a5cf927-5e23-4267-926e-9463e171f71e,27/09/2015 16:18:01,0,158377.0
12802,4a5cf927-5e23-4267-926e-9463e171f71e,27/09/2015 15:17:58,2,158377.0
12803,4a5cf927-5e23-4267-926e-9463e171f71e,27/09/2015 14:17:58,3,158375.0
12804,4a5cf927-5e23-4267-926e-9463e171f71e,27/09/2015 13:17:58,0,158372.0
12805,4a5cf927-5e23-4267-926e-9463e171f71e,27/09/2015 12:17:58,7,158372.0
12806,4a5cf927-5e23-4267-926e-9463e171f71e,27/09/2015 11:18:01,88,158365.0
12807,4a5cf927-5e23-4267-926e-9463e171f71e,27/09/2015 10:18:01,13,158277.0
12808,4a5cf927-5e23-4267-926e-9463e171f71e,27/09/2015 09:18:01,5,158264.0
12809,4a5cf927-5e23-4267-926e-9463e171f71e,27/09/2015 08:18:01,0,158259.0
12810,4a5cf927-5e23-4267-926e-9463e171f71e,27/09/2015 07:17:58,0,158259.0
12811,4a5cf927-5e23-4267-926e-9463e171f71e,27/09/2015 06:17:58,0,158259.0
12812,4a5cf927-5e23-4267-926e-9463e171f71e,27/09/2015 05:17:58,0,158259.0
12813,4a5cf927-5e23-4267-926e-9463e171f71e,27/09/2015 04:17:58,0,158259.0
12814,4a5cf927-5e23-4267-926e-9463e171f71e,27/09/2015 03:18:00,0,158259.0
12815,4a5cf927-5e23-4267-926e-9463e171f71e,27/09/2015 02:18:00,0,158259.0
12816,4a5cf927-5e23-4267-926e-9463e171f71e,27/09/2015 01:18:00,0,158259.0
12817,4a5cf927-5e23-4267-926e-9463e171f71e,27/09/2015 00:18:00,5,158259.0
12818,4a5cf927-5e23-4267-926e-9463e171f71e,26/09/2015 23:17:59,5,158254.0
12819,4a5cf927-5e23-4267-926e-9463e171f71e,26/09/2015 22:17:59,0,158249.0
12820,4a5cf927-5e23-4267-926e-9463e171f71e,26/09/2015 21:17:59,2,158249.0
12821,4a5cf927-5e23-4267-926e-9463e171f71e,26/09/2015 20:17:59,23,158247.0
12822,4a5cf927-5e23-4267-926e-9463e171f71e,26/09/2015 19:18:01,11,158224.0
12823,4a5cf927-5e23-4267-926e-9463e171f71e,26/09/2015 18:18:01,8,158213.0
12824,4a5cf927-5e23-4267-926e-9463e171f71e,26/09/2015 17:18:01,6,158205.0
12825,4a5cf927-5e23-4267-926e-9463e171f71e,26/09/2015 16:18:01,0,158199.0
12826,4a5cf927-5e23-4267-926e-9463e171f71e,26/09/2015 15:18:02,15,158199.0
12827,4a5cf927-5e23-4267-926e-9463e171f71e,26/09/2015 14:18:02,0,158184.0
12828,4a5cf927-5e23-4267-926e-9463e171f71e,26/09/2015 13:18:02,0,158184.0
12829,4a5cf927-5e23-4267-926e-9463e171f71e,26/09/2015 12:18:02,54,158184.0
12830,4a5cf927-5e23-4267-926e-9463e171f71e,26/09/2015 11:18:02,15,158130.0
12831,4a5cf927-5e23-4267-926e-9463e171f71e,26/09/2015 10:18:02,4,158115.0
12832,4a5cf927-5e23-4267-926e-9463e171f71e,26/09/2015 09:18:02,0,158111.0
12833,4a5cf927-5e23-4267-926e-9463e171f71e,26/09/2015 08:18:02,4,158111.0
12834,4a5cf927-5e23-4267-926e-9463e171f71e,26/09/2015 07:18:01,17,158107.0
12835,4a5cf927-5e23-4267-926e-9463e171f71e,26/09/2015 06:18:01,0,158090.0
12836,4a5cf927-5e23-4267-926e-9463e171f71e,26/09/2015 05:18:01,0,158090.0
12837,4a5cf927-5e23-4267-926e-9463e171f71e,26/09/2015 04:18:01,0,158090.0
12838,4a5cf927-5e23-4267-926e-9463e171f71e,26/09/2015 03:18:03,3,158090.0
12839,4a5cf927-5e23-4267-926e-9463e171f71e,26/09/2015 02:18:03,0,158087.0
12840,4a5cf927-5e23-4267-926e-9463e171f71e,26/09/2015 01:18:03,4,158087.0
12841,4a5cf927-5e23-4267-926e-9463e171f71e,26/09/2015 00:18:03,0,158083.0
12842,4a5cf927-5e23-4267-926e-9463e171f71e,25/09/2015 23:18:03,15,158083.0
12843,4a5cf927-5e23-4267-926e-9463e171f71e,25/09/2015 22:18:03,9,158068.0
12844,4a5cf927-5e23-4267-926e-9463e171f71e,25/09/2015 21:18:03,3,158059.0
12845,4a5cf927-5e23-4267-926e-9463e171f71e,25/09/2015 20:18:03,0,158056.0
12846,4a5cf927-5e23-4267-926e-9463e171f71e,25/09/2015 19:18:04,3,158056.0
12847,4a5cf927-5e23-4267-926e-9463e171f71e,25/09/2015 18:18:04,13,158053.0
12848,4a5cf927-5e23-4267-926e-9463e171f71e,25/09/2015 17:18:04,12,158040.0
12849,4a5cf927-5e23-4267-926e-9463e171f71e,25/09/2015 16:18:04,6,158028.0
12850,4a5cf927-5e23-4267-926e-9463e171f71e,25/09/2015 15:18:04,0,158022.0
12851,4a5cf927-5e23-4267-926e-9463e171f71e,25/09/2015 14:18:04,13,158022.0
12852,4a5cf927-5e23-4267-926e-9463e171f71e,25/09/2015 13:18:04,0,158009.0
12853,4a5cf927-5e23-4267-926e-9463e171f71e,25/09/2015 12:18:04,144,158009.0
12854,4a5cf927-5e23-4267-926e-9463e171f71e,25/09/2015 07:18:04,0,157865.0
12855,4a5cf927-5e23-4267-926e-9463e171f71e,25/09/2015 06:18:04,0,157865.0
12856,4a5cf927-5e23-4267-926e-9463e171f71e,25/09/2015 05:18:04,0,157865.0
12857,4a5cf927-5e23-4267-926e-9463e171f71e,25/09/2015 04:18:04,0,157865.0
12858,4a5cf927-5e23-4267-926e-9463e171f71e,25/09/2015 03:18:06,0,157865.0
12859,4a5cf927-5e23-4267-926e-9463e171f71e,25/09/2015 02:18:06,0,157865.0
12860,4a5cf927-5e23-4267-926e-9463e171f71e,25/09/2015 01:18:06,2,157865.0
12861,4a5cf927-5e23-4267-926e-9463e171f71e,25/09/2015 00:18:06,18,157863.0
12862,4a5cf927-5e23-4267-926e-9463e171f71e,24/09/2015 23:18:04,4,157845.0
12863,4a5cf927-5e23-4267-926e-9463e171f71e,24/09/2015 22:18:04,3,157841.0
12864,4a5cf927-5e23-4267-926e-9463e171f71e,24/09/2015 21:18:04,0,157838.0
12865,4a5cf927-5e23-4267-926e-9463e171f71e,24/09/2015 20:18:04,0,157838.0
12866,4a5cf927-5e23-4267-926e-9463e171f71e,24/09/2015 19:18:06,11,157838.0
12867,4a5cf927-5e23-4267-926e-9463e171f71e,24/09/2015 18:18:06,0,157827.0
12868,4a5cf927-5e23-4267-926e-9463e171f71e,24/09/2015 17:18:06,17,157827.0
12869,4a5cf927-5e23-4267-926e-9463e171f71e,24/09/2015 16:18:06,29,157810.0
12870,4a5cf927-5e23-4267-926e-9463e171f71e,24/09/2015 15:18:06,10,157781.0
12871,4a5cf927-5e23-4267-926e-9463e171f71e,24/09/2015 14:18:06,0,157771.0
12872,4a5cf927-5e23-4267-926e-9463e171f71e,24/09/2015 13:18:06,16,157771.0
12873,4a5cf927-5e23-4267-926e-9463e171f71e,24/09/2015 12:18:06,15,157755.0
12874,4a5cf927-5e23-4267-926e-9463e171f71e,24/09/2015 11:18:16,95,157740.0
12875,4a5cf927-5e23-4267-926e-9463e171f71e,24/09/2015 10:18:16,130,157645.0
12876,4a5cf927-5e23-4267-926e-9463e171f71e,24/09/2015 09:18:16,11,157515.0
12877,4a5cf927-5e23-4267-926e-9463e171f71e,24/09/2015 08:18:16,0,157504.0
12878,4a5cf927-5e23-4267-926e-9463e171f71e,24/09/2015 07:18:07,0,157504.0
12879,4a5cf927-5e23-4267-926e-9463e171f71e,24/09/2015 06:18:07,0,157504.0
12880,4a5cf927-5e23-4267-926e-9463e171f71e,24/09/2015 05:18:07,0,157504.0
12881,4a5cf927-5e23-4267-926e-9463e171f71e,24/09/2015 04:18:07,0,157504.0
12882,4a5cf927-5e23-4267-926e-9463e171f71e,24/09/2015 03:18:08,0,157504.0
12883,4a5cf927-5e23-4267-926e-9463e171f71e,24/09/2015 02:18:08,6,157504.0
12884,4a5cf927-5e23-4267-926e-9463e171f71e,24/09/2015 01:18:08,2,157498.0
12885,4a5cf927-5e23-4267-926e-9463e171f71e,24/09/2015 00:18:08,29,157496.0
12886,4a5cf927-5e23-4267-926e-9463e171f71e,23/09/2015 19:18:09,8,157467.0
12887,4a5cf927-5e23-4267-926e-9463e171f71e,23/09/2015 18:18:09,13,157459.0
12888,4a5cf927-5e23-4267-926e-9463e171f71e,23/09/2015 17:18:09,5,157446.0
12889,4a5cf927-5e23-4267-926e-9463e171f71e,23/09/2015 16:18:09,14,157441.0
12890,4a5cf927-5e23-4267-926e-9463e171f71e,23/09/2015 15:18:09,9,157427.0
12891,4a5cf927-5e23-4267-926e-9463e171f71e,23/09/2015 14:18:09,15,157418.0
12892,4a5cf927-5e23-4267-926e-9463e171f71e,23/09/2015 13:18:09,23,157403.0
12893,4a5cf927-5e23-4267-926e-9463e171f71e,23/09/2015 12:18:09,2,157380.0
12894,4a5cf927-5e23-4267-926e-9463e171f71e,23/09/2015 11:18:10,0,157378.0
12895,4a5cf927-5e23-4267-926e-9463e171f71e,23/09/2015 10:18:10,11,157378.0
12896,4a5cf927-5e23-4267-926e-9463e171f71e,23/09/2015 09:18:10,76,157367.0
12897,4a5cf927-5e23-4267-926e-9463e171f71e,23/09/2015 08:18:10,170,157291.0
12898,4a5cf927-5e23-4267-926e-9463e171f71e,23/09/2015 07:18:07,0,157121.0
12899,4a5cf927-5e23-4267-926e-9463e171f71e,23/09/2015 06:18:07,6,157121.0
12900,4a5cf927-5e23-4267-926e-9463e171f71e,23/09/2015 05:18:07,0,157115.0
12901,4a5cf927-5e23-4267-926e-9463e171f71e,23/09/2015 04:18:07,0,157115.0
12902,4a5cf927-5e23-4267-926e-9463e171f71e,23/09/2015 03:18:10,0,157115.0
12903,4a5cf927-5e23-4267-926e-9463e171f71e,23/09/2015 02:18:10,0,157115.0
12904,4a5cf927-5e23-4267-926e-9463e171f71e,23/09/2015 01:18:10,6,157115.0
12905,4a5cf927-5e23-4267-926e-9463e171f71e,23/09/2015 00:18:10,10,157109.0
12906,4a5cf927-5e23-4267-926e-9463e171f71e,22/09/2015 23:18:09,9,157099.0
12907,4a5cf927-5e23-4267-926e-9463e171f71e,22/09/2015 22:18:09,18,157090.0
12908,4a5cf927-5e23-4267-926e-9463e171f71e,22/09/2015 21:18:09,0,157072.0
12909,4a5cf927-5e23-4267-926e-9463e171f71e,22/09/2015 20:18:09,1,157072.0
12910,4a5cf927-5e23-4267-926e-9463e171f71e,22/09/2015 19:18:12,0,157071.0
12911,4a5cf927-5e23-4267-926e-9463e171f71e,22/09/2015 18:18:12,0,157071.0
12912,4a5cf927-5e23-4267-926e-9463e171f71e,22/09/2015 17:18:12,19,157071.0
12913,4a5cf927-5e23-4267-926e-9463e171f71e,22/09/2015 16:18:12,34,157052.0
12914,4a5cf927-5e23-4267-926e-9463e171f71e,22/09/2015 15:18:09,10,157018.0
12915,4a5cf927-5e23-4267-926e-9463e171f71e,22/09/2015 14:18:09,6,157008.0
12916,4a5cf927-5e23-4267-926e-9463e171f71e,22/09/2015 13:18:09,9,157002.0
12917,4a5cf927-5e23-4267-926e-9463e171f71e,22/09/2015 12:18:09,0,156993.0
12918,4a5cf927-5e23-4267-926e-9463e171f71e,22/09/2015 11:18:13,0,156993.0
12919,4a5cf927-5e23-4267-926e-9463e171f71e,22/09/2015 10:18:13,1,156993.0
12920,4a5cf927-5e23-4267-926e-9463e171f71e,22/09/2015 09:18:13,64,156992.0
12921,4a5cf927-5e23-4267-926e-9463e171f71e,22/09/2015 08:18:13,85,156928.0
12922,4a5cf927-5e23-4267-926e-9463e171f71e,22/09/2015 07:18:12,7,156843.0
12923,4a5cf927-5e23-4267-926e-9463e171f71e,22/09/2015 06:18:12,0,156836.0
12924,4a5cf927-5e23-4267-926e-9463e171f71e,22/09/2015 05:18:12,0,156836.0
12925,4a5cf927-5e23-4267-926e-9463e171f71e,22/09/2015 04:18:12,0,156836.0
12926,4a5cf927-5e23-4267-926e-9463e171f71e,22/09/2015 03:18:12,0,156836.0
12927,4a5cf927-5e23-4267-926e-9463e171f71e,22/09/2015 02:18:12,11,156836.0
12928,4a5cf927-5e23-4267-926e-9463e171f71e,22/09/2015 01:18:12,0,156825.0
12929,4a5cf927-5e23-4267-926e-9463e171f71e,22/09/2015 00:18:12,0,156825.0
12930,4a5cf927-5e23-4267-926e-9463e171f71e,21/09/2015 23:18:12,10,156825.0
12931,4a5cf927-5e23-4267-926e-9463e171f71e,21/09/2015 22:18:12,13,156815.0
12932,4a5cf927-5e23-4267-926e-9463e171f71e,21/09/2015 21:18:12,9,156802.0
12933,4a5cf927-5e23-4267-926e-9463e171f71e,21/09/2015 20:18:12,0,156793.0
12934,4a5cf927-5e23-4267-926e-9463e171f71e,21/09/2015 19:18:17,0,156793.0
12935,4a5cf927-5e23-4267-926e-9463e171f71e,21/09/2015 18:18:17,16,156793.0
12936,4a5cf927-5e23-4267-926e-9463e171f71e,21/09/2015 17:18:17,5,156777.0
12937,4a5cf927-5e23-4267-926e-9463e171f71e,21/09/2015 16:18:17,11,156772.0
12938,4a5cf927-5e23-4267-926e-9463e171f71e,21/09/2015 15:18:13,20,156761.0
12939,4a5cf927-5e23-4267-926e-9463e171f71e,21/09/2015 14:18:13,11,156741.0
12940,4a5cf927-5e23-4267-926e-9463e171f71e,21/09/2015 13:18:13,0,156730.0
12941,4a5cf927-5e23-4267-926e-9463e171f71e,21/09/2015 12:18:13,0,156730.0
12942,4a5cf927-5e23-4267-926e-9463e171f71e,21/09/2015 11:18:14,16,156730.0
12943,4a5cf927-5e23-4267-926e-9463e171f71e,21/09/2015 10:18:14,55,156714.0
12944,4a5cf927-5e23-4267-926e-9463e171f71e,21/09/2015 09:18:14,16,156659.0
12945,4a5cf927-5e23-4267-926e-9463e171f71e,21/09/2015 08:18:14,84,156643.0
12946,4a5cf927-5e23-4267-926e-9463e171f71e,21/09/2015 07:18:13,0,156559.0
12947,4a5cf927-5e23-4267-926e-9463e171f71e,21/09/2015 06:18:13,0,156559.0
12948,4a5cf927-5e23-4267-926e-9463e171f71e,21/09/2015 05:18:13,0,156559.0
12949,4a5cf927-5e23-4267-926e-9463e171f71e,21/09/2015 04:18:13,0,156559.0
12950,4a5cf927-5e23-4267-926e-9463e171f71e,21/09/2015 03:18:15,0,156559.0
12951,4a5cf927-5e23-4267-926e-9463e171f71e,21/09/2015 02:18:15,3,156559.0
12952,4a5cf927-5e23-4267-926e-9463e171f71e,21/09/2015 01:18:15,0,156556.0
12953,4a5cf927-5e23-4267-926e-9463e171f71e,21/09/2015 00:18:15,6,156556.0
12954,4a5cf927-5e23-4267-926e-9463e171f71e,20/09/2015 23:18:15,1,156550.0
12955,4a5cf927-5e23-4267-926e-9463e171f71e,20/09/2015 22:18:15,1,156549.0
12956,4a5cf927-5e23-4267-926e-9463e171f71e,20/09/2015 21:18:15,0,156548.0
12957,4a5cf927-5e23-4267-926e-9463e171f71e,20/09/2015 20:18:15,0,156548.0
12958,4a5cf927-5e23-4267-926e-9463e171f71e,20/09/2015 19:18:15,4,156548.0
12959,4a5cf927-5e23-4267-926e-9463e171f71e,20/09/2015 18:18:15,10,156544.0
12960,4a5cf927-5e23-4267-926e-9463e171f71e,20/09/2015 17:18:15,4,156534.0
12961,4a5cf927-5e23-4267-926e-9463e171f71e,20/09/2015 16:18:15,10,156530.0
12962,4a5cf927-5e23-4267-926e-9463e171f71e,20/09/2015 15:18:15,5,156520.0
12963,4a5cf927-5e23-4267-926e-9463e171f71e,20/09/2015 14:18:15,10,156515.0
12964,4a5cf927-5e23-4267-926e-9463e171f71e,20/09/2015 13:18:15,1,156505.0
12965,4a5cf927-5e23-4267-926e-9463e171f71e,20/09/2015 12:18:15,13,156504.0
12966,4a5cf927-5e23-4267-926e-9463e171f71e,20/09/2015 11:18:17,47,156491.0
12967,4a5cf927-5e23-4267-926e-9463e171f71e,20/09/2015 10:18:17,83,156444.0
12968,4a5cf927-5e23-4267-926e-9463e171f71e,20/09/2015 09:18:17,4,156361.0
12969,4a5cf927-5e23-4267-926e-9463e171f71e,20/09/2015 08:18:17,0,156357.0
12970,4a5cf927-5e23-4267-926e-9463e171f71e,20/09/2015 07:18:16,0,156357.0
12971,4a5cf927-5e23-4267-926e-9463e171f71e,20/09/2015 06:18:16,0,156357.0
12972,4a5cf927-5e23-4267-926e-9463e171f71e,20/09/2015 05:18:16,0,156357.0
12973,4a5cf927-5e23-4267-926e-9463e171f71e,20/09/2015 04:18:16,0,156357.0
12974,4a5cf927-5e23-4267-926e-9463e171f71e,20/09/2015 03:18:17,4,156357.0
12975,4a5cf927-5e23-4267-926e-9463e171f71e,20/09/2015 02:18:17,0,156353.0
12976,4a5cf927-5e23-4267-926e-9463e171f71e,20/09/2015 01:18:17,3,156353.0
12977,4a5cf927-5e23-4267-926e-9463e171f71e,20/09/2015 00:18:17,30,156350.0
12978,4a5cf927-5e23-4267-926e-9463e171f71e,19/09/2015 23:18:14,6,156320.0
12979,4a5cf927-5e23-4267-926e-9463e171f71e,19/09/2015 22:18:14,0,156314.0
12980,4a5cf927-5e23-4267-926e-9463e171f71e,19/09/2015 21:18:14,0,156314.0
12981,4a5cf927-5e23-4267-926e-9463e171f71e,19/09/2015 20:18:14,0,156314.0
12982,4a5cf927-5e23-4267-926e-9463e171f71e,19/09/2015 19:18:18,0,156314.0
12983,4a5cf927-5e23-4267-926e-9463e171f71e,19/09/2015 18:18:18,4,156314.0
12984,4a5cf927-5e23-4267-926e-9463e171f71e,19/09/2015 17:18:18,0,156310.0
12985,4a5cf927-5e23-4267-926e-9463e171f71e,19/09/2015 16:18:18,25,156310.0
12986,4a5cf927-5e23-4267-926e-9463e171f71e,19/09/2015 15:18:17,15,156285.0
12987,4a5cf927-5e23-4267-926e-9463e171f71e,19/09/2015 14:18:17,3,156270.0
12988,4a5cf927-5e23-4267-926e-9463e171f71e,19/09/2015 13:18:17,0,156267.0
12989,4a5cf927-5e23-4267-926e-9463e171f71e,19/09/2015 12:18:17,52,156267.0
12990,4a5cf927-5e23-4267-926e-9463e171f71e,19/09/2015 11:18:19,24,156215.0
12991,4a5cf927-5e23-4267-926e-9463e171f71e,19/09/2015 10:18:19,26,156191.0
12992,4a5cf927-5e23-4267-926e-9463e171f71e,19/09/2015 09:18:19,65,156165.0
12993,4a5cf927-5e23-4267-926e-9463e171f71e,19/09/2015 08:18:19,0,156100.0
12994,4a5cf927-5e23-4267-926e-9463e171f71e,19/09/2015 07:18:19,0,156100.0
12995,4a5cf927-5e23-4267-926e-9463e171f71e,19/09/2015 06:18:19,0,156100.0
12996,4a5cf927-5e23-4267-926e-9463e171f71e,19/09/2015 05:18:19,0,156100.0
12997,4a5cf927-5e23-4267-926e-9463e171f71e,19/09/2015 04:18:19,0,156100.0
12998,4a5cf927-5e23-4267-926e-9463e171f71e,19/09/2015 03:18:20,16,156100.0
12999,4a5cf927-5e23-4267-926e-9463e171f71e,19/09/2015 02:18:20,0,156084.0
13000,4a5cf927-5e23-4267-926e-9463e171f71e,19/09/2015 01:18:20,0,156084.0
13001,4a5cf927-5e23-4267-926e-9463e171f71e,19/09/2015 00:18:20,0,156084.0
13002,4a5cf927-5e23-4267-926e-9463e171f71e,18/09/2015 23:18:19,0,156084.0
13003,4a5cf927-5e23-4267-926e-9463e171f71e,18/09/2015 22:18:19,0,156084.0
13004,4a5cf927-5e23-4267-926e-9463e171f71e,18/09/2015 21:18:19,0,156084.0
13005,4a5cf927-5e23-4267-926e-9463e171f71e,18/09/2015 20:18:19,2,156084.0
13006,4a5cf927-5e23-4267-926e-9463e171f71e,18/09/2015 19:18:22,13,156082.0
13007,4a5cf927-5e23-4267-926e-9463e171f71e,18/09/2015 18:18:22,0,156069.0
13008,4a5cf927-5e23-4267-926e-9463e171f71e,18/09/2015 17:18:22,0,156069.0
13009,4a5cf927-5e23-4267-926e-9463e171f71e,18/09/2015 16:18:22,9,156069.0
13010,4a5cf927-5e23-4267-926e-9463e171f71e,18/09/2015 15:18:20,0,156060.0
13011,4a5cf927-5e23-4267-926e-9463e171f71e,18/09/2015 14:18:20,0,156060.0
13012,4a5cf927-5e23-4267-926e-9463e171f71e,18/09/2015 13:18:20,6,156060.0
13013,4a5cf927-5e23-4267-926e-9463e171f71e,18/09/2015 12:18:20,17,156054.0
13014,4a5cf927-5e23-4267-926e-9463e171f71e,18/09/2015 11:18:22,89,156037.0
13015,4a5cf927-5e23-4267-926e-9463e171f71e,18/09/2015 10:18:22,19,155948.0
13016,4a5cf927-5e23-4267-926e-9463e171f71e,18/09/2015 09:18:22,13,155929.0
13017,4a5cf927-5e23-4267-926e-9463e171f71e,18/09/2015 08:18:22,0,155916.0
13018,4a5cf927-5e23-4267-926e-9463e171f71e,18/09/2015 07:18:21,0,155916.0
13019,4a5cf927-5e23-4267-926e-9463e171f71e,18/09/2015 06:18:21,0,155916.0
13020,4a5cf927-5e23-4267-926e-9463e171f71e,18/09/2015 05:18:21,0,155916.0
13021,4a5cf927-5e23-4267-926e-9463e171f71e,18/09/2015 04:18:21,0,155916.0
13022,4a5cf927-5e23-4267-926e-9463e171f71e,18/09/2015 03:18:22,0,155916.0
13023,4a5cf927-5e23-4267-926e-9463e171f71e,18/09/2015 02:18:22,0,155916.0
13024,4a5cf927-5e23-4267-926e-9463e171f71e,18/09/2015 01:18:22,0,155916.0
13025,4a5cf927-5e23-4267-926e-9463e171f71e,18/09/2015 00:18:22,3,155916.0
13026,4a5cf927-5e23-4267-926e-9463e171f71e,17/09/2015 23:18:20,8,155913.0
13027,4a5cf927-5e23-4267-926e-9463e171f71e,17/09/2015 22:18:20,0,155905.0
13028,4a5cf927-5e23-4267-926e-9463e171f71e,17/09/2015 21:18:20,0,155905.0
13029,4a5cf927-5e23-4267-926e-9463e171f71e,17/09/2015 20:18:20,4,155905.0
13030,4a5cf927-5e23-4267-926e-9463e171f71e,17/09/2015 19:18:22,12,155901.0
13031,4a5cf927-5e23-4267-926e-9463e171f71e,17/09/2015 18:18:22,0,155889.0
13032,4a5cf927-5e23-4267-926e-9463e171f71e,17/09/2015 17:18:22,10,155889.0
13033,4a5cf927-5e23-4267-926e-9463e171f71e,17/09/2015 16:18:22,11,155879.0
13034,4a5cf927-5e23-4267-926e-9463e171f71e,17/09/2015 15:18:22,10,155868.0
13035,4a5cf927-5e23-4267-926e-9463e171f71e,17/09/2015 14:18:22,0,155858.0
13036,4a5cf927-5e23-4267-926e-9463e171f71e,17/09/2015 13:18:22,11,155858.0
13037,4a5cf927-5e23-4267-926e-9463e171f71e,17/09/2015 12:18:22,54,155847.0
13038,4a5cf927-5e23-4267-926e-9463e171f71e,17/09/2015 11:18:40,23,155793.0
13039,4a5cf927-5e23-4267-926e-9463e171f71e,17/09/2015 10:18:40,38,155770.0
13040,4a5cf927-5e23-4267-926e-9463e171f71e,17/09/2015 09:18:40,36,155732.0
13041,4a5cf927-5e23-4267-926e-9463e171f71e,17/09/2015 08:18:40,0,155696.0
13042,4a5cf927-5e23-4267-926e-9463e171f71e,17/09/2015 07:18:24,0,155696.0
13043,4a5cf927-5e23-4267-926e-9463e171f71e,17/09/2015 06:18:24,0,155696.0
13044,4a5cf927-5e23-4267-926e-9463e171f71e,17/09/2015 05:18:24,0,155696.0
13045,4a5cf927-5e23-4267-926e-9463e171f71e,17/09/2015 04:18:24,0,155696.0
13046,4a5cf927-5e23-4267-926e-9463e171f71e,17/09/2015 03:18:26,0,155696.0
13047,4a5cf927-5e23-4267-926e-9463e171f71e,17/09/2015 02:18:26,0,155696.0
13048,4a5cf927-5e23-4267-926e-9463e171f71e,17/09/2015 01:18:26,3,155696.0
13049,4a5cf927-5e23-4267-926e-9463e171f71e,17/09/2015 00:18:26,8,155693.0
13050,4a5cf927-5e23-4267-926e-9463e171f71e,16/09/2015 23:18:22,11,155685.0
13051,4a5cf927-5e23-4267-926e-9463e171f71e,16/09/2015 22:18:22,6,155674.0
13052,4a5cf927-5e23-4267-926e-9463e171f71e,16/09/2015 21:18:22,6,155668.0
13053,4a5cf927-5e23-4267-926e-9463e171f71e,16/09/2015 20:18:22,0,155662.0
13054,4a5cf927-5e23-4267-926e-9463e171f71e,16/09/2015 19:18:37,0,155662.0
13055,4a5cf927-5e23-4267-926e-9463e171f71e,16/09/2015 18:18:37,7,155662.0
13056,4a5cf927-5e23-4267-926e-9463e171f71e,16/09/2015 17:18:37,17,155655.0
13057,4a5cf927-5e23-4267-926e-9463e171f71e,16/09/2015 16:18:37,18,155638.0
13058,4a5cf927-5e23-4267-926e-9463e171f71e,16/09/2015 15:18:24,9,155620.0
13059,4a5cf927-5e23-4267-926e-9463e171f71e,16/09/2015 14:18:24,17,155611.0
13060,4a5cf927-5e23-4267-926e-9463e171f71e,16/09/2015 13:18:24,14,155594.0
13061,4a5cf927-5e23-4267-926e-9463e171f71e,16/09/2015 12:18:24,0,155580.0
13062,4a5cf927-5e23-4267-926e-9463e171f71e,16/09/2015 11:18:27,97,155580.0
13063,4a5cf927-5e23-4267-926e-9463e171f71e,16/09/2015 10:18:27,37,155483.0
13064,4a5cf927-5e23-4267-926e-9463e171f71e,16/09/2015 09:18:27,6,155446.0
13065,4a5cf927-5e23-4267-926e-9463e171f71e,16/09/2015 08:18:27,0,155440.0
13066,4a5cf927-5e23-4267-926e-9463e171f71e,16/09/2015 07:18:25,0,155440.0
13067,4a5cf927-5e23-4267-926e-9463e171f71e,16/09/2015 06:18:25,0,155440.0
13068,4a5cf927-5e23-4267-926e-9463e171f71e,16/09/2015 05:18:25,0,155440.0
13069,4a5cf927-5e23-4267-926e-9463e171f71e,16/09/2015 04:18:25,0,155440.0
13070,4a5cf927-5e23-4267-926e-9463e171f71e,16/09/2015 03:18:27,0,155440.0
13071,4a5cf927-5e23-4267-926e-9463e171f71e,16/09/2015 02:18:27,3,155440.0
13072,4a5cf927-5e23-4267-926e-9463e171f71e,16/09/2015 01:18:27,5,155437.0
13073,4a5cf927-5e23-4267-926e-9463e171f71e,16/09/2015 00:18:27,11,155432.0
13074,4a5cf927-5e23-4267-926e-9463e171f71e,15/09/2015 23:18:28,11,155421.0
13075,4a5cf927-5e23-4267-926e-9463e171f71e,15/09/2015 22:18:28,0,155410.0
13076,4a5cf927-5e23-4267-926e-9463e171f71e,15/09/2015 21:18:28,0,155410.0
13077,4a5cf927-5e23-4267-926e-9463e171f71e,15/09/2015 20:18:28,0,155410.0
13078,4a5cf927-5e23-4267-926e-9463e171f71e,15/09/2015 19:18:27,0,155410.0
13079,4a5cf927-5e23-4267-926e-9463e171f71e,15/09/2015 18:18:27,0,155410.0
13080,4a5cf927-5e23-4267-926e-9463e171f71e,15/09/2015 17:18:27,14,155410.0
13081,4a5cf927-5e23-4267-926e-9463e171f71e,15/09/2015 16:18:27,9,155396.0
13082,4a5cf927-5e23-4267-926e-9463e171f71e,15/09/2015 15:18:27,2,155387.0
13083,4a5cf927-5e23-4267-926e-9463e171f71e,15/09/2015 14:18:27,0,155385.0
13084,4a5cf927-5e23-4267-926e-9463e171f71e,15/09/2015 13:18:27,6,155385.0
13085,4a5cf927-5e23-4267-926e-9463e171f71e,15/09/2015 12:18:27,8,155379.0
13086,4a5cf927-5e23-4267-926e-9463e171f71e,15/09/2015 11:18:30,36,155371.0
13087,4a5cf927-5e23-4267-926e-9463e171f71e,15/09/2015 10:18:30,19,155335.0
13088,4a5cf927-5e23-4267-926e-9463e171f71e,15/09/2015 09:18:30,117,155316.0
13089,4a5cf927-5e23-4267-926e-9463e171f71e,15/09/2015 08:18:30,0,155199.0
13090,4a5cf927-5e23-4267-926e-9463e171f71e,15/09/2015 07:18:28,0,155199.0
13091,4a5cf927-5e23-4267-926e-9463e171f71e,15/09/2015 06:18:28,0,155199.0
13092,4a5cf927-5e23-4267-926e-9463e171f71e,15/09/2015 05:18:28,0,155199.0
13093,4a5cf927-5e23-4267-926e-9463e171f71e,15/09/2015 04:18:28,19,155199.0
13094,4a5cf927-5e23-4267-926e-9463e171f71e,14/09/2015 23:18:28,2,155180.0
13095,4a5cf927-5e23-4267-926e-9463e171f71e,14/09/2015 22:18:28,3,155178.0
13096,4a5cf927-5e23-4267-926e-9463e171f71e,14/09/2015 21:18:28,0,155175.0
13097,4a5cf927-5e23-4267-926e-9463e171f71e,14/09/2015 20:18:28,0,155175.0
13098,4a5cf927-5e23-4267-926e-9463e171f71e,14/09/2015 19:18:30,0,155175.0
13099,4a5cf927-5e23-4267-926e-9463e171f71e,14/09/2015 18:18:30,0,155175.0
13100,4a5cf927-5e23-4267-926e-9463e171f71e,14/09/2015 17:18:30,7,155175.0
13101,4a5cf927-5e23-4267-926e-9463e171f71e,14/09/2015 16:18:30,13,155168.0
13102,4a5cf927-5e23-4267-926e-9463e171f71e,14/09/2015 15:18:32,24,155155.0
13103,4a5cf927-5e23-4267-926e-9463e171f71e,14/09/2015 14:18:32,14,155131.0
13104,4a5cf927-5e23-4267-926e-9463e171f71e,14/09/2015 13:18:32,4,155117.0
13105,4a5cf927-5e23-4267-926e-9463e171f71e,14/09/2015 12:18:32,71,155113.0
13106,4a5cf927-5e23-4267-926e-9463e171f71e,14/09/2015 11:18:32,94,155042.0
13107,4a5cf927-5e23-4267-926e-9463e171f71e,14/09/2015 10:18:32,22,154948.0
13108,4a5cf927-5e23-4267-926e-9463e171f71e,14/09/2015 09:18:32,16,154926.0
13109,4a5cf927-5e23-4267-926e-9463e171f71e,14/09/2015 08:18:32,5,154910.0
13110,4a5cf927-5e23-4267-926e-9463e171f71e,14/09/2015 07:18:32,0,154905.0
13111,4a5cf927-5e23-4267-926e-9463e171f71e,14/09/2015 06:18:32,0,154905.0
13112,4a5cf927-5e23-4267-926e-9463e171f71e,14/09/2015 05:18:32,0,154905.0
13113,4a5cf927-5e23-4267-926e-9463e171f71e,14/09/2015 04:18:32,0,154905.0
13114,4a5cf927-5e23-4267-926e-9463e171f71e,14/09/2015 03:18:32,0,154905.0
13115,4a5cf927-5e23-4267-926e-9463e171f71e,14/09/2015 02:18:32,0,154905.0
13116,4a5cf927-5e23-4267-926e-9463e171f71e,14/09/2015 01:18:32,6,154905.0
13117,4a5cf927-5e23-4267-926e-9463e171f71e,14/09/2015 00:18:32,99,154899.0
13118,4a5cf927-5e23-4267-926e-9463e171f71e,13/09/2015 23:18:32,7,154800.0
13119,4a5cf927-5e23-4267-926e-9463e171f71e,13/09/2015 22:18:32,24,154793.0
13120,4a5cf927-5e23-4267-926e-9463e171f71e,13/09/2015 21:18:32,0,154769.0
13121,4a5cf927-5e23-4267-926e-9463e171f71e,13/09/2015 20:18:32,1,154769.0
13122,4a5cf927-5e23-4267-926e-9463e171f71e,13/09/2015 19:18:32,0,154768.0
13123,4a5cf927-5e23-4267-926e-9463e171f71e,13/09/2015 18:18:32,0,154768.0
13124,4a5cf927-5e23-4267-926e-9463e171f71e,13/09/2015 17:18:32,0,154768.0
13125,4a5cf927-5e23-4267-926e-9463e171f71e,13/09/2015 16:18:32,0,154768.0
13126,4a5cf927-5e23-4267-926e-9463e171f71e,13/09/2015 15:18:32,16,154768.0
13127,4a5cf927-5e23-4267-926e-9463e171f71e,13/09/2015 14:18:32,2,154752.0
13128,4a5cf927-5e23-4267-926e-9463e171f71e,13/09/2015 13:18:32,0,154750.0
13129,4a5cf927-5e23-4267-926e-9463e171f71e,13/09/2015 12:18:32,0,154750.0
13130,4a5cf927-5e23-4267-926e-9463e171f71e,13/09/2015 11:18:33,21,154750.0
13131,4a5cf927-5e23-4267-926e-9463e171f71e,13/09/2015 10:18:33,89,154729.0
13132,4a5cf927-5e23-4267-926e-9463e171f71e,13/09/2015 09:18:33,4,154640.0
13133,4a5cf927-5e23-4267-926e-9463e171f71e,13/09/2015 08:18:33,0,154636.0
13134,4a5cf927-5e23-4267-926e-9463e171f71e,13/09/2015 07:18:32,0,154636.0
13135,4a5cf927-5e23-4267-926e-9463e171f71e,13/09/2015 06:18:32,0,154636.0
13136,4a5cf927-5e23-4267-926e-9463e171f71e,13/09/2015 05:18:32,0,154636.0
13137,4a5cf927-5e23-4267-926e-9463e171f71e,13/09/2015 04:18:32,0,154636.0
13138,4a5cf927-5e23-4267-926e-9463e171f71e,13/09/2015 03:18:34,7,154636.0
13139,4a5cf927-5e23-4267-926e-9463e171f71e,13/09/2015 02:18:34,0,154629.0
13140,4a5cf927-5e23-4267-926e-9463e171f71e,13/09/2015 01:18:34,0,154629.0
13141,4a5cf927-5e23-4267-926e-9463e171f71e,13/09/2015 00:18:34,0,154629.0
13142,4a5cf927-5e23-4267-926e-9463e171f71e,12/9/2015 23:18,8,154629.0
13143,4a5cf927-5e23-4267-926e-9463e171f71e,12/9/2015 22:18,21,154621.0
13144,4a5cf927-5e23-4267-926e-9463e171f71e,12/9/2015 21:18,0,154600.0
13145,4a5cf927-5e23-4267-926e-9463e171f71e,12/9/2015 20:18,4,154600.0
13146,4a5cf927-5e23-4267-926e-9463e171f71e,12/9/2015 15:18,16,154596.0
13147,4a5cf927-5e23-4267-926e-9463e171f71e,12/9/2015 14:18,5,154580.0
13148,4a5cf927-5e23-4267-926e-9463e171f71e,12/9/2015 13:18,8,154575.0
13149,4a5cf927-5e23-4267-926e-9463e171f71e,12/9/2015 12:18,76,154567.0
13150,4a5cf927-5e23-4267-926e-9463e171f71e,12/9/2015 11:18,18,154491.0
13151,4a5cf927-5e23-4267-926e-9463e171f71e,12/9/2015 10:18,6,154473.0
13152,4a5cf927-5e23-4267-926e-9463e171f71e,12/9/2015 9:18,6,154467.0
13153,4a5cf927-5e23-4267-926e-9463e171f71e,12/9/2015 8:18,83,154461.0
13154,4a5cf927-5e23-4267-926e-9463e171f71e,12/9/2015 7:18,0,154378.0
13155,4a5cf927-5e23-4267-926e-9463e171f71e,12/9/2015 6:18,0,154378.0
13156,4a5cf927-5e23-4267-926e-9463e171f71e,12/9/2015 5:18,0,154378.0
13157,4a5cf927-5e23-4267-926e-9463e171f71e,12/9/2015 4:18,0,154378.0
13158,4a5cf927-5e23-4267-926e-9463e171f71e,12/9/2015 3:18,0,154378.0
13159,4a5cf927-5e23-4267-926e-9463e171f71e,12/9/2015 2:18,0,154378.0
13160,4a5cf927-5e23-4267-926e-9463e171f71e,12/9/2015 1:18,7,154378.0
13161,4a5cf927-5e23-4267-926e-9463e171f71e,12/9/2015 0:18,31,154371.0
13162,4a5cf927-5e23-4267-926e-9463e171f71e,11/9/2015 23:18,11,154340.0
13163,4a5cf927-5e23-4267-926e-9463e171f71e,11/9/2015 22:18,2,154329.0
13164,4a5cf927-5e23-4267-926e-9463e171f71e,11/9/2015 21:18,0,154327.0
13165,4a5cf927-5e23-4267-926e-9463e171f71e,11/9/2015 20:18,0,154327.0
13166,4a5cf927-5e23-4267-926e-9463e171f71e,11/9/2015 19:18,0,154327.0
13167,4a5cf927-5e23-4267-926e-9463e171f71e,11/9/2015 18:18,0,154327.0
13168,4a5cf927-5e23-4267-926e-9463e171f71e,11/9/2015 17:18,0,154327.0
13169,4a5cf927-5e23-4267-926e-9463e171f71e,11/9/2015 16:18,15,154327.0
13170,4a5cf927-5e23-4267-926e-9463e171f71e,11/9/2015 15:18,10,154312.0
13171,4a5cf927-5e23-4267-926e-9463e171f71e,11/9/2015 14:18,15,154302.0
13172,4a5cf927-5e23-4267-926e-9463e171f71e,11/9/2015 13:18,4,154287.0
13173,4a5cf927-5e23-4267-926e-9463e171f71e,11/9/2015 12:18,6,154283.0
13174,4a5cf927-5e23-4267-926e-9463e171f71e,11/9/2015 11:18,9,154277.0
13175,4a5cf927-5e23-4267-926e-9463e171f71e,11/9/2015 10:18,57,154268.0
13176,4a5cf927-5e23-4267-926e-9463e171f71e,11/9/2015 9:18,11,154211.0
13177,4a5cf927-5e23-4267-926e-9463e171f71e,11/9/2015 8:18,73,154200.0
13178,4a5cf927-5e23-4267-926e-9463e171f71e,11/9/2015 7:18,0,154127.0
13179,4a5cf927-5e23-4267-926e-9463e171f71e,11/9/2015 6:18,0,154127.0
13180,4a5cf927-5e23-4267-926e-9463e171f71e,11/9/2015 5:18,0,154127.0
13181,4a5cf927-5e23-4267-926e-9463e171f71e,11/9/2015 4:18,0,154127.0
13182,4a5cf927-5e23-4267-926e-9463e171f71e,11/9/2015 3:18,0,154127.0
13183,4a5cf927-5e23-4267-926e-9463e171f71e,11/9/2015 2:18,0,154127.0
13184,4a5cf927-5e23-4267-926e-9463e171f71e,11/9/2015 1:18,0,154127.0
13185,4a5cf927-5e23-4267-926e-9463e171f71e,11/9/2015 0:18,3,154127.0
13186,4a5cf927-5e23-4267-926e-9463e171f71e,10/9/2015 23:18,18,154124.0
13187,4a5cf927-5e23-4267-926e-9463e171f71e,10/9/2015 22:18,0,154106.0
13188,4a5cf927-5e23-4267-926e-9463e171f71e,10/9/2015 21:18,0,154106.0
13189,4a5cf927-5e23-4267-926e-9463e171f71e,10/9/2015 20:18,0,154106.0
13190,4a5cf927-5e23-4267-926e-9463e171f71e,10/9/2015 19:18,0,154106.0
13191,4a5cf927-5e23-4267-926e-9463e171f71e,10/9/2015 18:18,0,154106.0
13192,4a5cf927-5e23-4267-926e-9463e171f71e,10/9/2015 17:18,0,154106.0
13193,4a5cf927-5e23-4267-926e-9463e171f71e,10/9/2015 16:18,0,154106.0
13194,4a5cf927-5e23-4267-926e-9463e171f71e,10/9/2015 15:18,0,154106.0
13195,4a5cf927-5e23-4267-926e-9463e171f71e,10/9/2015 14:18,14,154106.0
13196,4a5cf927-5e23-4267-926e-9463e171f71e,10/9/2015 13:18,92,154092.0
13197,4a5cf927-5e23-4267-926e-9463e171f71e,10/9/2015 12:18,8,154000.0
13198,4a5cf927-5e23-4267-926e-9463e171f71e,10/9/2015 11:18,12,153992.0
13199,4a5cf927-5e23-4267-926e-9463e171f71e,10/9/2015 10:18,28,153980.0
13200,4a5cf927-5e23-4267-926e-9463e171f71e,10/9/2015 9:18,18,153952.0
13201,4a5cf927-5e23-4267-926e-9463e171f71e,10/9/2015 8:18,0,153934.0
13202,4a5cf927-5e23-4267-926e-9463e171f71e,10/9/2015 7:18,0,153934.0
13203,4a5cf927-5e23-4267-926e-9463e171f71e,10/9/2015 6:18,0,153934.0
13204,4a5cf927-5e23-4267-926e-9463e171f71e,10/9/2015 5:18,0,153934.0
13205,4a5cf927-5e23-4267-926e-9463e171f71e,10/9/2015 4:18,10,153934.0
13206,4a5cf927-5e23-4267-926e-9463e171f71e,9/9/2015 23:18,7,153924.0
13207,4a5cf927-5e23-4267-926e-9463e171f71e,9/9/2015 22:18,0,153917.0
13208,4a5cf927-5e23-4267-926e-9463e171f71e,9/9/2015 21:18,0,153917.0
13209,4a5cf927-5e23-4267-926e-9463e171f71e,9/9/2015 20:18,0,153917.0
13210,4a5cf927-5e23-4267-926e-9463e171f71e,9/9/2015 19:18,0,153917.0
13211,4a5cf927-5e23-4267-926e-9463e171f71e,9/9/2015 18:18,8,153917.0
13212,4a5cf927-5e23-4267-926e-9463e171f71e,9/9/2015 17:18,0,153909.0
13213,4a5cf927-5e23-4267-926e-9463e171f71e,9/9/2015 16:18,14,153909.0
13214,4a5cf927-5e23-4267-926e-9463e171f71e,9/9/2015 15:18,22,153895.0
13215,4a5cf927-5e23-4267-926e-9463e171f71e,9/9/2015 14:18,26,153873.0
13216,4a5cf927-5e23-4267-926e-9463e171f71e,9/9/2015 13:18,58,153847.0
13217,4a5cf927-5e23-4267-926e-9463e171f71e,9/9/2015 12:18,73,153789.0
13218,4a5cf927-5e23-4267-926e-9463e171f71e,9/9/2015 11:18,15,153716.0
13219,4a5cf927-5e23-4267-926e-9463e171f71e,9/9/2015 10:18,75,153701.0
13220,4a5cf927-5e23-4267-926e-9463e171f71e,9/9/2015 9:18,19,153626.0
13221,4a5cf927-5e23-4267-926e-9463e171f71e,9/9/2015 8:18,0,153607.0
13222,4a5cf927-5e23-4267-926e-9463e171f71e,9/9/2015 3:18,0,153607.0
13223,4a5cf927-5e23-4267-926e-9463e171f71e,9/9/2015 2:18,0,153607.0
13224,4a5cf927-5e23-4267-926e-9463e171f71e,9/9/2015 1:18,0,153607.0
13225,4a5cf927-5e23-4267-926e-9463e171f71e,9/9/2015 0:18,9,153607.0
13226,4a5cf927-5e23-4267-926e-9463e171f71e,8/9/2015 23:18,7,153598.0
13227,4a5cf927-5e23-4267-926e-9463e171f71e,8/9/2015 22:18,0,153591.0
13228,4a5cf927-5e23-4267-926e-9463e171f71e,8/9/2015 21:18,7,153591.0
13229,4a5cf927-5e23-4267-926e-9463e171f71e,8/9/2015 20:18,0,153584.0
13230,4a5cf927-5e23-4267-926e-9463e171f71e,8/9/2015 19:18,0,153584.0
13231,4a5cf927-5e23-4267-926e-9463e171f71e,8/9/2015 18:18,0,153584.0
13232,4a5cf927-5e23-4267-926e-9463e171f71e,8/9/2015 17:18,0,153584.0
13233,4a5cf927-5e23-4267-926e-9463e171f71e,8/9/2015 16:18,4,153584.0
13234,4a5cf927-5e23-4267-926e-9463e171f71e,8/9/2015 15:18,22,153580.0
13235,4a5cf927-5e23-4267-926e-9463e171f71e,8/9/2015 14:18,7,153558.0
13236,4a5cf927-5e23-4267-926e-9463e171f71e,8/9/2015 13:18,8,153551.0
13237,4a5cf927-5e23-4267-926e-9463e171f71e,8/9/2015 12:18,0,153543.0
13238,4a5cf927-5e23-4267-926e-9463e171f71e,8/9/2015 11:18,7,153543.0
13239,4a5cf927-5e23-4267-926e-9463e171f71e,8/9/2015 10:18,49,153536.0
13240,4a5cf927-5e23-4267-926e-9463e171f71e,8/9/2015 9:18,18,153487.0
13241,4a5cf927-5e23-4267-926e-9463e171f71e,8/9/2015 8:18,88,153469.0
13242,4a5cf927-5e23-4267-926e-9463e171f71e,8/9/2015 7:18,0,153381.0
13243,4a5cf927-5e23-4267-926e-9463e171f71e,8/9/2015 6:18,0,153381.0
13244,4a5cf927-5e23-4267-926e-9463e171f71e,8/9/2015 5:18,0,153381.0
13245,4a5cf927-5e23-4267-926e-9463e171f71e,8/9/2015 4:18,15,153381.0
13246,4a5cf927-5e23-4267-926e-9463e171f71e,7/9/2015 23:18,8,153366.0
13247,4a5cf927-5e23-4267-926e-9463e171f71e,7/9/2015 22:18,0,153358.0
13248,4a5cf927-5e23-4267-926e-9463e171f71e,7/9/2015 21:18,0,153358.0
13249,4a5cf927-5e23-4267-926e-9463e171f71e,7/9/2015 20:18,0,153358.0
13250,4a5cf927-5e23-4267-926e-9463e171f71e,7/9/2015 19:18,0,153358.0
13251,4a5cf927-5e23-4267-926e-9463e171f71e,7/9/2015 18:18,0,153358.0
13252,4a5cf927-5e23-4267-926e-9463e171f71e,7/9/2015 17:18,0,153358.0
13253,4a5cf927-5e23-4267-926e-9463e171f71e,7/9/2015 16:18,6,153358.0
13254,4a5cf927-5e23-4267-926e-9463e171f71e,7/9/2015 15:18,15,153352.0
13255,4a5cf927-5e23-4267-926e-9463e171f71e,7/9/2015 14:18,8,153337.0
13256,4a5cf927-5e23-4267-926e-9463e171f71e,7/9/2015 13:18,10,153329.0
13257,4a5cf927-5e23-4267-926e-9463e171f71e,7/9/2015 12:18,51,153319.0
13258,4a5cf927-5e23-4267-926e-9463e171f71e,7/9/2015 11:18,7,153268.0
13259,4a5cf927-5e23-4267-926e-9463e171f71e,7/9/2015 10:18,11,153261.0
13260,4a5cf927-5e23-4267-926e-9463e171f71e,7/9/2015 9:18,23,153250.0
13261,4a5cf927-5e23-4267-926e-9463e171f71e,7/9/2015 8:18,100,153227.0
13262,4a5cf927-5e23-4267-926e-9463e171f71e,7/9/2015 7:18,0,153127.0
13263,4a5cf927-5e23-4267-926e-9463e171f71e,7/9/2015 6:18,0,153127.0
13264,4a5cf927-5e23-4267-926e-9463e171f71e,7/9/2015 5:18,0,153127.0
13265,4a5cf927-5e23-4267-926e-9463e171f71e,7/9/2015 4:18,0,153127.0
13266,4a5cf927-5e23-4267-926e-9463e171f71e,7/9/2015 3:18,0,153127.0
13267,4a5cf927-5e23-4267-926e-9463e171f71e,7/9/2015 2:18,0,153127.0
13268,4a5cf927-5e23-4267-926e-9463e171f71e,7/9/2015 1:18,0,153127.0
13269,4a5cf927-5e23-4267-926e-9463e171f71e,7/9/2015 0:18,0,153127.0
13270,4a5cf927-5e23-4267-926e-9463e171f71e,6/9/2015 23:18,11,153127.0
13271,4a5cf927-5e23-4267-926e-9463e171f71e,6/9/2015 22:18,17,153116.0
13272,4a5cf927-5e23-4267-926e-9463e171f71e,6/9/2015 21:18,3,153099.0
13273,4a5cf927-5e23-4267-926e-9463e171f71e,6/9/2015 20:18,8,153096.0
13274,4a5cf927-5e23-4267-926e-9463e171f71e,6/9/2015 19:18,0,153088.0
13275,4a5cf927-5e23-4267-926e-9463e171f71e,6/9/2015 18:18,0,153088.0
13276,4a5cf927-5e23-4267-926e-9463e171f71e,6/9/2015 17:18,0,153088.0
13277,4a5cf927-5e23-4267-926e-9463e171f71e,6/9/2015 16:18,31,153088.0
13278,4a5cf927-5e23-4267-926e-9463e171f71e,6/9/2015 15:18,14,153057.0
13279,4a5cf927-5e23-4267-926e-9463e171f71e,6/9/2015 14:18,0,153043.0
13280,4a5cf927-5e23-4267-926e-9463e171f71e,6/9/2015 13:18,42,153043.0
13281,4a5cf927-5e23-4267-926e-9463e171f71e,6/9/2015 12:18,30,153001.0
13282,4a5cf927-5e23-4267-926e-9463e171f71e,6/9/2015 11:18,31,152971.0
13283,4a5cf927-5e23-4267-926e-9463e171f71e,6/9/2015 10:18,65,152940.0
13284,4a5cf927-5e23-4267-926e-9463e171f71e,6/9/2015 9:18,18,152875.0
13285,4a5cf927-5e23-4267-926e-9463e171f71e,6/9/2015 8:18,0,152857.0
13286,4a5cf927-5e23-4267-926e-9463e171f71e,6/9/2015 3:18,13,152857.0
13287,4a5cf927-5e23-4267-926e-9463e171f71e,6/9/2015 2:18,0,152844.0
13288,4a5cf927-5e23-4267-926e-9463e171f71e,6/9/2015 1:18,7,152844.0
13289,4a5cf927-5e23-4267-926e-9463e171f71e,6/9/2015 0:18,27,152837.0
13290,4a5cf927-5e23-4267-926e-9463e171f71e,5/9/2015 23:18,13,152810.0
13291,4a5cf927-5e23-4267-926e-9463e171f71e,5/9/2015 22:18,0,152797.0
13292,4a5cf927-5e23-4267-926e-9463e171f71e,5/9/2015 21:18,0,152797.0
13293,4a5cf927-5e23-4267-926e-9463e171f71e,5/9/2015 20:18,203,152797.0
13294,4a5cf927-5e23-4267-926e-9463e171f71e,5/9/2015 15:19,19,152594.0
13295,4a5cf927-5e23-4267-926e-9463e171f71e,5/9/2015 14:19,5,152575.0
13296,4a5cf927-5e23-4267-926e-9463e171f71e,5/9/2015 13:19,4,152570.0
13297,4a5cf927-5e23-4267-926e-9463e171f71e,5/9/2015 12:19,103,152566.0
13298,4a5cf927-5e23-4267-926e-9463e171f71e,5/9/2015 11:18,13,152463.0
13299,4a5cf927-5e23-4267-926e-9463e171f71e,5/9/2015 10:18,24,152450.0
13300,4a5cf927-5e23-4267-926e-9463e171f71e,5/9/2015 9:18,0,152426.0
13301,4a5cf927-5e23-4267-926e-9463e171f71e,5/9/2015 8:18,0,152426.0
13302,4a5cf927-5e23-4267-926e-9463e171f71e,5/9/2015 7:18,0,152426.0
13303,4a5cf927-5e23-4267-926e-9463e171f71e,5/9/2015 6:18,0,152426.0
13304,4a5cf927-5e23-4267-926e-9463e171f71e,5/9/2015 5:18,0,152426.0
13305,4a5cf927-5e23-4267-926e-9463e171f71e,5/9/2015 4:18,0,152426.0
13306,4a5cf927-5e23-4267-926e-9463e171f71e,5/9/2015 3:18,3,152426.0
13307,4a5cf927-5e23-4267-926e-9463e171f71e,5/9/2015 2:18,0,152423.0
13308,4a5cf927-5e23-4267-926e-9463e171f71e,5/9/2015 1:18,7,152423.0
13309,4a5cf927-5e23-4267-926e-9463e171f71e,5/9/2015 0:18,0,152416.0
13310,4a5cf927-5e23-4267-926e-9463e171f71e,4/9/2015 23:18,0,152416.0
13311,4a5cf927-5e23-4267-926e-9463e171f71e,4/9/2015 22:18,14,152416.0
13312,4a5cf927-5e23-4267-926e-9463e171f71e,4/9/2015 21:18,3,152402.0
13313,4a5cf927-5e23-4267-926e-9463e171f71e,4/9/2015 20:18,3,152399.0
13314,4a5cf927-5e23-4267-926e-9463e171f71e,4/9/2015 19:18,0,152396.0
13315,4a5cf927-5e23-4267-926e-9463e171f71e,4/9/2015 18:18,4,152396.0
13316,4a5cf927-5e23-4267-926e-9463e171f71e,4/9/2015 17:18,0,152392.0
13317,4a5cf927-5e23-4267-926e-9463e171f71e,4/9/2015 16:18,6,152392.0
13318,4a5cf927-5e23-4267-926e-9463e171f71e,4/9/2015 15:18,16,152386.0
13319,4a5cf927-5e23-4267-926e-9463e171f71e,4/9/2015 14:18,0,152370.0
13320,4a5cf927-5e23-4267-926e-9463e171f71e,4/9/2015 13:18,12,152370.0
13321,4a5cf927-5e23-4267-926e-9463e171f71e,4/9/2015 12:18,0,152358.0
13322,4a5cf927-5e23-4267-926e-9463e171f71e,4/9/2015 11:18,94,152358.0
13323,4a5cf927-5e23-4267-926e-9463e171f71e,4/9/2015 10:18,35,152264.0
13324,4a5cf927-5e23-4267-926e-9463e171f71e,4/9/2015 9:18,21,152229.0
13325,4a5cf927-5e23-4267-926e-9463e171f71e,4/9/2015 8:18,0,152208.0
13326,4a5cf927-5e23-4267-926e-9463e171f71e,4/9/2015 7:18,0,152208.0
13327,4a5cf927-5e23-4267-926e-9463e171f71e,4/9/2015 6:18,0,152208.0
13328,4a5cf927-5e23-4267-926e-9463e171f71e,4/9/2015 5:18,0,152208.0
13329,4a5cf927-5e23-4267-926e-9463e171f71e,4/9/2015 4:18,0,152208.0
13330,4a5cf927-5e23-4267-926e-9463e171f71e,4/9/2015 3:18,0,152208.0
13331,4a5cf927-5e23-4267-926e-9463e171f71e,4/9/2015 2:18,0,152208.0
13332,4a5cf927-5e23-4267-926e-9463e171f71e,4/9/2015 1:18,0,152208.0
13333,4a5cf927-5e23-4267-926e-9463e171f71e,4/9/2015 0:18,2,152208.0
13334,4a5cf927-5e23-4267-926e-9463e171f71e,3/9/2015 23:18,10,152206.0
13335,4a5cf927-5e23-4267-926e-9463e171f71e,3/9/2015 22:18,4,152196.0
13336,4a5cf927-5e23-4267-926e-9463e171f71e,3/9/2015 21:18,0,152192.0
13337,4a5cf927-5e23-4267-926e-9463e171f71e,3/9/2015 20:18,0,152192.0
13338,4a5cf927-5e23-4267-926e-9463e171f71e,3/9/2015 19:18,0,152192.0
13339,4a5cf927-5e23-4267-926e-9463e171f71e,3/9/2015 18:18,0,152192.0
13340,4a5cf927-5e23-4267-926e-9463e171f71e,3/9/2015 17:18,7,152192.0
13341,4a5cf927-5e23-4267-926e-9463e171f71e,3/9/2015 16:18,7,152185.0
13342,4a5cf927-5e23-4267-926e-9463e171f71e,3/9/2015 15:18,10,152178.0
13343,4a5cf927-5e23-4267-926e-9463e171f71e,3/9/2015 14:18,14,152168.0
13344,4a5cf927-5e23-4267-926e-9463e171f71e,3/9/2015 13:18,2,152154.0
13345,4a5cf927-5e23-4267-926e-9463e171f71e,3/9/2015 12:18,88,152152.0
13346,4a5cf927-5e23-4267-926e-9463e171f71e,3/9/2015 11:18,27,152064.0
13347,4a5cf927-5e23-4267-926e-9463e171f71e,3/9/2015 10:18,70,152037.0
13348,4a5cf927-5e23-4267-926e-9463e171f71e,3/9/2015 9:18,6,151967.0
13349,4a5cf927-5e23-4267-926e-9463e171f71e,3/9/2015 8:18,0,151961.0
13350,4a5cf927-5e23-4267-926e-9463e171f71e,3/9/2015 7:18,0,151961.0
13351,4a5cf927-5e23-4267-926e-9463e171f71e,3/9/2015 6:18,0,151961.0
13352,4a5cf927-5e23-4267-926e-9463e171f71e,3/9/2015 5:18,0,151961.0
13353,4a5cf927-5e23-4267-926e-9463e171f71e,3/9/2015 4:18,20,151961.0
13354,4a5cf927-5e23-4267-926e-9463e171f71e,2/9/2015 23:18,8,151941.0
13355,4a5cf927-5e23-4267-926e-9463e171f71e,2/9/2015 22:18,1,151933.0
13356,4a5cf927-5e23-4267-926e-9463e171f71e,2/9/2015 21:18,0,151932.0
13357,4a5cf927-5e23-4267-926e-9463e171f71e,2/9/2015 20:18,0,151932.0
13358,4a5cf927-5e23-4267-926e-9463e171f71e,2/9/2015 19:18,0,151932.0
13359,4a5cf927-5e23-4267-926e-9463e171f71e,2/9/2015 18:18,0,151932.0
13360,4a5cf927-5e23-4267-926e-9463e171f71e,2/9/2015 17:18,6,151932.0
13361,4a5cf927-5e23-4267-926e-9463e171f71e,2/9/2015 16:18,6,151926.0
13362,4a5cf927-5e23-4267-926e-9463e171f71e,2/9/2015 15:18,17,151920.0
13363,4a5cf927-5e23-4267-926e-9463e171f71e,2/9/2015 14:18,26,151903.0
13364,4a5cf927-5e23-4267-926e-9463e171f71e,2/9/2015 13:18,9,151877.0
13365,4a5cf927-5e23-4267-926e-9463e171f71e,2/9/2015 12:18,3,151868.0
13366,4a5cf927-5e23-4267-926e-9463e171f71e,2/9/2015 11:18,16,151865.0
13367,4a5cf927-5e23-4267-926e-9463e171f71e,2/9/2015 10:18,86,151849.0
13368,4a5cf927-5e23-4267-926e-9463e171f71e,2/9/2015 9:18,7,151763.0
13369,4a5cf927-5e23-4267-926e-9463e171f71e,2/9/2015 8:18,0,151756.0
13370,4a5cf927-5e23-4267-926e-9463e171f71e,2/9/2015 7:18,0,151756.0
13371,4a5cf927-5e23-4267-926e-9463e171f71e,2/9/2015 6:18,0,151756.0
13372,4a5cf927-5e23-4267-926e-9463e171f71e,2/9/2015 5:18,0,151756.0
13373,4a5cf927-5e23-4267-926e-9463e171f71e,2/9/2015 4:18,0,151756.0
13374,4a5cf927-5e23-4267-926e-9463e171f71e,2/9/2015 3:19,0,151756.0
13375,4a5cf927-5e23-4267-926e-9463e171f71e,2/9/2015 2:19,0,151756.0
13376,4a5cf927-5e23-4267-926e-9463e171f71e,2/9/2015 1:19,3,151756.0
13377,4a5cf927-5e23-4267-926e-9463e171f71e,2/9/2015 0:19,10,151753.0
13378,4a5cf927-5e23-4267-926e-9463e171f71e,1/9/2015 23:18,15,151743.0
13379,4a5cf927-5e23-4267-926e-9463e171f71e,1/9/2015 22:18,0,151728.0
13380,4a5cf927-5e23-4267-926e-9463e171f71e,1/9/2015 21:18,0,151728.0
13381,4a5cf927-5e23-4267-926e-9463e171f71e,1/9/2015 20:18,0,151728.0
13382,4a5cf927-5e23-4267-926e-9463e171f71e,1/9/2015 19:19,0,151728.0
13383,4a5cf927-5e23-4267-926e-9463e171f71e,1/9/2015 18:19,0,151728.0
13384,4a5cf927-5e23-4267-926e-9463e171f71e,1/9/2015 17:19,13,151728.0
13385,4a5cf927-5e23-4267-926e-9463e171f71e,1/9/2015 16:19,77,151715.0
13386,4a5cf927-5e23-4267-926e-9463e171f71e,1/9/2015 11:19,15,151638.0
13387,4a5cf927-5e23-4267-926e-9463e171f71e,1/9/2015 10:19,18,151623.0
13388,4a5cf927-5e23-4267-926e-9463e171f71e,1/9/2015 9:19,99,151605.0
13389,4a5cf927-5e23-4267-926e-9463e171f71e,1/9/2015 8:19,0,151506.0
13390,4a5cf927-5e23-4267-926e-9463e171f71e,1/9/2015 7:19,0,151506.0
13391,4a5cf927-5e23-4267-926e-9463e171f71e,1/9/2015 6:19,0,151506.0
13392,4a5cf927-5e23-4267-926e-9463e171f71e,1/9/2015 5:19,0,151506.0
13393,4a5cf927-5e23-4267-926e-9463e171f71e,1/9/2015 4:19,2,151506.0
13394,4a5cf927-5e23-4267-926e-9463e171f71e,31/08/2015 23:19:01,7,151504.0
13395,4a5cf927-5e23-4267-926e-9463e171f71e,31/08/2015 22:19:01,0,151497.0
13396,4a5cf927-5e23-4267-926e-9463e171f71e,31/08/2015 21:19:01,0,151497.0
13397,4a5cf927-5e23-4267-926e-9463e171f71e,31/08/2015 20:19:01,40,151497.0
13398,4a5cf927-5e23-4267-926e-9463e171f71e,31/08/2015 15:19:01,14,151457.0
13399,4a5cf927-5e23-4267-926e-9463e171f71e,31/08/2015 14:19:01,9,151443.0
13400,4a5cf927-5e23-4267-926e-9463e171f71e,31/08/2015 13:19:01,11,151434.0
13401,4a5cf927-5e23-4267-926e-9463e171f71e,31/08/2015 12:19:01,0,151423.0
13402,4a5cf927-5e23-4267-926e-9463e171f71e,31/08/2015 11:19:03,0,151423.0
13403,4a5cf927-5e23-4267-926e-9463e171f71e,31/08/2015 10:19:03,12,151423.0
13404,4a5cf927-5e23-4267-926e-9463e171f71e,31/08/2015 09:19:03,48,151411.0
13405,4a5cf927-5e23-4267-926e-9463e171f71e,31/08/2015 08:19:03,75,151363.0
13406,4a5cf927-5e23-4267-926e-9463e171f71e,31/08/2015 03:19:06,0,151288.0
13407,4a5cf927-5e23-4267-926e-9463e171f71e,31/08/2015 02:19:06,0,151288.0
13408,4a5cf927-5e23-4267-926e-9463e171f71e,31/08/2015 01:19:06,3,151288.0
13409,4a5cf927-5e23-4267-926e-9463e171f71e,31/08/2015 00:19:06,25,151285.0
13410,4a5cf927-5e23-4267-926e-9463e171f71e,30/08/2015 23:19:03,2,151260.0
13411,4a5cf927-5e23-4267-926e-9463e171f71e,30/08/2015 22:19:03,3,151258.0
13412,4a5cf927-5e23-4267-926e-9463e171f71e,30/08/2015 21:19:03,1,151255.0
13413,4a5cf927-5e23-4267-926e-9463e171f71e,30/08/2015 20:19:03,0,151254.0
13414,4a5cf927-5e23-4267-926e-9463e171f71e,30/08/2015 19:19:07,0,151254.0
13415,4a5cf927-5e23-4267-926e-9463e171f71e,30/08/2015 18:19:07,0,151254.0
13416,4a5cf927-5e23-4267-926e-9463e171f71e,30/08/2015 17:19:07,0,151254.0
13417,4a5cf927-5e23-4267-926e-9463e171f71e,30/08/2015 16:19:07,0,151254.0
13418,4a5cf927-5e23-4267-926e-9463e171f71e,30/08/2015 15:19:04,8,151254.0
13419,4a5cf927-5e23-4267-926e-9463e171f71e,30/08/2015 14:19:04,0,151246.0
13420,4a5cf927-5e23-4267-926e-9463e171f71e,30/08/2015 13:19:04,0,151246.0
13421,4a5cf927-5e23-4267-926e-9463e171f71e,30/08/2015 12:19:04,1,151246.0
13422,4a5cf927-5e23-4267-926e-9463e171f71e,30/08/2015 11:19:07,17,151245.0
13423,4a5cf927-5e23-4267-926e-9463e171f71e,30/08/2015 10:19:07,9,151228.0
13424,4a5cf927-5e23-4267-926e-9463e171f71e,30/08/2015 09:19:07,153,151219.0
13425,4a5cf927-5e23-4267-926e-9463e171f71e,30/08/2015 08:19:07,0,151066.0
13426,4a5cf927-5e23-4267-926e-9463e171f71e,30/08/2015 03:19:10,0,151066.0
13427,4a5cf927-5e23-4267-926e-9463e171f71e,30/08/2015 02:19:10,0,151066.0
13428,4a5cf927-5e23-4267-926e-9463e171f71e,30/08/2015 01:19:10,4,151066.0
13429,4a5cf927-5e23-4267-926e-9463e171f71e,30/08/2015 00:19:10,0,151062.0
13430,4a5cf927-5e23-4267-926e-9463e171f71e,29/08/2015 23:19:06,5,151062.0
13431,4a5cf927-5e23-4267-926e-9463e171f71e,29/08/2015 22:19:06,0,151057.0
13432,4a5cf927-5e23-4267-926e-9463e171f71e,29/08/2015 21:19:06,12,151057.0
13433,4a5cf927-5e23-4267-926e-9463e171f71e,29/08/2015 20:19:06,0,151045.0
13434,4a5cf927-5e23-4267-926e-9463e171f71e,29/08/2015 19:19:11,0,151045.0
13435,4a5cf927-5e23-4267-926e-9463e171f71e,29/08/2015 18:19:11,0,151045.0
13436,4a5cf927-5e23-4267-926e-9463e171f71e,29/08/2015 17:19:11,0,151045.0
13437,4a5cf927-5e23-4267-926e-9463e171f71e,29/08/2015 16:19:11,0,151045.0
13438,4a5cf927-5e23-4267-926e-9463e171f71e,29/08/2015 15:19:07,18,151045.0
13439,4a5cf927-5e23-4267-926e-9463e171f71e,29/08/2015 14:19:07,7,151027.0
13440,4a5cf927-5e23-4267-926e-9463e171f71e,29/08/2015 13:19:07,3,151020.0
13441,4a5cf927-5e23-4267-926e-9463e171f71e,29/08/2015 12:19:07,3,151017.0
13442,4a5cf927-5e23-4267-926e-9463e171f71e,29/08/2015 11:19:10,23,151014.0
13443,4a5cf927-5e23-4267-926e-9463e171f71e,29/08/2015 10:19:10,51,150991.0
13444,4a5cf927-5e23-4267-926e-9463e171f71e,29/08/2015 09:19:10,24,150940.0
13445,4a5cf927-5e23-4267-926e-9463e171f71e,29/08/2015 08:19:10,53,150916.0
13446,4a5cf927-5e23-4267-926e-9463e171f71e,29/08/2015 07:19:10,0,150863.0
13447,4a5cf927-5e23-4267-926e-9463e171f71e,29/08/2015 06:19:10,0,150863.0
13448,4a5cf927-5e23-4267-926e-9463e171f71e,29/08/2015 05:19:10,0,150863.0
13449,4a5cf927-5e23-4267-926e-9463e171f71e,29/08/2015 04:19:10,0,150863.0
13450,4a5cf927-5e23-4267-926e-9463e171f71e,29/08/2015 03:19:12,0,150863.0
13451,4a5cf927-5e23-4267-926e-9463e171f71e,29/08/2015 02:19:12,0,150863.0
13452,4a5cf927-5e23-4267-926e-9463e171f71e,29/08/2015 01:19:12,2,150863.0
13453,4a5cf927-5e23-4267-926e-9463e171f71e,29/08/2015 00:19:12,6,150861.0
13454,4a5cf927-5e23-4267-926e-9463e171f71e,28/08/2015 23:19:09,5,150855.0
13455,4a5cf927-5e23-4267-926e-9463e171f71e,28/08/2015 22:19:09,0,150850.0
13456,4a5cf927-5e23-4267-926e-9463e171f71e,28/08/2015 21:19:09,0,150850.0
13457,4a5cf927-5e23-4267-926e-9463e171f71e,28/08/2015 20:19:09,0,150850.0
13458,4a5cf927-5e23-4267-926e-9463e171f71e,28/08/2015 19:19:14,0,150850.0
13459,4a5cf927-5e23-4267-926e-9463e171f71e,28/08/2015 18:19:14,0,150850.0
13460,4a5cf927-5e23-4267-926e-9463e171f71e,28/08/2015 17:19:14,0,150850.0
13461,4a5cf927-5e23-4267-926e-9463e171f71e,28/08/2015 16:19:14,9,150850.0
13462,4a5cf927-5e23-4267-926e-9463e171f71e,28/08/2015 15:19:11,12,150841.0
13463,4a5cf927-5e23-4267-926e-9463e171f71e,28/08/2015 14:19:11,31,150829.0
13464,4a5cf927-5e23-4267-926e-9463e171f71e,28/08/2015 13:19:11,8,150798.0
13465,4a5cf927-5e23-4267-926e-9463e171f71e,28/08/2015 12:19:11,158,150790.0
13466,4a5cf927-5e23-4267-926e-9463e171f71e,28/08/2015 07:19:10,0,150632.0
13467,4a5cf927-5e23-4267-926e-9463e171f71e,28/08/2015 06:19:10,1,150632.0
13468,4a5cf927-5e23-4267-926e-9463e171f71e,28/08/2015 05:19:10,0,150631.0
13469,4a5cf927-5e23-4267-926e-9463e171f71e,28/08/2015 04:19:10,0,150631.0
13470,4a5cf927-5e23-4267-926e-9463e171f71e,28/08/2015 03:19:12,0,150631.0
13471,4a5cf927-5e23-4267-926e-9463e171f71e,28/08/2015 02:19:12,0,150631.0
13472,4a5cf927-5e23-4267-926e-9463e171f71e,28/08/2015 01:19:12,3,150631.0
13473,4a5cf927-5e23-4267-926e-9463e171f71e,28/08/2015 00:19:12,0,150628.0
13474,4a5cf927-5e23-4267-926e-9463e171f71e,27/08/2015 23:19:11,20,150628.0
13475,4a5cf927-5e23-4267-926e-9463e171f71e,27/08/2015 22:19:11,11,150608.0
13476,4a5cf927-5e23-4267-926e-9463e171f71e,27/08/2015 21:19:11,10,150597.0
13477,4a5cf927-5e23-4267-926e-9463e171f71e,27/08/2015 20:19:11,0,150587.0
13478,4a5cf927-5e23-4267-926e-9463e171f71e,27/08/2015 19:19:13,0,150587.0
13479,4a5cf927-5e23-4267-926e-9463e171f71e,27/08/2015 18:19:13,0,150587.0
13480,4a5cf927-5e23-4267-926e-9463e171f71e,27/08/2015 17:19:13,0,150587.0
13481,4a5cf927-5e23-4267-926e-9463e171f71e,27/08/2015 16:19:13,149,150587.0
13482,4a5cf927-5e23-4267-926e-9463e171f71e,27/08/2015 03:19:14,0,150438.0
13483,4a5cf927-5e23-4267-926e-9463e171f71e,27/08/2015 02:19:14,0,150438.0
13484,4a5cf927-5e23-4267-926e-9463e171f71e,27/08/2015 01:19:14,0,150438.0
13485,4a5cf927-5e23-4267-926e-9463e171f71e,27/08/2015 00:19:14,10,150438.0
13486,4a5cf927-5e23-4267-926e-9463e171f71e,26/08/2015 23:19:16,3,150428.0
13487,4a5cf927-5e23-4267-926e-9463e171f71e,26/08/2015 22:19:16,9,150425.0
13488,4a5cf927-5e23-4267-926e-9463e171f71e,26/08/2015 21:19:16,0,150416.0
13489,4a5cf927-5e23-4267-926e-9463e171f71e,26/08/2015 20:19:16,0,150416.0
13490,4a5cf927-5e23-4267-926e-9463e171f71e,26/08/2015 19:19:15,0,150416.0
13491,4a5cf927-5e23-4267-926e-9463e171f71e,26/08/2015 18:19:15,39,150416.0
13492,4a5cf927-5e23-4267-926e-9463e171f71e,26/08/2015 17:19:15,19,150377.0
13493,4a5cf927-5e23-4267-926e-9463e171f71e,26/08/2015 16:19:15,52,150358.0
13494,4a5cf927-5e23-4267-926e-9463e171f71e,26/08/2015 15:19:14,0,150306.0
13495,4a5cf927-5e23-4267-926e-9463e171f71e,26/08/2015 14:19:14,0,150306.0
13496,4a5cf927-5e23-4267-926e-9463e171f71e,26/08/2015 13:19:14,16,150306.0
13497,4a5cf927-5e23-4267-926e-9463e171f71e,26/08/2015 12:19:14,48,150290.0
13498,4a5cf927-5e23-4267-926e-9463e171f71e,26/08/2015 07:19:16,0,150242.0
13499,4a5cf927-5e23-4267-926e-9463e171f71e,26/08/2015 06:19:16,0,150242.0
13500,4a5cf927-5e23-4267-926e-9463e171f71e,26/08/2015 05:19:16,0,150242.0
13501,4a5cf927-5e23-4267-926e-9463e171f71e,26/08/2015 04:19:16,4,150242.0
13502,4a5cf927-5e23-4267-926e-9463e171f71e,25/08/2015 23:19:17,0,150238.0
13503,4a5cf927-5e23-4267-926e-9463e171f71e,25/08/2015 22:19:17,0,150238.0
13504,4a5cf927-5e23-4267-926e-9463e171f71e,25/08/2015 21:19:17,3,150238.0
13505,4a5cf927-5e23-4267-926e-9463e171f71e,25/08/2015 20:19:17,72,150235.0
13506,4a5cf927-5e23-4267-926e-9463e171f71e,25/08/2015 15:19:19,14,150163.0
13507,4a5cf927-5e23-4267-926e-9463e171f71e,25/08/2015 14:19:19,0,150149.0
13508,4a5cf927-5e23-4267-926e-9463e171f71e,25/08/2015 13:19:19,0,150149.0
13509,4a5cf927-5e23-4267-926e-9463e171f71e,25/08/2015 12:19:19,104,150149.0
13510,4a5cf927-5e23-4267-926e-9463e171f71e,25/08/2015 07:19:17,0,150045.0
13511,4a5cf927-5e23-4267-926e-9463e171f71e,25/08/2015 06:19:17,0,150045.0
13512,4a5cf927-5e23-4267-926e-9463e171f71e,25/08/2015 05:19:17,0,150045.0
13513,4a5cf927-5e23-4267-926e-9463e171f71e,25/08/2015 04:19:17,0,150045.0
13514,4a5cf927-5e23-4267-926e-9463e171f71e,25/08/2015 03:19:20,2,150045.0
13515,4a5cf927-5e23-4267-926e-9463e171f71e,25/08/2015 02:19:20,0,150043.0
13516,4a5cf927-5e23-4267-926e-9463e171f71e,25/08/2015 01:19:20,0,150043.0
13517,4a5cf927-5e23-4267-926e-9463e171f71e,25/08/2015 00:19:20,26,150043.0
13518,4a5cf927-5e23-4267-926e-9463e171f71e,24/08/2015 23:19:17,0,150017.0
13519,4a5cf927-5e23-4267-926e-9463e171f71e,24/08/2015 22:19:17,6,150017.0
13520,4a5cf927-5e23-4267-926e-9463e171f71e,24/08/2015 21:19:17,6,150011.0
13521,4a5cf927-5e23-4267-926e-9463e171f71e,24/08/2015 20:19:17,0,150005.0
13522,4a5cf927-5e23-4267-926e-9463e171f71e,24/08/2015 19:19:21,0,150005.0
13523,4a5cf927-5e23-4267-926e-9463e171f71e,24/08/2015 18:19:21,0,150005.0
13524,4a5cf927-5e23-4267-926e-9463e171f71e,24/08/2015 17:19:21,0,150005.0
13525,4a5cf927-5e23-4267-926e-9463e171f71e,24/08/2015 16:19:21,46,150005.0
13526,4a5cf927-5e23-4267-926e-9463e171f71e,24/08/2015 11:19:20,60,149959.0
13527,4a5cf927-5e23-4267-926e-9463e171f71e,24/08/2015 10:19:20,30,149899.0
13528,4a5cf927-5e23-4267-926e-9463e171f71e,24/08/2015 09:19:20,24,149869.0
13529,4a5cf927-5e23-4267-926e-9463e171f71e,24/08/2015 08:19:20,53,149845.0
13530,4a5cf927-5e23-4267-926e-9463e171f71e,24/08/2015 07:19:20,0,149792.0
13531,4a5cf927-5e23-4267-926e-9463e171f71e,24/08/2015 06:19:20,0,149792.0
13532,4a5cf927-5e23-4267-926e-9463e171f71e,24/08/2015 05:19:20,0,149792.0
13533,4a5cf927-5e23-4267-926e-9463e171f71e,24/08/2015 04:19:20,0,149792.0
13534,4a5cf927-5e23-4267-926e-9463e171f71e,24/08/2015 03:19:20,0,149792.0
13535,4a5cf927-5e23-4267-926e-9463e171f71e,24/08/2015 02:19:20,0,149792.0
13536,4a5cf927-5e23-4267-926e-9463e171f71e,24/08/2015 01:19:20,8,149792.0
13537,4a5cf927-5e23-4267-926e-9463e171f71e,24/08/2015 00:19:20,0,149784.0
13538,4a5cf927-5e23-4267-926e-9463e171f71e,23/08/2015 23:19:20,0,149784.0
13539,4a5cf927-5e23-4267-926e-9463e171f71e,23/08/2015 22:19:20,0,149784.0
13540,4a5cf927-5e23-4267-926e-9463e171f71e,23/08/2015 21:19:20,0,149784.0
13541,4a5cf927-5e23-4267-926e-9463e171f71e,23/08/2015 20:19:20,0,149784.0
13542,4a5cf927-5e23-4267-926e-9463e171f71e,23/08/2015 19:19:22,0,149784.0
13543,4a5cf927-5e23-4267-926e-9463e171f71e,23/08/2015 18:19:22,0,149784.0
13544,4a5cf927-5e23-4267-926e-9463e171f71e,23/08/2015 17:19:22,0,149784.0
13545,4a5cf927-5e23-4267-926e-9463e171f71e,23/08/2015 16:19:22,33,149784.0
13546,4a5cf927-5e23-4267-926e-9463e171f71e,23/08/2015 07:19:23,0,149751.0
13547,4a5cf927-5e23-4267-926e-9463e171f71e,23/08/2015 06:19:23,0,149751.0
13548,4a5cf927-5e23-4267-926e-9463e171f71e,23/08/2015 05:19:23,0,149751.0
13549,4a5cf927-5e23-4267-926e-9463e171f71e,23/08/2015 04:19:23,6,149751.0
13550,4a5cf927-5e23-4267-926e-9463e171f71e,23/08/2015 03:19:24,0,149745.0
13551,4a5cf927-5e23-4267-926e-9463e171f71e,23/08/2015 02:19:24,0,149745.0
13552,4a5cf927-5e23-4267-926e-9463e171f71e,23/08/2015 01:19:24,0,149745.0
13553,4a5cf927-5e23-4267-926e-9463e171f71e,23/08/2015 00:19:24,0,149745.0
13554,4a5cf927-5e23-4267-926e-9463e171f71e,22/08/2015 23:19:23,0,149745.0
13555,4a5cf927-5e23-4267-926e-9463e171f71e,22/08/2015 22:19:23,8,149745.0
13556,4a5cf927-5e23-4267-926e-9463e171f71e,22/08/2015 21:19:23,16,149737.0
13557,4a5cf927-5e23-4267-926e-9463e171f71e,22/08/2015 20:19:23,0,149721.0
13558,4a5cf927-5e23-4267-926e-9463e171f71e,22/08/2015 19:19:25,0,149721.0
13559,4a5cf927-5e23-4267-926e-9463e171f71e,22/08/2015 18:19:25,0,149721.0
13560,4a5cf927-5e23-4267-926e-9463e171f71e,22/08/2015 17:19:25,0,149721.0
13561,4a5cf927-5e23-4267-926e-9463e171f71e,22/08/2015 16:19:25,0,149721.0
13562,4a5cf927-5e23-4267-926e-9463e171f71e,22/08/2015 15:19:22,7,149721.0
13563,4a5cf927-5e23-4267-926e-9463e171f71e,22/08/2015 14:19:22,10,149714.0
13564,4a5cf927-5e23-4267-926e-9463e171f71e,22/08/2015 13:19:22,5,149704.0
13565,4a5cf927-5e23-4267-926e-9463e171f71e,22/08/2015 12:19:22,0,149699.0
13566,4a5cf927-5e23-4267-926e-9463e171f71e,22/08/2015 11:19:25,0,149699.0
13567,4a5cf927-5e23-4267-926e-9463e171f71e,22/08/2015 10:19:25,14,149699.0
13568,4a5cf927-5e23-4267-926e-9463e171f71e,22/08/2015 09:19:25,12,149685.0
13569,4a5cf927-5e23-4267-926e-9463e171f71e,22/08/2015 08:19:25,71,149673.0
13570,4a5cf927-5e23-4267-926e-9463e171f71e,22/08/2015 07:19:23,0,149602.0
13571,4a5cf927-5e23-4267-926e-9463e171f71e,22/08/2015 06:19:23,0,149602.0
13572,4a5cf927-5e23-4267-926e-9463e171f71e,22/08/2015 05:19:23,3,149602.0
13573,4a5cf927-5e23-4267-926e-9463e171f71e,22/08/2015 04:19:23,0,149599.0
13574,4a5cf927-5e23-4267-926e-9463e171f71e,22/08/2015 03:19:27,0,149599.0
13575,4a5cf927-5e23-4267-926e-9463e171f71e,22/08/2015 02:19:27,0,149599.0
13576,4a5cf927-5e23-4267-926e-9463e171f71e,22/08/2015 01:19:27,0,149599.0
13577,4a5cf927-5e23-4267-926e-9463e171f71e,22/08/2015 00:19:27,2,149599.0
13578,4a5cf927-5e23-4267-926e-9463e171f71e,21/08/2015 23:19:25,6,149597.0
13579,4a5cf927-5e23-4267-926e-9463e171f71e,21/08/2015 22:19:25,0,149591.0
13580,4a5cf927-5e23-4267-926e-9463e171f71e,21/08/2015 21:19:25,0,149591.0
13581,4a5cf927-5e23-4267-926e-9463e171f71e,21/08/2015 20:19:25,5,149591.0
13582,4a5cf927-5e23-4267-926e-9463e171f71e,21/08/2015 19:19:27,59,149586.0
13583,4a5cf927-5e23-4267-926e-9463e171f71e,21/08/2015 18:19:27,50,149527.0
13584,4a5cf927-5e23-4267-926e-9463e171f71e,21/08/2015 17:19:27,0,149477.0
13585,4a5cf927-5e23-4267-926e-9463e171f71e,21/08/2015 16:19:27,34,149477.0
13586,4a5cf927-5e23-4267-926e-9463e171f71e,21/08/2015 15:19:28,11,149443.0
13587,4a5cf927-5e23-4267-926e-9463e171f71e,21/08/2015 14:19:28,7,149432.0
13588,4a5cf927-5e23-4267-926e-9463e171f71e,21/08/2015 13:19:28,1,149425.0
13589,4a5cf927-5e23-4267-926e-9463e171f71e,21/08/2015 12:19:28,0,149424.0
13590,4a5cf927-5e23-4267-926e-9463e171f71e,21/08/2015 11:19:29,69,149424.0
13591,4a5cf927-5e23-4267-926e-9463e171f71e,21/08/2015 10:19:29,21,149355.0
13592,4a5cf927-5e23-4267-926e-9463e171f71e,21/08/2015 09:19:29,14,149334.0
13593,4a5cf927-5e23-4267-926e-9463e171f71e,21/08/2015 08:19:29,0,149320.0
13594,4a5cf927-5e23-4267-926e-9463e171f71e,21/08/2015 07:19:26,0,149320.0
13595,4a5cf927-5e23-4267-926e-9463e171f71e,21/08/2015 06:19:26,0,149320.0
13596,4a5cf927-5e23-4267-926e-9463e171f71e,21/08/2015 05:19:26,0,149320.0
13597,4a5cf927-5e23-4267-926e-9463e171f71e,21/08/2015 04:19:26,0,149320.0
13598,4a5cf927-5e23-4267-926e-9463e171f71e,21/08/2015 03:19:28,0,149320.0
13599,4a5cf927-5e23-4267-926e-9463e171f71e,21/08/2015 02:19:28,0,149320.0
13600,4a5cf927-5e23-4267-926e-9463e171f71e,21/08/2015 01:19:28,0,149320.0
13601,4a5cf927-5e23-4267-926e-9463e171f71e,21/08/2015 00:19:28,1,149320.0
13602,4a5cf927-5e23-4267-926e-9463e171f71e,20/08/2015 23:19:27,10,149319.0
13603,4a5cf927-5e23-4267-926e-9463e171f71e,20/08/2015 22:19:27,0,149309.0
13604,4a5cf927-5e23-4267-926e-9463e171f71e,20/08/2015 21:19:27,10,149309.0
13605,4a5cf927-5e23-4267-926e-9463e171f71e,20/08/2015 20:19:27,0,149299.0
13606,4a5cf927-5e23-4267-926e-9463e171f71e,20/08/2015 19:19:29,6,149299.0
13607,4a5cf927-5e23-4267-926e-9463e171f71e,20/08/2015 18:19:29,0,149293.0
13608,4a5cf927-5e23-4267-926e-9463e171f71e,20/08/2015 17:19:29,10,149293.0
13609,4a5cf927-5e23-4267-926e-9463e171f71e,20/08/2015 16:19:29,100,149283.0
13610,4a5cf927-5e23-4267-926e-9463e171f71e,20/08/2015 15:19:31,10,149183.0
13611,4a5cf927-5e23-4267-926e-9463e171f71e,20/08/2015 14:19:31,4,149173.0
13612,4a5cf927-5e23-4267-926e-9463e171f71e,20/08/2015 13:19:31,0,149169.0
13613,4a5cf927-5e23-4267-926e-9463e171f71e,20/08/2015 12:19:31,0,149169.0
13614,4a5cf927-5e23-4267-926e-9463e171f71e,20/08/2015 11:19:31,69,149169.0
13615,4a5cf927-5e23-4267-926e-9463e171f71e,20/08/2015 10:19:31,18,149100.0
13616,4a5cf927-5e23-4267-926e-9463e171f71e,20/08/2015 09:19:31,4,149082.0
13617,4a5cf927-5e23-4267-926e-9463e171f71e,20/08/2015 08:19:31,0,149078.0
13618,4a5cf927-5e23-4267-926e-9463e171f71e,20/08/2015 07:19:30,0,149078.0
13619,4a5cf927-5e23-4267-926e-9463e171f71e,20/08/2015 06:19:30,0,149078.0
13620,4a5cf927-5e23-4267-926e-9463e171f71e,20/08/2015 05:19:30,0,149078.0
13621,4a5cf927-5e23-4267-926e-9463e171f71e,20/08/2015 04:19:30,0,149078.0
13622,4a5cf927-5e23-4267-926e-9463e171f71e,20/08/2015 03:19:31,0,149078.0
13623,4a5cf927-5e23-4267-926e-9463e171f71e,20/08/2015 02:19:31,0,149078.0
13624,4a5cf927-5e23-4267-926e-9463e171f71e,20/08/2015 01:19:31,1,149078.0
13625,4a5cf927-5e23-4267-926e-9463e171f71e,20/08/2015 00:19:31,29,149077.0
13626,4a5cf927-5e23-4267-926e-9463e171f71e,19/08/2015 23:19:30,0,149048.0
13627,4a5cf927-5e23-4267-926e-9463e171f71e,19/08/2015 22:19:30,7,149048.0
13628,4a5cf927-5e23-4267-926e-9463e171f71e,19/08/2015 21:19:30,0,149041.0
13629,4a5cf927-5e23-4267-926e-9463e171f71e,19/08/2015 20:19:30,0,149041.0
13630,4a5cf927-5e23-4267-926e-9463e171f71e,19/08/2015 19:19:32,4,149041.0
13631,4a5cf927-5e23-4267-926e-9463e171f71e,19/08/2015 18:19:32,6,149037.0
13632,4a5cf927-5e23-4267-926e-9463e171f71e,19/08/2015 17:19:32,7,149031.0
13633,4a5cf927-5e23-4267-926e-9463e171f71e,19/08/2015 16:19:32,29,149024.0
13634,4a5cf927-5e23-4267-926e-9463e171f71e,19/08/2015 15:19:30,19,148995.0
13635,4a5cf927-5e23-4267-926e-9463e171f71e,19/08/2015 14:19:30,4,148976.0
13636,4a5cf927-5e23-4267-926e-9463e171f71e,19/08/2015 13:19:30,13,148972.0
13637,4a5cf927-5e23-4267-926e-9463e171f71e,19/08/2015 12:19:30,7,148959.0
13638,4a5cf927-5e23-4267-926e-9463e171f71e,19/08/2015 11:19:33,10,148952.0
13639,4a5cf927-5e23-4267-926e-9463e171f71e,19/08/2015 10:19:33,55,148942.0
13640,4a5cf927-5e23-4267-926e-9463e171f71e,19/08/2015 09:19:33,18,148887.0
13641,4a5cf927-5e23-4267-926e-9463e171f71e,19/08/2015 08:19:33,67,148869.0
13642,4a5cf927-5e23-4267-926e-9463e171f71e,19/08/2015 07:19:31,0,148802.0
13643,4a5cf927-5e23-4267-926e-9463e171f71e,19/08/2015 06:19:31,0,148802.0
13644,4a5cf927-5e23-4267-926e-9463e171f71e,19/08/2015 05:19:31,0,148802.0
13645,4a5cf927-5e23-4267-926e-9463e171f71e,19/08/2015 04:19:31,0,148802.0
13646,4a5cf927-5e23-4267-926e-9463e171f71e,19/08/2015 03:19:34,0,148802.0
13647,4a5cf927-5e23-4267-926e-9463e171f71e,19/08/2015 02:19:34,2,148802.0
13648,4a5cf927-5e23-4267-926e-9463e171f71e,19/08/2015 01:19:34,0,148800.0
13649,4a5cf927-5e23-4267-926e-9463e171f71e,19/08/2015 00:19:34,67,148800.0
13650,4a5cf927-5e23-4267-926e-9463e171f71e,18/08/2015 23:19:32,16,148733.0
13651,4a5cf927-5e23-4267-926e-9463e171f71e,18/08/2015 22:19:32,10,148717.0
13652,4a5cf927-5e23-4267-926e-9463e171f71e,18/08/2015 21:19:32,0,148707.0
13653,4a5cf927-5e23-4267-926e-9463e171f71e,18/08/2015 20:19:32,13,148707.0
13654,4a5cf927-5e23-4267-926e-9463e171f71e,18/08/2015 19:19:34,31,148694.0
13655,4a5cf927-5e23-4267-926e-9463e171f71e,18/08/2015 18:19:34,10,148663.0
13656,4a5cf927-5e23-4267-926e-9463e171f71e,18/08/2015 17:19:34,14,148653.0
13657,4a5cf927-5e23-4267-926e-9463e171f71e,18/08/2015 16:19:34,11,148639.0
13658,4a5cf927-5e23-4267-926e-9463e171f71e,18/08/2015 15:19:33,23,148628.0
13659,4a5cf927-5e23-4267-926e-9463e171f71e,18/08/2015 14:19:33,5,148605.0
13660,4a5cf927-5e23-4267-926e-9463e171f71e,18/08/2015 13:19:33,6,148600.0
13661,4a5cf927-5e23-4267-926e-9463e171f71e,18/08/2015 12:19:33,0,148594.0
13662,4a5cf927-5e23-4267-926e-9463e171f71e,18/08/2015 11:19:35,23,148594.0
13663,4a5cf927-5e23-4267-926e-9463e171f71e,18/08/2015 10:19:35,72,148571.0
13664,4a5cf927-5e23-4267-926e-9463e171f71e,18/08/2015 09:19:35,18,148499.0
13665,4a5cf927-5e23-4267-926e-9463e171f71e,18/08/2015 08:19:35,0,148481.0
13666,4a5cf927-5e23-4267-926e-9463e171f71e,18/08/2015 07:19:33,0,148481.0
13667,4a5cf927-5e23-4267-926e-9463e171f71e,18/08/2015 06:19:33,0,148481.0
13668,4a5cf927-5e23-4267-926e-9463e171f71e,18/08/2015 05:19:33,0,148481.0
13669,4a5cf927-5e23-4267-926e-9463e171f71e,18/08/2015 04:19:33,0,148481.0
13670,4a5cf927-5e23-4267-926e-9463e171f71e,18/08/2015 03:19:36,0,148481.0
13671,4a5cf927-5e23-4267-926e-9463e171f71e,18/08/2015 02:19:36,0,148481.0
13672,4a5cf927-5e23-4267-926e-9463e171f71e,18/08/2015 01:19:36,2,148481.0
13673,4a5cf927-5e23-4267-926e-9463e171f71e,18/08/2015 00:19:36,8,148479.0
13674,4a5cf927-5e23-4267-926e-9463e171f71e,17/08/2015 23:19:34,59,148471.0
13675,4a5cf927-5e23-4267-926e-9463e171f71e,17/08/2015 22:19:34,1,148412.0
13676,4a5cf927-5e23-4267-926e-9463e171f71e,17/08/2015 21:19:34,5,148411.0
13677,4a5cf927-5e23-4267-926e-9463e171f71e,17/08/2015 20:19:34,0,148406.0
13678,4a5cf927-5e23-4267-926e-9463e171f71e,17/08/2015 19:19:37,2,148406.0
13679,4a5cf927-5e23-4267-926e-9463e171f71e,17/08/2015 18:19:37,1,148404.0
13680,4a5cf927-5e23-4267-926e-9463e171f71e,17/08/2015 17:19:37,15,148403.0
13681,4a5cf927-5e23-4267-926e-9463e171f71e,17/08/2015 16:19:37,47,148388.0
13682,4a5cf927-5e23-4267-926e-9463e171f71e,17/08/2015 11:19:36,53,148341.0
13683,4a5cf927-5e23-4267-926e-9463e171f71e,17/08/2015 10:19:36,79,148288.0
13684,4a5cf927-5e23-4267-926e-9463e171f71e,17/08/2015 09:19:36,12,148209.0
13685,4a5cf927-5e23-4267-926e-9463e171f71e,17/08/2015 08:19:36,8,148197.0
13686,4a5cf927-5e23-4267-926e-9463e171f71e,17/08/2015 07:19:38,0,148189.0
13687,4a5cf927-5e23-4267-926e-9463e171f71e,17/08/2015 06:19:38,0,148189.0
13688,4a5cf927-5e23-4267-926e-9463e171f71e,17/08/2015 05:19:38,0,148189.0
13689,4a5cf927-5e23-4267-926e-9463e171f71e,17/08/2015 04:19:38,50,148189.0
13690,4a5cf927-5e23-4267-926e-9463e171f71e,16/08/2015 23:19:38,16,148139.0
13691,4a5cf927-5e23-4267-926e-9463e171f71e,16/08/2015 22:19:38,8,148123.0
13692,4a5cf927-5e23-4267-926e-9463e171f71e,16/08/2015 21:19:38,13,148115.0
13693,4a5cf927-5e23-4267-926e-9463e171f71e,16/08/2015 20:19:38,1,148102.0
13694,4a5cf927-5e23-4267-926e-9463e171f71e,16/08/2015 19:19:40,0,148101.0
13695,4a5cf927-5e23-4267-926e-9463e171f71e,16/08/2015 18:19:40,12,148101.0
13696,4a5cf927-5e23-4267-926e-9463e171f71e,16/08/2015 17:19:40,9,148089.0
13697,4a5cf927-5e23-4267-926e-9463e171f71e,16/08/2015 16:19:40,3,148080.0
13698,4a5cf927-5e23-4267-926e-9463e171f71e,16/08/2015 15:19:38,3,148077.0
13699,4a5cf927-5e23-4267-926e-9463e171f71e,16/08/2015 14:19:38,0,148074.0
13700,4a5cf927-5e23-4267-926e-9463e171f71e,16/08/2015 13:19:38,1,148074.0
13701,4a5cf927-5e23-4267-926e-9463e171f71e,16/08/2015 12:19:38,222,148073.0
13702,4a5cf927-5e23-4267-926e-9463e171f71e,16/08/2015 07:19:39,0,147851.0
13703,4a5cf927-5e23-4267-926e-9463e171f71e,16/08/2015 06:19:39,0,147851.0
13704,4a5cf927-5e23-4267-926e-9463e171f71e,16/08/2015 05:19:39,0,147851.0
13705,4a5cf927-5e23-4267-926e-9463e171f71e,16/08/2015 04:19:39,10,147851.0
13706,4a5cf927-5e23-4267-926e-9463e171f71e,15/08/2015 23:19:40,22,147841.0
13707,4a5cf927-5e23-4267-926e-9463e171f71e,15/08/2015 22:19:40,1,147819.0
13708,4a5cf927-5e23-4267-926e-9463e171f71e,15/08/2015 21:19:40,4,147818.0
13709,4a5cf927-5e23-4267-926e-9463e171f71e,15/08/2015 20:19:40,0,147814.0
13710,4a5cf927-5e23-4267-926e-9463e171f71e,15/08/2015 19:19:40,0,147814.0
13711,4a5cf927-5e23-4267-926e-9463e171f71e,15/08/2015 18:19:40,0,147814.0
13712,4a5cf927-5e23-4267-926e-9463e171f71e,15/08/2015 17:19:40,0,147814.0
13713,4a5cf927-5e23-4267-926e-9463e171f71e,15/08/2015 16:19:40,36,147814.0
13714,4a5cf927-5e23-4267-926e-9463e171f71e,15/08/2015 11:19:41,31,147778.0
13715,4a5cf927-5e23-4267-926e-9463e171f71e,15/08/2015 10:19:41,85,147747.0
13716,4a5cf927-5e23-4267-926e-9463e171f71e,15/08/2015 09:19:41,8,147662.0
13717,4a5cf927-5e23-4267-926e-9463e171f71e,15/08/2015 08:19:41,0,147654.0
13718,4a5cf927-5e23-4267-926e-9463e171f71e,15/08/2015 07:19:40,0,147654.0
13719,4a5cf927-5e23-4267-926e-9463e171f71e,15/08/2015 06:19:40,4,147654.0
13720,4a5cf927-5e23-4267-926e-9463e171f71e,15/08/2015 05:19:40,6,147650.0
13721,4a5cf927-5e23-4267-926e-9463e171f71e,15/08/2015 04:19:40,0,147644.0
13722,4a5cf927-5e23-4267-926e-9463e171f71e,15/08/2015 03:19:42,0,147644.0
13723,4a5cf927-5e23-4267-926e-9463e171f71e,15/08/2015 02:19:42,20,147644.0
13724,4a5cf927-5e23-4267-926e-9463e171f71e,15/08/2015 01:19:42,5,147624.0
13725,4a5cf927-5e23-4267-926e-9463e171f71e,15/08/2015 00:19:42,25,147619.0
13726,4a5cf927-5e23-4267-926e-9463e171f71e,14/08/2015 23:19:42,2,147594.0
13727,4a5cf927-5e23-4267-926e-9463e171f71e,14/08/2015 22:19:42,54,147592.0
13728,4a5cf927-5e23-4267-926e-9463e171f71e,14/08/2015 21:19:42,0,147538.0
13729,4a5cf927-5e23-4267-926e-9463e171f71e,14/08/2015 20:19:42,0,147538.0
13730,4a5cf927-5e23-4267-926e-9463e171f71e,14/08/2015 19:19:44,0,147538.0
13731,4a5cf927-5e23-4267-926e-9463e171f71e,14/08/2015 18:19:44,7,147538.0
13732,4a5cf927-5e23-4267-926e-9463e171f71e,14/08/2015 17:19:44,0,147531.0
13733,4a5cf927-5e23-4267-926e-9463e171f71e,14/08/2015 16:19:44,4,147531.0
13734,4a5cf927-5e23-4267-926e-9463e171f71e,14/08/2015 15:19:44,36,147527.0
13735,4a5cf927-5e23-4267-926e-9463e171f71e,14/08/2015 14:19:44,5,147491.0
13736,4a5cf927-5e23-4267-926e-9463e171f71e,14/08/2015 13:19:44,5,147486.0
13737,4a5cf927-5e23-4267-926e-9463e171f71e,14/08/2015 12:19:44,0,147481.0
13738,4a5cf927-5e23-4267-926e-9463e171f71e,14/08/2015 11:19:42,7,147481.0
13739,4a5cf927-5e23-4267-926e-9463e171f71e,14/08/2015 10:19:42,72,147474.0
13740,4a5cf927-5e23-4267-926e-9463e171f71e,14/08/2015 09:19:42,94,147402.0
13741,4a5cf927-5e23-4267-926e-9463e171f71e,14/08/2015 08:19:42,61,147308.0
13742,4a5cf927-5e23-4267-926e-9463e171f71e,14/08/2015 07:19:44,0,147247.0
13743,4a5cf927-5e23-4267-926e-9463e171f71e,14/08/2015 06:19:44,0,147247.0
13744,4a5cf927-5e23-4267-926e-9463e171f71e,14/08/2015 05:19:44,0,147247.0
13745,4a5cf927-5e23-4267-926e-9463e171f71e,14/08/2015 04:19:44,45,147247.0
13746,4a5cf927-5e23-4267-926e-9463e171f71e,13/08/2015 23:19:47,9,147202.0
13747,4a5cf927-5e23-4267-926e-9463e171f71e,13/08/2015 22:19:47,11,147193.0
13748,4a5cf927-5e23-4267-926e-9463e171f71e,13/08/2015 21:19:47,7,147182.0
13749,4a5cf927-5e23-4267-926e-9463e171f71e,13/08/2015 20:19:47,0,147175.0
13750,4a5cf927-5e23-4267-926e-9463e171f71e,13/08/2015 19:19:44,9,147175.0
13751,4a5cf927-5e23-4267-926e-9463e171f71e,13/08/2015 18:19:44,3,147166.0
13752,4a5cf927-5e23-4267-926e-9463e171f71e,13/08/2015 17:19:44,33,147163.0
13753,4a5cf927-5e23-4267-926e-9463e171f71e,13/08/2015 16:19:44,27,147130.0
13754,4a5cf927-5e23-4267-926e-9463e171f71e,13/08/2015 15:19:45,10,147103.0
13755,4a5cf927-5e23-4267-926e-9463e171f71e,13/08/2015 14:19:45,0,147093.0
13756,4a5cf927-5e23-4267-926e-9463e171f71e,13/08/2015 13:19:45,0,147093.0
13757,4a5cf927-5e23-4267-926e-9463e171f71e,13/08/2015 12:19:45,0,147093.0
13758,4a5cf927-5e23-4267-926e-9463e171f71e,13/08/2015 11:19:46,90,147093.0
13759,4a5cf927-5e23-4267-926e-9463e171f71e,13/08/2015 10:19:46,14,147003.0
13760,4a5cf927-5e23-4267-926e-9463e171f71e,13/08/2015 09:19:46,10,146989.0
13761,4a5cf927-5e23-4267-926e-9463e171f71e,13/08/2015 08:19:46,0,146979.0
13762,4a5cf927-5e23-4267-926e-9463e171f71e,13/08/2015 07:19:46,0,146979.0
13763,4a5cf927-5e23-4267-926e-9463e171f71e,13/08/2015 06:19:46,0,146979.0
13764,4a5cf927-5e23-4267-926e-9463e171f71e,13/08/2015 05:19:46,0,146979.0
13765,4a5cf927-5e23-4267-926e-9463e171f71e,13/08/2015 04:19:46,0,146979.0
13766,4a5cf927-5e23-4267-926e-9463e171f71e,13/08/2015 03:19:46,0,146979.0
13767,4a5cf927-5e23-4267-926e-9463e171f71e,13/08/2015 02:19:46,0,146979.0
13768,4a5cf927-5e23-4267-926e-9463e171f71e,13/08/2015 01:19:46,0,146979.0
13769,4a5cf927-5e23-4267-926e-9463e171f71e,13/08/2015 00:19:46,9,146979.0
13770,4a5cf927-5e23-4267-926e-9463e171f71e,12/8/2015 23:19,8,146970.0
13771,4a5cf927-5e23-4267-926e-9463e171f71e,12/8/2015 22:19,7,146962.0
13772,4a5cf927-5e23-4267-926e-9463e171f71e,12/8/2015 21:19,9,146955.0
13773,4a5cf927-5e23-4267-926e-9463e171f71e,12/8/2015 20:19,21,146946.0
13774,4a5cf927-5e23-4267-926e-9463e171f71e,12/8/2015 15:19,17,146925.0
13775,4a5cf927-5e23-4267-926e-9463e171f71e,12/8/2015 14:19,22,146908.0
13776,4a5cf927-5e23-4267-926e-9463e171f71e,12/8/2015 13:19,0,146886.0
13777,4a5cf927-5e23-4267-926e-9463e171f71e,12/8/2015 12:19,0,146886.0
13778,4a5cf927-5e23-4267-926e-9463e171f71e,12/8/2015 11:19,25,146886.0
13779,4a5cf927-5e23-4267-926e-9463e171f71e,12/8/2015 10:19,132,146861.0
13780,4a5cf927-5e23-4267-926e-9463e171f71e,12/8/2015 9:19,10,146729.0
13781,4a5cf927-5e23-4267-926e-9463e171f71e,12/8/2015 8:19,0,146719.0
13782,4a5cf927-5e23-4267-926e-9463e171f71e,12/8/2015 7:19,0,146719.0
13783,4a5cf927-5e23-4267-926e-9463e171f71e,12/8/2015 6:19,0,146719.0
13784,4a5cf927-5e23-4267-926e-9463e171f71e,12/8/2015 5:19,0,146719.0
13785,4a5cf927-5e23-4267-926e-9463e171f71e,12/8/2015 4:19,0,146719.0
13786,4a5cf927-5e23-4267-926e-9463e171f71e,12/8/2015 3:19,0,146719.0
13787,4a5cf927-5e23-4267-926e-9463e171f71e,12/8/2015 2:19,0,146719.0
13788,4a5cf927-5e23-4267-926e-9463e171f71e,12/8/2015 1:19,0,146719.0
13789,4a5cf927-5e23-4267-926e-9463e171f71e,12/8/2015 0:19,0,146719.0
13790,4a5cf927-5e23-4267-926e-9463e171f71e,11/8/2015 23:19,4,146719.0
13791,4a5cf927-5e23-4267-926e-9463e171f71e,11/8/2015 22:19,9,146715.0
13792,4a5cf927-5e23-4267-926e-9463e171f71e,11/8/2015 21:19,0,146706.0
13793,4a5cf927-5e23-4267-926e-9463e171f71e,11/8/2015 20:19,6,146706.0
13794,4a5cf927-5e23-4267-926e-9463e171f71e,11/8/2015 19:19,22,146700.0
13795,4a5cf927-5e23-4267-926e-9463e171f71e,11/8/2015 18:19,24,146678.0
13796,4a5cf927-5e23-4267-926e-9463e171f71e,11/8/2015 17:19,7,146654.0
13797,4a5cf927-5e23-4267-926e-9463e171f71e,11/8/2015 16:19,53,146647.0
13798,4a5cf927-5e23-4267-926e-9463e171f71e,11/8/2015 15:19,92,146594.0
13799,4a5cf927-5e23-4267-926e-9463e171f71e,11/8/2015 14:19,1,146502.0
13800,4a5cf927-5e23-4267-926e-9463e171f71e,11/8/2015 13:19,0,146501.0
13801,4a5cf927-5e23-4267-926e-9463e171f71e,11/8/2015 12:19,28,146501.0
13802,4a5cf927-5e23-4267-926e-9463e171f71e,11/8/2015 7:19,0,146473.0
13803,4a5cf927-5e23-4267-926e-9463e171f71e,11/8/2015 6:19,0,146473.0
13804,4a5cf927-5e23-4267-926e-9463e171f71e,11/8/2015 5:19,0,146473.0
13805,4a5cf927-5e23-4267-926e-9463e171f71e,11/8/2015 4:19,0,146473.0
13806,4a5cf927-5e23-4267-926e-9463e171f71e,11/8/2015 3:19,0,146473.0
13807,4a5cf927-5e23-4267-926e-9463e171f71e,11/8/2015 2:19,0,146473.0
13808,4a5cf927-5e23-4267-926e-9463e171f71e,11/8/2015 1:19,0,146473.0
13809,4a5cf927-5e23-4267-926e-9463e171f71e,11/8/2015 0:19,15,146473.0
13810,4a5cf927-5e23-4267-926e-9463e171f71e,10/8/2015 23:19,17,146458.0
13811,4a5cf927-5e23-4267-926e-9463e171f71e,10/8/2015 22:19,0,146441.0
13812,4a5cf927-5e23-4267-926e-9463e171f71e,10/8/2015 21:19,0,146441.0
13813,4a5cf927-5e23-4267-926e-9463e171f71e,10/8/2015 20:19,0,146441.0
13814,4a5cf927-5e23-4267-926e-9463e171f71e,10/8/2015 19:19,0,146441.0
13815,4a5cf927-5e23-4267-926e-9463e171f71e,10/8/2015 18:19,0,146441.0
13816,4a5cf927-5e23-4267-926e-9463e171f71e,10/8/2015 17:19,0,146441.0
13817,4a5cf927-5e23-4267-926e-9463e171f71e,10/8/2015 16:19,10,146441.0
13818,4a5cf927-5e23-4267-926e-9463e171f71e,10/8/2015 15:19,7,146431.0
13819,4a5cf927-5e23-4267-926e-9463e171f71e,10/8/2015 14:19,11,146424.0
13820,4a5cf927-5e23-4267-926e-9463e171f71e,10/8/2015 13:19,1,146413.0
13821,4a5cf927-5e23-4267-926e-9463e171f71e,10/8/2015 12:19,67,146412.0
13822,4a5cf927-5e23-4267-926e-9463e171f71e,10/8/2015 11:19,15,146345.0
13823,4a5cf927-5e23-4267-926e-9463e171f71e,10/8/2015 10:19,84,146330.0
13824,4a5cf927-5e23-4267-926e-9463e171f71e,10/8/2015 9:19,5,146246.0
13825,4a5cf927-5e23-4267-926e-9463e171f71e,10/8/2015 8:19,0,146241.0
13826,4a5cf927-5e23-4267-926e-9463e171f71e,10/8/2015 7:19,0,146241.0
13827,4a5cf927-5e23-4267-926e-9463e171f71e,10/8/2015 6:19,0,146241.0
13828,4a5cf927-5e23-4267-926e-9463e171f71e,10/8/2015 5:19,0,146241.0
13829,4a5cf927-5e23-4267-926e-9463e171f71e,10/8/2015 4:19,0,146241.0
13830,4a5cf927-5e23-4267-926e-9463e171f71e,10/8/2015 3:19,0,146241.0
13831,4a5cf927-5e23-4267-926e-9463e171f71e,10/8/2015 2:19,0,146241.0
13832,4a5cf927-5e23-4267-926e-9463e171f71e,10/8/2015 1:19,0,146241.0
13833,4a5cf927-5e23-4267-926e-9463e171f71e,10/8/2015 0:19,0,146241.0
13834,4a5cf927-5e23-4267-926e-9463e171f71e,9/8/2015 23:19,1,146241.0
13835,4a5cf927-5e23-4267-926e-9463e171f71e,9/8/2015 22:19,8,146240.0
13836,4a5cf927-5e23-4267-926e-9463e171f71e,9/8/2015 21:19,0,146232.0
13837,4a5cf927-5e23-4267-926e-9463e171f71e,9/8/2015 20:19,0,146232.0
13838,4a5cf927-5e23-4267-926e-9463e171f71e,9/8/2015 19:19,10,146232.0
13839,4a5cf927-5e23-4267-926e-9463e171f71e,9/8/2015 18:19,6,146222.0
13840,4a5cf927-5e23-4267-926e-9463e171f71e,9/8/2015 17:19,0,146216.0
13841,4a5cf927-5e23-4267-926e-9463e171f71e,9/8/2015 16:19,3,146216.0
13842,4a5cf927-5e23-4267-926e-9463e171f71e,9/8/2015 15:19,4,146213.0
13843,4a5cf927-5e23-4267-926e-9463e171f71e,9/8/2015 14:19,0,146209.0
13844,4a5cf927-5e23-4267-926e-9463e171f71e,9/8/2015 13:19,0,146209.0
13845,4a5cf927-5e23-4267-926e-9463e171f71e,9/8/2015 12:19,36,146209.0
13846,4a5cf927-5e23-4267-926e-9463e171f71e,9/8/2015 7:19,1,146173.0
13847,4a5cf927-5e23-4267-926e-9463e171f71e,9/8/2015 6:19,0,146172.0
13848,4a5cf927-5e23-4267-926e-9463e171f71e,9/8/2015 5:19,0,146172.0
13849,4a5cf927-5e23-4267-926e-9463e171f71e,9/8/2015 4:19,0,146172.0
13850,4a5cf927-5e23-4267-926e-9463e171f71e,9/8/2015 3:19,0,146172.0
13851,4a5cf927-5e23-4267-926e-9463e171f71e,9/8/2015 2:19,0,146172.0
13852,4a5cf927-5e23-4267-926e-9463e171f71e,9/8/2015 1:19,3,146172.0
13853,4a5cf927-5e23-4267-926e-9463e171f71e,9/8/2015 0:19,6,146169.0
13854,4a5cf927-5e23-4267-926e-9463e171f71e,8/8/2015 23:19,5,146163.0
13855,4a5cf927-5e23-4267-926e-9463e171f71e,8/8/2015 22:19,0,146158.0
13856,4a5cf927-5e23-4267-926e-9463e171f71e,8/8/2015 21:19,0,146158.0
13857,4a5cf927-5e23-4267-926e-9463e171f71e,8/8/2015 20:19,0,146158.0
13858,4a5cf927-5e23-4267-926e-9463e171f71e,8/8/2015 19:19,1,146158.0
13859,4a5cf927-5e23-4267-926e-9463e171f71e,8/8/2015 18:19,0,146157.0
13860,4a5cf927-5e23-4267-926e-9463e171f71e,8/8/2015 17:19,0,146157.0
13861,4a5cf927-5e23-4267-926e-9463e171f71e,8/8/2015 16:19,11,146157.0
13862,4a5cf927-5e23-4267-926e-9463e171f71e,8/8/2015 15:19,10,146146.0
13863,4a5cf927-5e23-4267-926e-9463e171f71e,8/8/2015 14:19,3,146136.0
13864,4a5cf927-5e23-4267-926e-9463e171f71e,8/8/2015 13:19,84,146133.0
13865,4a5cf927-5e23-4267-926e-9463e171f71e,8/8/2015 12:19,8,146049.0
13866,4a5cf927-5e23-4267-926e-9463e171f71e,8/8/2015 11:19,20,146041.0
13867,4a5cf927-5e23-4267-926e-9463e171f71e,8/8/2015 10:19,69,146021.0
13868,4a5cf927-5e23-4267-926e-9463e171f71e,8/8/2015 9:19,0,145952.0
13869,4a5cf927-5e23-4267-926e-9463e171f71e,8/8/2015 8:19,0,145952.0
13870,4a5cf927-5e23-4267-926e-9463e171f71e,8/8/2015 7:19,0,145952.0
13871,4a5cf927-5e23-4267-926e-9463e171f71e,8/8/2015 6:19,0,145952.0
13872,4a5cf927-5e23-4267-926e-9463e171f71e,8/8/2015 5:19,0,145952.0
13873,4a5cf927-5e23-4267-926e-9463e171f71e,8/8/2015 4:19,0,145952.0
13874,4a5cf927-5e23-4267-926e-9463e171f71e,8/8/2015 3:20,0,145952.0
13875,4a5cf927-5e23-4267-926e-9463e171f71e,8/8/2015 2:20,0,145952.0
13876,4a5cf927-5e23-4267-926e-9463e171f71e,8/8/2015 1:20,10,145952.0
13877,4a5cf927-5e23-4267-926e-9463e171f71e,8/8/2015 0:20,0,145942.0
13878,4a5cf927-5e23-4267-926e-9463e171f71e,7/8/2015 23:19,3,145942.0
13879,4a5cf927-5e23-4267-926e-9463e171f71e,7/8/2015 22:19,0,145939.0
13880,4a5cf927-5e23-4267-926e-9463e171f71e,7/8/2015 21:19,0,145939.0
13881,4a5cf927-5e23-4267-926e-9463e171f71e,7/8/2015 20:19,0,145939.0
13882,4a5cf927-5e23-4267-926e-9463e171f71e,7/8/2015 19:20,0,145939.0
13883,4a5cf927-5e23-4267-926e-9463e171f71e,7/8/2015 18:20,0,145939.0
13884,4a5cf927-5e23-4267-926e-9463e171f71e,7/8/2015 17:20,4,145939.0
13885,4a5cf927-5e23-4267-926e-9463e171f71e,7/8/2015 16:20,4,145935.0
13886,4a5cf927-5e23-4267-926e-9463e171f71e,7/8/2015 15:20,12,145931.0
13887,4a5cf927-5e23-4267-926e-9463e171f71e,7/8/2015 14:20,7,145919.0
13888,4a5cf927-5e23-4267-926e-9463e171f71e,7/8/2015 13:20,5,145912.0
13889,4a5cf927-5e23-4267-926e-9463e171f71e,7/8/2015 12:20,1,145907.0
13890,4a5cf927-5e23-4267-926e-9463e171f71e,7/8/2015 11:20,97,145906.0
13891,4a5cf927-5e23-4267-926e-9463e171f71e,7/8/2015 10:20,58,145809.0
13892,4a5cf927-5e23-4267-926e-9463e171f71e,7/8/2015 9:20,0,145751.0
13893,4a5cf927-5e23-4267-926e-9463e171f71e,7/8/2015 8:20,0,145751.0
13894,4a5cf927-5e23-4267-926e-9463e171f71e,7/8/2015 7:19,0,145751.0
13895,4a5cf927-5e23-4267-926e-9463e171f71e,7/8/2015 6:19,0,145751.0
13896,4a5cf927-5e23-4267-926e-9463e171f71e,7/8/2015 5:19,0,145751.0
13897,4a5cf927-5e23-4267-926e-9463e171f71e,7/8/2015 4:19,0,145751.0
13898,4a5cf927-5e23-4267-926e-9463e171f71e,7/8/2015 3:20,0,145751.0
13899,4a5cf927-5e23-4267-926e-9463e171f71e,7/8/2015 2:20,0,145751.0
13900,4a5cf927-5e23-4267-926e-9463e171f71e,7/8/2015 1:20,4,145751.0
13901,4a5cf927-5e23-4267-926e-9463e171f71e,7/8/2015 0:20,13,145747.0
13902,4a5cf927-5e23-4267-926e-9463e171f71e,6/8/2015 23:20,12,145734.0
13903,4a5cf927-5e23-4267-926e-9463e171f71e,6/8/2015 22:20,1,145722.0
13904,4a5cf927-5e23-4267-926e-9463e171f71e,6/8/2015 21:20,5,145721.0
13905,4a5cf927-5e23-4267-926e-9463e171f71e,6/8/2015 20:20,40,145716.0
13906,4a5cf927-5e23-4267-926e-9463e171f71e,6/8/2015 15:20,106,145676.0
13907,4a5cf927-5e23-4267-926e-9463e171f71e,6/8/2015 14:20,5,145570.0
13908,4a5cf927-5e23-4267-926e-9463e171f71e,6/8/2015 13:20,0,145565.0
13909,4a5cf927-5e23-4267-926e-9463e171f71e,6/8/2015 12:20,0,145565.0
13910,4a5cf927-5e23-4267-926e-9463e171f71e,6/8/2015 11:20,23,145565.0
13911,4a5cf927-5e23-4267-926e-9463e171f71e,6/8/2015 10:20,62,145542.0
13912,4a5cf927-5e23-4267-926e-9463e171f71e,6/8/2015 9:20,0,145480.0
13913,4a5cf927-5e23-4267-926e-9463e171f71e,6/8/2015 8:20,0,145480.0
13914,4a5cf927-5e23-4267-926e-9463e171f71e,6/8/2015 7:20,0,145480.0
13915,4a5cf927-5e23-4267-926e-9463e171f71e,6/8/2015 6:20,0,145480.0
13916,4a5cf927-5e23-4267-926e-9463e171f71e,6/8/2015 5:20,0,145480.0
13917,4a5cf927-5e23-4267-926e-9463e171f71e,6/8/2015 4:20,0,145480.0
13918,4a5cf927-5e23-4267-926e-9463e171f71e,6/8/2015 3:20,0,145480.0
13919,4a5cf927-5e23-4267-926e-9463e171f71e,6/8/2015 2:20,0,145480.0
13920,4a5cf927-5e23-4267-926e-9463e171f71e,6/8/2015 1:20,0,145480.0
13921,4a5cf927-5e23-4267-926e-9463e171f71e,6/8/2015 0:20,0,145480.0
13922,4a5cf927-5e23-4267-926e-9463e171f71e,5/8/2015 23:20,15,145480.0
13923,4a5cf927-5e23-4267-926e-9463e171f71e,5/8/2015 22:20,7,145465.0
13924,4a5cf927-5e23-4267-926e-9463e171f71e,5/8/2015 21:20,0,145458.0
13925,4a5cf927-5e23-4267-926e-9463e171f71e,5/8/2015 20:20,0,145458.0
13926,4a5cf927-5e23-4267-926e-9463e171f71e,5/8/2015 19:20,6,145458.0
13927,4a5cf927-5e23-4267-926e-9463e171f71e,5/8/2015 18:20,0,145452.0
13928,4a5cf927-5e23-4267-926e-9463e171f71e,5/8/2015 17:20,7,145452.0
13929,4a5cf927-5e23-4267-926e-9463e171f71e,5/8/2015 16:20,8,145445.0
13930,4a5cf927-5e23-4267-926e-9463e171f71e,5/8/2015 15:20,14,145437.0
13931,4a5cf927-5e23-4267-926e-9463e171f71e,5/8/2015 14:20,7,145423.0
13932,4a5cf927-5e23-4267-926e-9463e171f71e,5/8/2015 13:20,7,145416.0
13933,4a5cf927-5e23-4267-926e-9463e171f71e,5/8/2015 12:20,0,145409.0
13934,4a5cf927-5e23-4267-926e-9463e171f71e,5/8/2015 11:20,55,145409.0
13935,4a5cf927-5e23-4267-926e-9463e171f71e,5/8/2015 10:20,44,145354.0
13936,4a5cf927-5e23-4267-926e-9463e171f71e,5/8/2015 9:20,0,145310.0
13937,4a5cf927-5e23-4267-926e-9463e171f71e,5/8/2015 8:20,0,145310.0
13938,4a5cf927-5e23-4267-926e-9463e171f71e,5/8/2015 7:20,0,145310.0
13939,4a5cf927-5e23-4267-926e-9463e171f71e,5/8/2015 6:20,0,145310.0
13940,4a5cf927-5e23-4267-926e-9463e171f71e,5/8/2015 5:20,0,145310.0
13941,4a5cf927-5e23-4267-926e-9463e171f71e,5/8/2015 4:20,12,145310.0
13942,4a5cf927-5e23-4267-926e-9463e171f71e,4/8/2015 23:20,3,145298.0
13943,4a5cf927-5e23-4267-926e-9463e171f71e,4/8/2015 22:20,11,145295.0
13944,4a5cf927-5e23-4267-926e-9463e171f71e,4/8/2015 21:20,0,145284.0
13945,4a5cf927-5e23-4267-926e-9463e171f71e,4/8/2015 20:20,0,145284.0
13946,4a5cf927-5e23-4267-926e-9463e171f71e,4/8/2015 19:20,7,145284.0
13947,4a5cf927-5e23-4267-926e-9463e171f71e,4/8/2015 18:20,55,145277.0
13948,4a5cf927-5e23-4267-926e-9463e171f71e,4/8/2015 17:20,9,145222.0
13949,4a5cf927-5e23-4267-926e-9463e171f71e,4/8/2015 16:20,2,145213.0
13950,4a5cf927-5e23-4267-926e-9463e171f71e,4/8/2015 15:20,5,145211.0
13951,4a5cf927-5e23-4267-926e-9463e171f71e,4/8/2015 14:20,0,145206.0
13952,4a5cf927-5e23-4267-926e-9463e171f71e,4/8/2015 13:20,0,145206.0
13953,4a5cf927-5e23-4267-926e-9463e171f71e,4/8/2015 12:20,0,145206.0
13954,4a5cf927-5e23-4267-926e-9463e171f71e,4/8/2015 11:20,24,145206.0
13955,4a5cf927-5e23-4267-926e-9463e171f71e,4/8/2015 10:20,65,145182.0
13956,4a5cf927-5e23-4267-926e-9463e171f71e,4/8/2015 9:20,5,145117.0
13957,4a5cf927-5e23-4267-926e-9463e171f71e,4/8/2015 8:20,0,145112.0
13958,4a5cf927-5e23-4267-926e-9463e171f71e,4/8/2015 7:20,0,145112.0
13959,4a5cf927-5e23-4267-926e-9463e171f71e,4/8/2015 6:20,0,145112.0
13960,4a5cf927-5e23-4267-926e-9463e171f71e,4/8/2015 5:20,0,145112.0
13961,4a5cf927-5e23-4267-926e-9463e171f71e,4/8/2015 4:20,0,145112.0
13962,4a5cf927-5e23-4267-926e-9463e171f71e,4/8/2015 3:20,0,145112.0
13963,4a5cf927-5e23-4267-926e-9463e171f71e,4/8/2015 2:20,0,145112.0
13964,4a5cf927-5e23-4267-926e-9463e171f71e,4/8/2015 1:20,0,145112.0
13965,4a5cf927-5e23-4267-926e-9463e171f71e,4/8/2015 0:20,2,145112.0
13966,4a5cf927-5e23-4267-926e-9463e171f71e,3/8/2015 23:20,12,145110.0
13967,4a5cf927-5e23-4267-926e-9463e171f71e,3/8/2015 22:20,6,145098.0
13968,4a5cf927-5e23-4267-926e-9463e171f71e,3/8/2015 21:20,0,145092.0
13969,4a5cf927-5e23-4267-926e-9463e171f71e,3/8/2015 20:20,0,145092.0
13970,4a5cf927-5e23-4267-926e-9463e171f71e,3/8/2015 19:20,0,145092.0
13971,4a5cf927-5e23-4267-926e-9463e171f71e,3/8/2015 18:20,1,145092.0
13972,4a5cf927-5e23-4267-926e-9463e171f71e,3/8/2015 17:20,5,145091.0
13973,4a5cf927-5e23-4267-926e-9463e171f71e,3/8/2015 16:20,3,145086.0
13974,4a5cf927-5e23-4267-926e-9463e171f71e,3/8/2015 15:20,16,145083.0
13975,4a5cf927-5e23-4267-926e-9463e171f71e,3/8/2015 14:20,7,145067.0
13976,4a5cf927-5e23-4267-926e-9463e171f71e,3/8/2015 13:20,0,145060.0
13977,4a5cf927-5e23-4267-926e-9463e171f71e,3/8/2015 12:20,2,145060.0
13978,4a5cf927-5e23-4267-926e-9463e171f71e,3/8/2015 11:20,76,145058.0
13979,4a5cf927-5e23-4267-926e-9463e171f71e,3/8/2015 10:20,19,144982.0
13980,4a5cf927-5e23-4267-926e-9463e171f71e,3/8/2015 9:20,13,144963.0
13981,4a5cf927-5e23-4267-926e-9463e171f71e,3/8/2015 8:20,0,144950.0
13982,4a5cf927-5e23-4267-926e-9463e171f71e,3/8/2015 7:20,0,144950.0
13983,4a5cf927-5e23-4267-926e-9463e171f71e,3/8/2015 6:20,0,144950.0
13984,4a5cf927-5e23-4267-926e-9463e171f71e,3/8/2015 5:20,0,144950.0
13985,4a5cf927-5e23-4267-926e-9463e171f71e,3/8/2015 4:20,14,144950.0
13986,4a5cf927-5e23-4267-926e-9463e171f71e,2/8/2015 23:20,22,144936.0
13987,4a5cf927-5e23-4267-926e-9463e171f71e,2/8/2015 22:20,12,144914.0
13988,4a5cf927-5e23-4267-926e-9463e171f71e,2/8/2015 21:20,4,144902.0
13989,4a5cf927-5e23-4267-926e-9463e171f71e,2/8/2015 20:20,5,144898.0
13990,4a5cf927-5e23-4267-926e-9463e171f71e,2/8/2015 19:20,0,144893.0
13991,4a5cf927-5e23-4267-926e-9463e171f71e,2/8/2015 18:20,0,144893.0
13992,4a5cf927-5e23-4267-926e-9463e171f71e,2/8/2015 17:20,0,144893.0
13993,4a5cf927-5e23-4267-926e-9463e171f71e,2/8/2015 16:20,8,144893.0
13994,4a5cf927-5e23-4267-926e-9463e171f71e,2/8/2015 15:20,0,144885.0
13995,4a5cf927-5e23-4267-926e-9463e171f71e,2/8/2015 14:20,0,144885.0
13996,4a5cf927-5e23-4267-926e-9463e171f71e,2/8/2015 13:20,0,144885.0
13997,4a5cf927-5e23-4267-926e-9463e171f71e,2/8/2015 12:20,0,144885.0
13998,4a5cf927-5e23-4267-926e-9463e171f71e,2/8/2015 11:20,0,144885.0
13999,4a5cf927-5e23-4267-926e-9463e171f71e,2/8/2015 10:20,99,144885.0
14000,4a5cf927-5e23-4267-926e-9463e171f71e,2/8/2015 9:20,67,144786.0
14001,4a5cf927-5e23-4267-926e-9463e171f71e,2/8/2015 8:20,4,144719.0
14002,4a5cf927-5e23-4267-926e-9463e171f71e,2/8/2015 7:20,0,144715.0
14003,4a5cf927-5e23-4267-926e-9463e171f71e,2/8/2015 6:20,0,144715.0
14004,4a5cf927-5e23-4267-926e-9463e171f71e,2/8/2015 5:20,0,144715.0
14005,4a5cf927-5e23-4267-926e-9463e171f71e,2/8/2015 4:20,0,144715.0
14006,4a5cf927-5e23-4267-926e-9463e171f71e,2/8/2015 3:20,0,144715.0
14007,4a5cf927-5e23-4267-926e-9463e171f71e,2/8/2015 2:20,0,144715.0
14008,4a5cf927-5e23-4267-926e-9463e171f71e,2/8/2015 1:20,0,144715.0
14009,4a5cf927-5e23-4267-926e-9463e171f71e,2/8/2015 0:20,2,144715.0
14010,4a5cf927-5e23-4267-926e-9463e171f71e,1/8/2015 23:20,6,144713.0
14011,4a5cf927-5e23-4267-926e-9463e171f71e,1/8/2015 22:20,0,144707.0
14012,4a5cf927-5e23-4267-926e-9463e171f71e,1/8/2015 21:20,0,144707.0
14013,4a5cf927-5e23-4267-926e-9463e171f71e,1/8/2015 20:20,0,144707.0
14014,4a5cf927-5e23-4267-926e-9463e171f71e,1/8/2015 19:20,0,144707.0
14015,4a5cf927-5e23-4267-926e-9463e171f71e,1/8/2015 18:20,1,144707.0
14016,4a5cf927-5e23-4267-926e-9463e171f71e,1/8/2015 17:20,11,144706.0
14017,4a5cf927-5e23-4267-926e-9463e171f71e,1/8/2015 16:20,15,144695.0
14018,4a5cf927-5e23-4267-926e-9463e171f71e,1/8/2015 15:20,11,144680.0
14019,4a5cf927-5e23-4267-926e-9463e171f71e,1/8/2015 14:20,5,144669.0
14020,4a5cf927-5e23-4267-926e-9463e171f71e,1/8/2015 13:20,4,144664.0
14021,4a5cf927-5e23-4267-926e-9463e171f71e,1/8/2015 12:20,7,144660.0
14022,4a5cf927-5e23-4267-926e-9463e171f71e,1/8/2015 11:20,45,144653.0
14023,4a5cf927-5e23-4267-926e-9463e171f71e,1/8/2015 10:20,107,144608.0
14024,4a5cf927-5e23-4267-926e-9463e171f71e,1/8/2015 9:20,0,144501.0
14025,4a5cf927-5e23-4267-926e-9463e171f71e,1/8/2015 8:20,0,144501.0
14026,4a5cf927-5e23-4267-926e-9463e171f71e,1/8/2015 7:20,0,144501.0
14027,4a5cf927-5e23-4267-926e-9463e171f71e,1/8/2015 6:20,0,144501.0
14028,4a5cf927-5e23-4267-926e-9463e171f71e,1/8/2015 5:20,0,144501.0
14029,4a5cf927-5e23-4267-926e-9463e171f71e,1/8/2015 4:20,0,144501.0
14030,4a5cf927-5e23-4267-926e-9463e171f71e,1/8/2015 3:20,0,144501.0
14031,4a5cf927-5e23-4267-926e-9463e171f71e,1/8/2015 2:20,0,144501.0
14032,4a5cf927-5e23-4267-926e-9463e171f71e,1/8/2015 1:20,7,144501.0
14033,4a5cf927-5e23-4267-926e-9463e171f71e,1/8/2015 0:20,3,144494.0
14034,4a5cf927-5e23-4267-926e-9463e171f71e,31/07/2015 23:20:14,51,144491.0
14035,4a5cf927-5e23-4267-926e-9463e171f71e,31/07/2015 22:20:14,0,144440.0
14036,4a5cf927-5e23-4267-926e-9463e171f71e,31/07/2015 21:20:14,0,144440.0
14037,4a5cf927-5e23-4267-926e-9463e171f71e,31/07/2015 20:20:14,0,144440.0
14038,4a5cf927-5e23-4267-926e-9463e171f71e,31/07/2015 19:20:16,0,144440.0
14039,4a5cf927-5e23-4267-926e-9463e171f71e,31/07/2015 18:20:16,0,144440.0
14040,4a5cf927-5e23-4267-926e-9463e171f71e,31/07/2015 17:20:16,8,144440.0
14041,4a5cf927-5e23-4267-926e-9463e171f71e,31/07/2015 16:20:16,7,144432.0
14042,4a5cf927-5e23-4267-926e-9463e171f71e,31/07/2015 15:20:16,13,144425.0
14043,4a5cf927-5e23-4267-926e-9463e171f71e,31/07/2015 14:20:16,0,144412.0
14044,4a5cf927-5e23-4267-926e-9463e171f71e,31/07/2015 13:20:16,5,144412.0
14045,4a5cf927-5e23-4267-926e-9463e171f71e,31/07/2015 12:20:16,67,144407.0
14046,4a5cf927-5e23-4267-926e-9463e171f71e,31/07/2015 11:20:17,56,144340.0
14047,4a5cf927-5e23-4267-926e-9463e171f71e,31/07/2015 10:20:17,55,144284.0
14048,4a5cf927-5e23-4267-926e-9463e171f71e,31/07/2015 09:20:17,0,144229.0
14049,4a5cf927-5e23-4267-926e-9463e171f71e,31/07/2015 08:20:17,0,144229.0
14050,4a5cf927-5e23-4267-926e-9463e171f71e,31/07/2015 07:20:16,0,144229.0
14051,4a5cf927-5e23-4267-926e-9463e171f71e,31/07/2015 06:20:16,0,144229.0
14052,4a5cf927-5e23-4267-926e-9463e171f71e,31/07/2015 05:20:16,0,144229.0
14053,4a5cf927-5e23-4267-926e-9463e171f71e,31/07/2015 04:20:16,0,144229.0
14054,4a5cf927-5e23-4267-926e-9463e171f71e,31/07/2015 03:20:18,0,144229.0
14055,4a5cf927-5e23-4267-926e-9463e171f71e,31/07/2015 02:20:18,0,144229.0
14056,4a5cf927-5e23-4267-926e-9463e171f71e,31/07/2015 01:20:18,0,144229.0
14057,4a5cf927-5e23-4267-926e-9463e171f71e,31/07/2015 00:20:18,3,144229.0
14058,4a5cf927-5e23-4267-926e-9463e171f71e,30/07/2015 23:20:15,11,144226.0
14059,4a5cf927-5e23-4267-926e-9463e171f71e,30/07/2015 22:20:15,0,144215.0
14060,4a5cf927-5e23-4267-926e-9463e171f71e,30/07/2015 21:20:15,0,144215.0
14061,4a5cf927-5e23-4267-926e-9463e171f71e,30/07/2015 20:20:15,0,144215.0
14062,4a5cf927-5e23-4267-926e-9463e171f71e,30/07/2015 19:20:17,3,144215.0
14063,4a5cf927-5e23-4267-926e-9463e171f71e,30/07/2015 18:20:17,57,144212.0
14064,4a5cf927-5e23-4267-926e-9463e171f71e,30/07/2015 17:20:17,13,144155.0
14065,4a5cf927-5e23-4267-926e-9463e171f71e,30/07/2015 16:20:17,15,144142.0
14066,4a5cf927-5e23-4267-926e-9463e171f71e,30/07/2015 15:20:16,7,144127.0
14067,4a5cf927-5e23-4267-926e-9463e171f71e,30/07/2015 14:20:16,0,144120.0
14068,4a5cf927-5e23-4267-926e-9463e171f71e,30/07/2015 13:20:16,0,144120.0
14069,4a5cf927-5e23-4267-926e-9463e171f71e,30/07/2015 12:20:16,32,144120.0
14070,4a5cf927-5e23-4267-926e-9463e171f71e,30/07/2015 07:20:17,0,144088.0
14071,4a5cf927-5e23-4267-926e-9463e171f71e,30/07/2015 06:20:17,0,144088.0
14072,4a5cf927-5e23-4267-926e-9463e171f71e,30/07/2015 05:20:17,0,144088.0
14073,4a5cf927-5e23-4267-926e-9463e171f71e,30/07/2015 04:20:17,0,144088.0
14074,4a5cf927-5e23-4267-926e-9463e171f71e,30/07/2015 03:20:19,0,144088.0
14075,4a5cf927-5e23-4267-926e-9463e171f71e,30/07/2015 02:20:19,16,144088.0
14076,4a5cf927-5e23-4267-926e-9463e171f71e,30/07/2015 01:20:19,0,144072.0
14077,4a5cf927-5e23-4267-926e-9463e171f71e,30/07/2015 00:20:19,0,144072.0
14078,4a5cf927-5e23-4267-926e-9463e171f71e,29/07/2015 23:20:18,0,144072.0
14079,4a5cf927-5e23-4267-926e-9463e171f71e,29/07/2015 22:20:18,1,144072.0
14080,4a5cf927-5e23-4267-926e-9463e171f71e,29/07/2015 21:20:18,0,144071.0
14081,4a5cf927-5e23-4267-926e-9463e171f71e,29/07/2015 20:20:18,4,144071.0
14082,4a5cf927-5e23-4267-926e-9463e171f71e,29/07/2015 19:20:20,61,144067.0
14083,4a5cf927-5e23-4267-926e-9463e171f71e,29/07/2015 18:20:20,50,144006.0
14084,4a5cf927-5e23-4267-926e-9463e171f71e,29/07/2015 17:20:20,0,143956.0
14085,4a5cf927-5e23-4267-926e-9463e171f71e,29/07/2015 16:20:20,6,143956.0
14086,4a5cf927-5e23-4267-926e-9463e171f71e,29/07/2015 15:20:19,61,143950.0
14087,4a5cf927-5e23-4267-926e-9463e171f71e,29/07/2015 14:20:19,8,143889.0
14088,4a5cf927-5e23-4267-926e-9463e171f71e,29/07/2015 13:20:19,0,143881.0
14089,4a5cf927-5e23-4267-926e-9463e171f71e,29/07/2015 12:20:19,0,143881.0
14090,4a5cf927-5e23-4267-926e-9463e171f71e,29/07/2015 11:20:22,19,143881.0
14091,4a5cf927-5e23-4267-926e-9463e171f71e,29/07/2015 10:20:22,16,143862.0
14092,4a5cf927-5e23-4267-926e-9463e171f71e,29/07/2015 09:20:22,0,143846.0
14093,4a5cf927-5e23-4267-926e-9463e171f71e,29/07/2015 08:20:22,0,143846.0
14094,4a5cf927-5e23-4267-926e-9463e171f71e,29/07/2015 07:20:20,0,143846.0
14095,4a5cf927-5e23-4267-926e-9463e171f71e,29/07/2015 06:20:20,0,143846.0
14096,4a5cf927-5e23-4267-926e-9463e171f71e,29/07/2015 05:20:20,0,143846.0
14097,4a5cf927-5e23-4267-926e-9463e171f71e,29/07/2015 04:20:20,0,143846.0
14098,4a5cf927-5e23-4267-926e-9463e171f71e,29/07/2015 03:20:22,2,143846.0
14099,4a5cf927-5e23-4267-926e-9463e171f71e,29/07/2015 02:20:22,0,143844.0
14100,4a5cf927-5e23-4267-926e-9463e171f71e,29/07/2015 01:20:22,3,143844.0
14101,4a5cf927-5e23-4267-926e-9463e171f71e,29/07/2015 00:20:22,6,143841.0
14102,4a5cf927-5e23-4267-926e-9463e171f71e,28/07/2015 23:20:20,10,143835.0
14103,4a5cf927-5e23-4267-926e-9463e171f71e,28/07/2015 22:20:20,9,143825.0
14104,4a5cf927-5e23-4267-926e-9463e171f71e,28/07/2015 21:20:20,9,143816.0
14105,4a5cf927-5e23-4267-926e-9463e171f71e,28/07/2015 20:20:20,0,143807.0
14106,4a5cf927-5e23-4267-926e-9463e171f71e,28/07/2015 19:20:24,0,143807.0
14107,4a5cf927-5e23-4267-926e-9463e171f71e,28/07/2015 18:20:24,0,143807.0
14108,4a5cf927-5e23-4267-926e-9463e171f71e,28/07/2015 17:20:24,8,143807.0
14109,4a5cf927-5e23-4267-926e-9463e171f71e,28/07/2015 16:20:24,0,143799.0
14110,4a5cf927-5e23-4267-926e-9463e171f71e,28/07/2015 15:20:21,12,143799.0
14111,4a5cf927-5e23-4267-926e-9463e171f71e,28/07/2015 14:20:21,4,143787.0
14112,4a5cf927-5e23-4267-926e-9463e171f71e,28/07/2015 13:20:21,0,143783.0
14113,4a5cf927-5e23-4267-926e-9463e171f71e,28/07/2015 12:20:21,7,143783.0
14114,4a5cf927-5e23-4267-926e-9463e171f71e,28/07/2015 11:20:26,91,143776.0
14115,4a5cf927-5e23-4267-926e-9463e171f71e,28/07/2015 10:20:26,22,143685.0
14116,4a5cf927-5e23-4267-926e-9463e171f71e,28/07/2015 09:20:26,0,143663.0
14117,4a5cf927-5e23-4267-926e-9463e171f71e,28/07/2015 08:20:26,0,143663.0
14118,4a5cf927-5e23-4267-926e-9463e171f71e,28/07/2015 07:20:23,0,143663.0
14119,4a5cf927-5e23-4267-926e-9463e171f71e,28/07/2015 06:20:23,0,143663.0
14120,4a5cf927-5e23-4267-926e-9463e171f71e,28/07/2015 05:20:23,0,143663.0
14121,4a5cf927-5e23-4267-926e-9463e171f71e,28/07/2015 04:20:23,3,143663.0
14122,4a5cf927-5e23-4267-926e-9463e171f71e,28/07/2015 03:20:24,0,143660.0
14123,4a5cf927-5e23-4267-926e-9463e171f71e,28/07/2015 02:20:24,1,143660.0
14124,4a5cf927-5e23-4267-926e-9463e171f71e,28/07/2015 01:20:24,24,143659.0
14125,4a5cf927-5e23-4267-926e-9463e171f71e,28/07/2015 00:20:24,10,143635.0
14126,4a5cf927-5e23-4267-926e-9463e171f71e,27/07/2015 23:20:23,13,143625.0
14127,4a5cf927-5e23-4267-926e-9463e171f71e,27/07/2015 22:20:23,0,143612.0
14128,4a5cf927-5e23-4267-926e-9463e171f71e,27/07/2015 21:20:23,0,143612.0
14129,4a5cf927-5e23-4267-926e-9463e171f71e,27/07/2015 20:20:23,0,143612.0
14130,4a5cf927-5e23-4267-926e-9463e171f71e,27/07/2015 19:20:25,0,143612.0
14131,4a5cf927-5e23-4267-926e-9463e171f71e,27/07/2015 18:20:25,0,143612.0
14132,4a5cf927-5e23-4267-926e-9463e171f71e,27/07/2015 17:20:25,6,143612.0
14133,4a5cf927-5e23-4267-926e-9463e171f71e,27/07/2015 16:20:25,20,143606.0
14134,4a5cf927-5e23-4267-926e-9463e171f71e,27/07/2015 15:20:26,8,143586.0
14135,4a5cf927-5e23-4267-926e-9463e171f71e,27/07/2015 14:20:26,3,143578.0
14136,4a5cf927-5e23-4267-926e-9463e171f71e,27/07/2015 13:20:26,0,143575.0
14137,4a5cf927-5e23-4267-926e-9463e171f71e,27/07/2015 12:20:26,0,143575.0
14138,4a5cf927-5e23-4267-926e-9463e171f71e,27/07/2015 11:20:27,126,143575.0
14139,4a5cf927-5e23-4267-926e-9463e171f71e,27/07/2015 10:20:27,39,143449.0
14140,4a5cf927-5e23-4267-926e-9463e171f71e,27/07/2015 09:20:27,6,143410.0
14141,4a5cf927-5e23-4267-926e-9463e171f71e,27/07/2015 08:20:27,0,143404.0
14142,4a5cf927-5e23-4267-926e-9463e171f71e,27/07/2015 07:20:25,0,143404.0
14143,4a5cf927-5e23-4267-926e-9463e171f71e,27/07/2015 06:20:25,0,143404.0
14144,4a5cf927-5e23-4267-926e-9463e171f71e,27/07/2015 05:20:25,0,143404.0
14145,4a5cf927-5e23-4267-926e-9463e171f71e,27/07/2015 04:20:25,0,143404.0
14146,4a5cf927-5e23-4267-926e-9463e171f71e,27/07/2015 03:20:27,0,143404.0
14147,4a5cf927-5e23-4267-926e-9463e171f71e,27/07/2015 02:20:27,0,143404.0
14148,4a5cf927-5e23-4267-926e-9463e171f71e,27/07/2015 01:20:27,0,143404.0
14149,4a5cf927-5e23-4267-926e-9463e171f71e,27/07/2015 00:20:27,0,143404.0
14150,4a5cf927-5e23-4267-926e-9463e171f71e,26/07/2015 23:20:26,33,143404.0
14151,4a5cf927-5e23-4267-926e-9463e171f71e,26/07/2015 22:20:26,25,143371.0
14152,4a5cf927-5e23-4267-926e-9463e171f71e,26/07/2015 21:20:26,0,143346.0
14153,4a5cf927-5e23-4267-926e-9463e171f71e,26/07/2015 20:20:26,0,143346.0
14154,4a5cf927-5e23-4267-926e-9463e171f71e,26/07/2015 19:20:27,0,143346.0
14155,4a5cf927-5e23-4267-926e-9463e171f71e,26/07/2015 18:20:27,0,143346.0
14156,4a5cf927-5e23-4267-926e-9463e171f71e,26/07/2015 17:20:27,0,143346.0
14157,4a5cf927-5e23-4267-926e-9463e171f71e,26/07/2015 16:20:27,0,143346.0
14158,4a5cf927-5e23-4267-926e-9463e171f71e,26/07/2015 15:20:26,0,143346.0
14159,4a5cf927-5e23-4267-926e-9463e171f71e,26/07/2015 14:20:26,0,143346.0
14160,4a5cf927-5e23-4267-926e-9463e171f71e,26/07/2015 13:20:26,0,143346.0
14161,4a5cf927-5e23-4267-926e-9463e171f71e,26/07/2015 12:20:26,15,143346.0
14162,4a5cf927-5e23-4267-926e-9463e171f71e,26/07/2015 11:20:33,63,143331.0
14163,4a5cf927-5e23-4267-926e-9463e171f71e,26/07/2015 10:20:33,9,143268.0
14164,4a5cf927-5e23-4267-926e-9463e171f71e,26/07/2015 09:20:33,0,143259.0
14165,4a5cf927-5e23-4267-926e-9463e171f71e,26/07/2015 08:20:33,0,143259.0
14166,4a5cf927-5e23-4267-926e-9463e171f71e,26/07/2015 07:20:27,0,143259.0
14167,4a5cf927-5e23-4267-926e-9463e171f71e,26/07/2015 06:20:27,0,143259.0
14168,4a5cf927-5e23-4267-926e-9463e171f71e,26/07/2015 05:20:27,0,143259.0
14169,4a5cf927-5e23-4267-926e-9463e171f71e,26/07/2015 04:20:27,0,143259.0
14170,4a5cf927-5e23-4267-926e-9463e171f71e,26/07/2015 03:20:29,8,143259.0
14171,4a5cf927-5e23-4267-926e-9463e171f71e,26/07/2015 02:20:29,0,143251.0
14172,4a5cf927-5e23-4267-926e-9463e171f71e,26/07/2015 01:20:29,6,143251.0
14173,4a5cf927-5e23-4267-926e-9463e171f71e,26/07/2015 00:20:29,0,143245.0
14174,4a5cf927-5e23-4267-926e-9463e171f71e,25/07/2015 23:20:28,3,143245.0
14175,4a5cf927-5e23-4267-926e-9463e171f71e,25/07/2015 22:20:28,58,143242.0
14176,4a5cf927-5e23-4267-926e-9463e171f71e,25/07/2015 21:20:28,3,143184.0
14177,4a5cf927-5e23-4267-926e-9463e171f71e,25/07/2015 20:20:28,0,143181.0
14178,4a5cf927-5e23-4267-926e-9463e171f71e,25/07/2015 19:20:29,0,143181.0
14179,4a5cf927-5e23-4267-926e-9463e171f71e,25/07/2015 18:20:29,0,143181.0
14180,4a5cf927-5e23-4267-926e-9463e171f71e,25/07/2015 17:20:29,16,143181.0
14181,4a5cf927-5e23-4267-926e-9463e171f71e,25/07/2015 16:20:29,27,143165.0
14182,4a5cf927-5e23-4267-926e-9463e171f71e,25/07/2015 11:20:31,13,143138.0
14183,4a5cf927-5e23-4267-926e-9463e171f71e,25/07/2015 10:20:31,47,143125.0
14184,4a5cf927-5e23-4267-926e-9463e171f71e,25/07/2015 09:20:31,7,143078.0
14185,4a5cf927-5e23-4267-926e-9463e171f71e,25/07/2015 08:20:31,0,143071.0
14186,4a5cf927-5e23-4267-926e-9463e171f71e,25/07/2015 07:20:29,0,143071.0
14187,4a5cf927-5e23-4267-926e-9463e171f71e,25/07/2015 06:20:29,0,143071.0
14188,4a5cf927-5e23-4267-926e-9463e171f71e,25/07/2015 05:20:29,0,143071.0
14189,4a5cf927-5e23-4267-926e-9463e171f71e,25/07/2015 04:20:29,0,143071.0
14190,4a5cf927-5e23-4267-926e-9463e171f71e,25/07/2015 03:20:32,0,143071.0
14191,4a5cf927-5e23-4267-926e-9463e171f71e,25/07/2015 02:20:32,0,143071.0
14192,4a5cf927-5e23-4267-926e-9463e171f71e,25/07/2015 01:20:32,0,143071.0
14193,4a5cf927-5e23-4267-926e-9463e171f71e,25/07/2015 00:20:32,26,143071.0
14194,4a5cf927-5e23-4267-926e-9463e171f71e,24/07/2015 19:20:32,39,143045.0
14195,4a5cf927-5e23-4267-926e-9463e171f71e,24/07/2015 18:20:32,33,143006.0
14196,4a5cf927-5e23-4267-926e-9463e171f71e,24/07/2015 17:20:32,23,142973.0
14197,4a5cf927-5e23-4267-926e-9463e171f71e,24/07/2015 16:20:32,40,142950.0
14198,4a5cf927-5e23-4267-926e-9463e171f71e,24/07/2015 11:20:33,8,142910.0
14199,4a5cf927-5e23-4267-926e-9463e171f71e,24/07/2015 10:20:33,48,142902.0
14200,4a5cf927-5e23-4267-926e-9463e171f71e,24/07/2015 09:20:33,15,142854.0
14201,4a5cf927-5e23-4267-926e-9463e171f71e,24/07/2015 08:20:33,76,142839.0
14202,4a5cf927-5e23-4267-926e-9463e171f71e,24/07/2015 07:20:31,0,142763.0
14203,4a5cf927-5e23-4267-926e-9463e171f71e,24/07/2015 06:20:31,0,142763.0
14204,4a5cf927-5e23-4267-926e-9463e171f71e,24/07/2015 05:20:31,0,142763.0
14205,4a5cf927-5e23-4267-926e-9463e171f71e,24/07/2015 04:20:31,7,142763.0
14206,4a5cf927-5e23-4267-926e-9463e171f71e,23/07/2015 23:20:32,15,142756.0
14207,4a5cf927-5e23-4267-926e-9463e171f71e,23/07/2015 22:20:32,17,142741.0
14208,4a5cf927-5e23-4267-926e-9463e171f71e,23/07/2015 21:20:32,12,142724.0
14209,4a5cf927-5e23-4267-926e-9463e171f71e,23/07/2015 20:20:32,0,142712.0
14210,4a5cf927-5e23-4267-926e-9463e171f71e,23/07/2015 19:20:34,0,142712.0
14211,4a5cf927-5e23-4267-926e-9463e171f71e,23/07/2015 18:20:34,6,142712.0
14212,4a5cf927-5e23-4267-926e-9463e171f71e,23/07/2015 17:20:34,3,142706.0
14213,4a5cf927-5e23-4267-926e-9463e171f71e,23/07/2015 16:20:34,73,142703.0
14214,4a5cf927-5e23-4267-926e-9463e171f71e,23/07/2015 11:20:34,9,142630.0
14215,4a5cf927-5e23-4267-926e-9463e171f71e,23/07/2015 10:20:34,19,142621.0
14216,4a5cf927-5e23-4267-926e-9463e171f71e,23/07/2015 09:20:34,13,142602.0
14217,4a5cf927-5e23-4267-926e-9463e171f71e,23/07/2015 08:20:34,82,142589.0
14218,4a5cf927-5e23-4267-926e-9463e171f71e,23/07/2015 07:20:51,0,142507.0
14219,4a5cf927-5e23-4267-926e-9463e171f71e,23/07/2015 06:20:51,0,142507.0
14220,4a5cf927-5e23-4267-926e-9463e171f71e,23/07/2015 05:20:51,0,142507.0
14221,4a5cf927-5e23-4267-926e-9463e171f71e,23/07/2015 04:20:51,0,142507.0
14222,4a5cf927-5e23-4267-926e-9463e171f71e,23/07/2015 03:20:36,0,142507.0
14223,4a5cf927-5e23-4267-926e-9463e171f71e,23/07/2015 02:20:36,0,142507.0
14224,4a5cf927-5e23-4267-926e-9463e171f71e,23/07/2015 01:20:36,0,142507.0
14225,4a5cf927-5e23-4267-926e-9463e171f71e,23/07/2015 00:20:36,21,142507.0
14226,4a5cf927-5e23-4267-926e-9463e171f71e,22/07/2015 19:20:36,7,142486.0
14227,4a5cf927-5e23-4267-926e-9463e171f71e,22/07/2015 18:20:36,0,142479.0
14228,4a5cf927-5e23-4267-926e-9463e171f71e,22/07/2015 17:20:36,3,142479.0
14229,4a5cf927-5e23-4267-926e-9463e171f71e,22/07/2015 16:20:36,8,142476.0
14230,4a5cf927-5e23-4267-926e-9463e171f71e,22/07/2015 15:20:35,103,142468.0
14231,4a5cf927-5e23-4267-926e-9463e171f71e,22/07/2015 14:20:35,1,142365.0
14232,4a5cf927-5e23-4267-926e-9463e171f71e,22/07/2015 13:20:35,9,142364.0
14233,4a5cf927-5e23-4267-926e-9463e171f71e,22/07/2015 12:20:35,0,142355.0
14234,4a5cf927-5e23-4267-926e-9463e171f71e,22/07/2015 11:20:38,0,142355.0
14235,4a5cf927-5e23-4267-926e-9463e171f71e,22/07/2015 10:20:38,11,142355.0
14236,4a5cf927-5e23-4267-926e-9463e171f71e,22/07/2015 09:20:38,14,142344.0
14237,4a5cf927-5e23-4267-926e-9463e171f71e,22/07/2015 08:20:38,81,142330.0
14238,4a5cf927-5e23-4267-926e-9463e171f71e,22/07/2015 07:20:38,0,142249.0
14239,4a5cf927-5e23-4267-926e-9463e171f71e,22/07/2015 06:20:38,0,142249.0
14240,4a5cf927-5e23-4267-926e-9463e171f71e,22/07/2015 05:20:38,0,142249.0
14241,4a5cf927-5e23-4267-926e-9463e171f71e,22/07/2015 04:20:38,0,142249.0
14242,4a5cf927-5e23-4267-926e-9463e171f71e,22/07/2015 03:20:39,0,142249.0
14243,4a5cf927-5e23-4267-926e-9463e171f71e,22/07/2015 02:20:39,0,142249.0
14244,4a5cf927-5e23-4267-926e-9463e171f71e,22/07/2015 01:20:39,0,142249.0
14245,4a5cf927-5e23-4267-926e-9463e171f71e,22/07/2015 00:20:39,3,142249.0
14246,4a5cf927-5e23-4267-926e-9463e171f71e,21/07/2015 23:20:40,10,142246.0
14247,4a5cf927-5e23-4267-926e-9463e171f71e,21/07/2015 22:20:40,2,142236.0
14248,4a5cf927-5e23-4267-926e-9463e171f71e,21/07/2015 21:20:40,8,142234.0
14249,4a5cf927-5e23-4267-926e-9463e171f71e,21/07/2015 20:20:40,0,142226.0
14250,4a5cf927-5e23-4267-926e-9463e171f71e,21/07/2015 19:20:40,7,142226.0
14251,4a5cf927-5e23-4267-926e-9463e171f71e,21/07/2015 18:20:40,0,142219.0
14252,4a5cf927-5e23-4267-926e-9463e171f71e,21/07/2015 17:20:40,0,142219.0
14253,4a5cf927-5e23-4267-926e-9463e171f71e,21/07/2015 16:20:40,13,142219.0
14254,4a5cf927-5e23-4267-926e-9463e171f71e,21/07/2015 15:20:37,4,142206.0
14255,4a5cf927-5e23-4267-926e-9463e171f71e,21/07/2015 14:20:37,4,142202.0
14256,4a5cf927-5e23-4267-926e-9463e171f71e,21/07/2015 13:20:37,0,142198.0
14257,4a5cf927-5e23-4267-926e-9463e171f71e,21/07/2015 12:20:37,0,142198.0
14258,4a5cf927-5e23-4267-926e-9463e171f71e,21/07/2015 11:20:39,29,142198.0
14259,4a5cf927-5e23-4267-926e-9463e171f71e,21/07/2015 10:20:39,73,142169.0
14260,4a5cf927-5e23-4267-926e-9463e171f71e,21/07/2015 09:20:39,18,142096.0
14261,4a5cf927-5e23-4267-926e-9463e171f71e,21/07/2015 08:20:39,0,142078.0
14262,4a5cf927-5e23-4267-926e-9463e171f71e,21/07/2015 07:20:39,0,142078.0
14263,4a5cf927-5e23-4267-926e-9463e171f71e,21/07/2015 06:20:39,0,142078.0
14264,4a5cf927-5e23-4267-926e-9463e171f71e,21/07/2015 05:20:39,0,142078.0
14265,4a5cf927-5e23-4267-926e-9463e171f71e,21/07/2015 04:20:39,0,142078.0
14266,4a5cf927-5e23-4267-926e-9463e171f71e,21/07/2015 03:20:40,0,142078.0
14267,4a5cf927-5e23-4267-926e-9463e171f71e,21/07/2015 02:20:40,0,142078.0
14268,4a5cf927-5e23-4267-926e-9463e171f71e,21/07/2015 01:20:40,0,142078.0
14269,4a5cf927-5e23-4267-926e-9463e171f71e,21/07/2015 00:20:40,16,142078.0
14270,4a5cf927-5e23-4267-926e-9463e171f71e,20/07/2015 23:20:39,7,142062.0
14271,4a5cf927-5e23-4267-926e-9463e171f71e,20/07/2015 22:20:39,0,142055.0
14272,4a5cf927-5e23-4267-926e-9463e171f71e,20/07/2015 21:20:39,0,142055.0
14273,4a5cf927-5e23-4267-926e-9463e171f71e,20/07/2015 20:20:39,0,142055.0
14274,4a5cf927-5e23-4267-926e-9463e171f71e,20/07/2015 19:20:42,0,142055.0
14275,4a5cf927-5e23-4267-926e-9463e171f71e,20/07/2015 18:20:42,0,142055.0
14276,4a5cf927-5e23-4267-926e-9463e171f71e,20/07/2015 17:20:42,3,142055.0
14277,4a5cf927-5e23-4267-926e-9463e171f71e,20/07/2015 16:20:42,6,142052.0
14278,4a5cf927-5e23-4267-926e-9463e171f71e,20/07/2015 15:20:39,12,142046.0
14279,4a5cf927-5e23-4267-926e-9463e171f71e,20/07/2015 14:20:39,8,142034.0
14280,4a5cf927-5e23-4267-926e-9463e171f71e,20/07/2015 13:20:39,0,142026.0
14281,4a5cf927-5e23-4267-926e-9463e171f71e,20/07/2015 12:20:39,156,142026.0
14282,4a5cf927-5e23-4267-926e-9463e171f71e,20/07/2015 07:20:41,0,141870.0
14283,4a5cf927-5e23-4267-926e-9463e171f71e,20/07/2015 06:20:41,0,141870.0
14284,4a5cf927-5e23-4267-926e-9463e171f71e,20/07/2015 05:20:41,0,141870.0
14285,4a5cf927-5e23-4267-926e-9463e171f71e,20/07/2015 04:20:41,0,141870.0
14286,4a5cf927-5e23-4267-926e-9463e171f71e,20/07/2015 03:20:43,0,141870.0
14287,4a5cf927-5e23-4267-926e-9463e171f71e,20/07/2015 02:20:43,0,141870.0
14288,4a5cf927-5e23-4267-926e-9463e171f71e,20/07/2015 01:20:43,0,141870.0
14289,4a5cf927-5e23-4267-926e-9463e171f71e,20/07/2015 00:20:43,5,141870.0
14290,4a5cf927-5e23-4267-926e-9463e171f71e,19/07/2015 23:20:42,6,141865.0
14291,4a5cf927-5e23-4267-926e-9463e171f71e,19/07/2015 22:20:42,7,141859.0
14292,4a5cf927-5e23-4267-926e-9463e171f71e,19/07/2015 21:20:42,0,141852.0
14293,4a5cf927-5e23-4267-926e-9463e171f71e,19/07/2015 20:20:42,0,141852.0
14294,4a5cf927-5e23-4267-926e-9463e171f71e,19/07/2015 19:20:44,0,141852.0
14295,4a5cf927-5e23-4267-926e-9463e171f71e,19/07/2015 18:20:44,0,141852.0
14296,4a5cf927-5e23-4267-926e-9463e171f71e,19/07/2015 17:20:44,0,141852.0
14297,4a5cf927-5e23-4267-926e-9463e171f71e,19/07/2015 16:20:44,0,141852.0
14298,4a5cf927-5e23-4267-926e-9463e171f71e,19/07/2015 15:20:44,4,141852.0
14299,4a5cf927-5e23-4267-926e-9463e171f71e,19/07/2015 14:20:44,1,141848.0
14300,4a5cf927-5e23-4267-926e-9463e171f71e,19/07/2015 13:20:44,0,141847.0
14301,4a5cf927-5e23-4267-926e-9463e171f71e,19/07/2015 12:20:44,5,141847.0
14302,4a5cf927-5e23-4267-926e-9463e171f71e,19/07/2015 11:20:45,13,141842.0
14303,4a5cf927-5e23-4267-926e-9463e171f71e,19/07/2015 10:20:45,116,141829.0
14304,4a5cf927-5e23-4267-926e-9463e171f71e,19/07/2015 09:20:45,18,141713.0
14305,4a5cf927-5e23-4267-926e-9463e171f71e,19/07/2015 08:20:45,1,141695.0
14306,4a5cf927-5e23-4267-926e-9463e171f71e,19/07/2015 07:20:43,0,141694.0
14307,4a5cf927-5e23-4267-926e-9463e171f71e,19/07/2015 06:20:43,0,141694.0
14308,4a5cf927-5e23-4267-926e-9463e171f71e,19/07/2015 05:20:43,0,141694.0
14309,4a5cf927-5e23-4267-926e-9463e171f71e,19/07/2015 04:20:43,0,141694.0
14310,4a5cf927-5e23-4267-926e-9463e171f71e,19/07/2015 03:20:45,0,141694.0
14311,4a5cf927-5e23-4267-926e-9463e171f71e,19/07/2015 02:20:45,0,141694.0
14312,4a5cf927-5e23-4267-926e-9463e171f71e,19/07/2015 01:20:45,0,141694.0
14313,4a5cf927-5e23-4267-926e-9463e171f71e,19/07/2015 00:20:45,9,141694.0
14314,4a5cf927-5e23-4267-926e-9463e171f71e,18/07/2015 23:20:45,48,141685.0
14315,4a5cf927-5e23-4267-926e-9463e171f71e,18/07/2015 22:20:45,0,141637.0
14316,4a5cf927-5e23-4267-926e-9463e171f71e,18/07/2015 21:20:45,0,141637.0
14317,4a5cf927-5e23-4267-926e-9463e171f71e,18/07/2015 20:20:45,3,141637.0
14318,4a5cf927-5e23-4267-926e-9463e171f71e,18/07/2015 19:20:47,0,141634.0
14319,4a5cf927-5e23-4267-926e-9463e171f71e,18/07/2015 18:20:47,0,141634.0
14320,4a5cf927-5e23-4267-926e-9463e171f71e,18/07/2015 17:20:47,0,141634.0
14321,4a5cf927-5e23-4267-926e-9463e171f71e,18/07/2015 16:20:47,5,141634.0
14322,4a5cf927-5e23-4267-926e-9463e171f71e,18/07/2015 15:20:44,6,141629.0
14323,4a5cf927-5e23-4267-926e-9463e171f71e,18/07/2015 14:20:44,13,141623.0
14324,4a5cf927-5e23-4267-926e-9463e171f71e,18/07/2015 13:20:44,31,141610.0
14325,4a5cf927-5e23-4267-926e-9463e171f71e,18/07/2015 12:20:44,32,141579.0
14326,4a5cf927-5e23-4267-926e-9463e171f71e,18/07/2015 11:20:46,22,141547.0
14327,4a5cf927-5e23-4267-926e-9463e171f71e,18/07/2015 10:20:46,4,141525.0
14328,4a5cf927-5e23-4267-926e-9463e171f71e,18/07/2015 09:20:46,17,141521.0
14329,4a5cf927-5e23-4267-926e-9463e171f71e,18/07/2015 08:20:46,67,141504.0
14330,4a5cf927-5e23-4267-926e-9463e171f71e,18/07/2015 07:28:29,0,141437.0
14331,4a5cf927-5e23-4267-926e-9463e171f71e,18/07/2015 06:28:29,0,141437.0
14332,4a5cf927-5e23-4267-926e-9463e171f71e,18/07/2015 05:28:29,0,141437.0
14333,4a5cf927-5e23-4267-926e-9463e171f71e,18/07/2015 04:28:29,0,141437.0
14334,4a5cf927-5e23-4267-926e-9463e171f71e,18/07/2015 03:20:47,0,141437.0
14335,4a5cf927-5e23-4267-926e-9463e171f71e,18/07/2015 02:20:47,0,141437.0
14336,4a5cf927-5e23-4267-926e-9463e171f71e,18/07/2015 01:20:47,4,141437.0
14337,4a5cf927-5e23-4267-926e-9463e171f71e,18/07/2015 00:20:47,3,141433.0
14338,4a5cf927-5e23-4267-926e-9463e171f71e,17/07/2015 23:20:47,5,141430.0
14339,4a5cf927-5e23-4267-926e-9463e171f71e,17/07/2015 22:20:47,0,141425.0
14340,4a5cf927-5e23-4267-926e-9463e171f71e,17/07/2015 21:20:47,0,141425.0
14341,4a5cf927-5e23-4267-926e-9463e171f71e,17/07/2015 20:20:47,0,141425.0
14342,4a5cf927-5e23-4267-926e-9463e171f71e,17/07/2015 19:20:49,0,141425.0
14343,4a5cf927-5e23-4267-926e-9463e171f71e,17/07/2015 18:20:49,0,141425.0
14344,4a5cf927-5e23-4267-926e-9463e171f71e,17/07/2015 17:20:49,0,141425.0
14345,4a5cf927-5e23-4267-926e-9463e171f71e,17/07/2015 16:20:49,0,141425.0
14346,4a5cf927-5e23-4267-926e-9463e171f71e,17/07/2015 15:20:49,17,141425.0
14347,4a5cf927-5e23-4267-926e-9463e171f71e,17/07/2015 14:20:49,7,141408.0
14348,4a5cf927-5e23-4267-926e-9463e171f71e,17/07/2015 13:20:49,0,141401.0
14349,4a5cf927-5e23-4267-926e-9463e171f71e,17/07/2015 12:20:49,0,141401.0
14350,4a5cf927-5e23-4267-926e-9463e171f71e,17/07/2015 11:20:49,7,141401.0
14351,4a5cf927-5e23-4267-926e-9463e171f71e,17/07/2015 10:20:49,6,141394.0
14352,4a5cf927-5e23-4267-926e-9463e171f71e,17/07/2015 09:20:49,12,141388.0
14353,4a5cf927-5e23-4267-926e-9463e171f71e,17/07/2015 08:20:49,73,141376.0
14354,4a5cf927-5e23-4267-926e-9463e171f71e,17/07/2015 07:20:48,0,141303.0
14355,4a5cf927-5e23-4267-926e-9463e171f71e,17/07/2015 06:20:48,0,141303.0
14356,4a5cf927-5e23-4267-926e-9463e171f71e,17/07/2015 05:20:48,0,141303.0
14357,4a5cf927-5e23-4267-926e-9463e171f71e,17/07/2015 04:20:48,0,141303.0
14358,4a5cf927-5e23-4267-926e-9463e171f71e,17/07/2015 03:20:50,0,141303.0
14359,4a5cf927-5e23-4267-926e-9463e171f71e,17/07/2015 02:20:50,0,141303.0
14360,4a5cf927-5e23-4267-926e-9463e171f71e,17/07/2015 01:20:50,0,141303.0
14361,4a5cf927-5e23-4267-926e-9463e171f71e,17/07/2015 00:20:50,24,141303.0
14362,4a5cf927-5e23-4267-926e-9463e171f71e,16/07/2015 23:20:52,7,141279.0
14363,4a5cf927-5e23-4267-926e-9463e171f71e,16/07/2015 22:20:52,0,141272.0
14364,4a5cf927-5e23-4267-926e-9463e171f71e,16/07/2015 21:20:52,0,141272.0
14365,4a5cf927-5e23-4267-926e-9463e171f71e,16/07/2015 20:20:52,0,141272.0
14366,4a5cf927-5e23-4267-926e-9463e171f71e,16/07/2015 19:20:52,0,141272.0
14367,4a5cf927-5e23-4267-926e-9463e171f71e,16/07/2015 18:20:52,0,141272.0
14368,4a5cf927-5e23-4267-926e-9463e171f71e,16/07/2015 17:20:52,0,141272.0
14369,4a5cf927-5e23-4267-926e-9463e171f71e,16/07/2015 16:20:52,0,141272.0
14370,4a5cf927-5e23-4267-926e-9463e171f71e,16/07/2015 15:20:51,12,141272.0
14371,4a5cf927-5e23-4267-926e-9463e171f71e,16/07/2015 14:20:51,3,141260.0
14372,4a5cf927-5e23-4267-926e-9463e171f71e,16/07/2015 13:20:51,103,141257.0
14373,4a5cf927-5e23-4267-926e-9463e171f71e,16/07/2015 12:20:51,1,141154.0
14374,4a5cf927-5e23-4267-926e-9463e171f71e,16/07/2015 11:20:52,0,141153.0
14375,4a5cf927-5e23-4267-926e-9463e171f71e,16/07/2015 10:20:52,20,141153.0
14376,4a5cf927-5e23-4267-926e-9463e171f71e,16/07/2015 09:20:52,15,141133.0
14377,4a5cf927-5e23-4267-926e-9463e171f71e,16/07/2015 08:20:52,0,141118.0
14378,4a5cf927-5e23-4267-926e-9463e171f71e,16/07/2015 07:20:51,0,141118.0
14379,4a5cf927-5e23-4267-926e-9463e171f71e,16/07/2015 06:20:51,0,141118.0
14380,4a5cf927-5e23-4267-926e-9463e171f71e,16/07/2015 05:20:51,0,141118.0
14381,4a5cf927-5e23-4267-926e-9463e171f71e,16/07/2015 04:20:51,0,141118.0
14382,4a5cf927-5e23-4267-926e-9463e171f71e,16/07/2015 03:20:53,0,141118.0
14383,4a5cf927-5e23-4267-926e-9463e171f71e,16/07/2015 02:20:53,5,141118.0
14384,4a5cf927-5e23-4267-926e-9463e171f71e,16/07/2015 01:20:53,3,141113.0
14385,4a5cf927-5e23-4267-926e-9463e171f71e,16/07/2015 00:20:53,2,141110.0
14386,4a5cf927-5e23-4267-926e-9463e171f71e,15/07/2015 23:20:52,51,141108.0
14387,4a5cf927-5e23-4267-926e-9463e171f71e,15/07/2015 22:20:52,0,141057.0
14388,4a5cf927-5e23-4267-926e-9463e171f71e,15/07/2015 21:20:52,0,141057.0
14389,4a5cf927-5e23-4267-926e-9463e171f71e,15/07/2015 20:20:52,0,141057.0
14390,4a5cf927-5e23-4267-926e-9463e171f71e,15/07/2015 19:20:52,0,141057.0
14391,4a5cf927-5e23-4267-926e-9463e171f71e,15/07/2015 18:20:52,10,141057.0
14392,4a5cf927-5e23-4267-926e-9463e171f71e,15/07/2015 17:20:52,8,141047.0
14393,4a5cf927-5e23-4267-926e-9463e171f71e,15/07/2015 16:20:52,44,141039.0
14394,4a5cf927-5e23-4267-926e-9463e171f71e,15/07/2015 15:20:53,4,140995.0
14395,4a5cf927-5e23-4267-926e-9463e171f71e,15/07/2015 14:20:53,7,140991.0
14396,4a5cf927-5e23-4267-926e-9463e171f71e,15/07/2015 13:20:53,22,140984.0
14397,4a5cf927-5e23-4267-926e-9463e171f71e,15/07/2015 12:20:53,20,140962.0
14398,4a5cf927-5e23-4267-926e-9463e171f71e,15/07/2015 11:20:53,23,140942.0
14399,4a5cf927-5e23-4267-926e-9463e171f71e,15/07/2015 10:20:53,35,140919.0
14400,4a5cf927-5e23-4267-926e-9463e171f71e,15/07/2015 09:20:53,0,140884.0
14401,4a5cf927-5e23-4267-926e-9463e171f71e,15/07/2015 08:20:53,0,140884.0
14402,4a5cf927-5e23-4267-926e-9463e171f71e,15/07/2015 07:20:53,0,140884.0
14403,4a5cf927-5e23-4267-926e-9463e171f71e,15/07/2015 06:20:53,0,140884.0
14404,4a5cf927-5e23-4267-926e-9463e171f71e,15/07/2015 05:20:53,0,140884.0
14405,4a5cf927-5e23-4267-926e-9463e171f71e,15/07/2015 04:20:53,0,140884.0
14406,4a5cf927-5e23-4267-926e-9463e171f71e,15/07/2015 03:20:54,0,140884.0
14407,4a5cf927-5e23-4267-926e-9463e171f71e,15/07/2015 02:20:54,0,140884.0
14408,4a5cf927-5e23-4267-926e-9463e171f71e,15/07/2015 01:20:54,0,140884.0
14409,4a5cf927-5e23-4267-926e-9463e171f71e,15/07/2015 00:20:54,6,140884.0
14410,4a5cf927-5e23-4267-926e-9463e171f71e,14/07/2015 23:20:54,8,140878.0
14411,4a5cf927-5e23-4267-926e-9463e171f71e,14/07/2015 22:20:54,0,140870.0
14412,4a5cf927-5e23-4267-926e-9463e171f71e,14/07/2015 21:20:54,2,140870.0
14413,4a5cf927-5e23-4267-926e-9463e171f71e,14/07/2015 20:20:54,5,140868.0
14414,4a5cf927-5e23-4267-926e-9463e171f71e,14/07/2015 19:20:55,27,140863.0
14415,4a5cf927-5e23-4267-926e-9463e171f71e,14/07/2015 18:20:55,24,140836.0
14416,4a5cf927-5e23-4267-926e-9463e171f71e,14/07/2015 17:20:55,4,140812.0
14417,4a5cf927-5e23-4267-926e-9463e171f71e,14/07/2015 16:20:55,14,140808.0
14418,4a5cf927-5e23-4267-926e-9463e171f71e,14/07/2015 15:20:55,4,140794.0
14419,4a5cf927-5e23-4267-926e-9463e171f71e,14/07/2015 14:20:55,1,140790.0
14420,4a5cf927-5e23-4267-926e-9463e171f71e,14/07/2015 13:20:55,6,140789.0
14421,4a5cf927-5e23-4267-926e-9463e171f71e,14/07/2015 12:20:55,0,140783.0
14422,4a5cf927-5e23-4267-926e-9463e171f71e,14/07/2015 11:20:56,5,140783.0
14423,4a5cf927-5e23-4267-926e-9463e171f71e,14/07/2015 10:20:56,13,140778.0
14424,4a5cf927-5e23-4267-926e-9463e171f71e,14/07/2015 09:20:56,23,140765.0
14425,4a5cf927-5e23-4267-926e-9463e171f71e,14/07/2015 08:20:56,56,140742.0
14426,4a5cf927-5e23-4267-926e-9463e171f71e,14/07/2015 07:20:56,0,140686.0
14427,4a5cf927-5e23-4267-926e-9463e171f71e,14/07/2015 06:20:56,0,140686.0
14428,4a5cf927-5e23-4267-926e-9463e171f71e,14/07/2015 05:20:56,0,140686.0
14429,4a5cf927-5e23-4267-926e-9463e171f71e,14/07/2015 04:20:56,0,140686.0
14430,4a5cf927-5e23-4267-926e-9463e171f71e,14/07/2015 03:20:58,0,140686.0
14431,4a5cf927-5e23-4267-926e-9463e171f71e,14/07/2015 02:20:58,0,140686.0
14432,4a5cf927-5e23-4267-926e-9463e171f71e,14/07/2015 01:20:58,0,140686.0
14433,4a5cf927-5e23-4267-926e-9463e171f71e,14/07/2015 00:20:58,14,140686.0
14434,4a5cf927-5e23-4267-926e-9463e171f71e,13/07/2015 23:20:58,6,140672.0
14435,4a5cf927-5e23-4267-926e-9463e171f71e,13/07/2015 22:20:58,0,140666.0
14436,4a5cf927-5e23-4267-926e-9463e171f71e,13/07/2015 21:20:58,6,140666.0
14437,4a5cf927-5e23-4267-926e-9463e171f71e,13/07/2015 20:20:58,0,140660.0
14438,4a5cf927-5e23-4267-926e-9463e171f71e,13/07/2015 19:20:58,0,140660.0
14439,4a5cf927-5e23-4267-926e-9463e171f71e,13/07/2015 18:20:58,0,140660.0
14440,4a5cf927-5e23-4267-926e-9463e171f71e,13/07/2015 17:20:58,0,140660.0
14441,4a5cf927-5e23-4267-926e-9463e171f71e,13/07/2015 16:20:58,6,140660.0
14442,4a5cf927-5e23-4267-926e-9463e171f71e,13/07/2015 15:20:57,32,140654.0
14443,4a5cf927-5e23-4267-926e-9463e171f71e,13/07/2015 14:20:57,15,140622.0
14444,4a5cf927-5e23-4267-926e-9463e171f71e,13/07/2015 13:20:57,1,140607.0
14445,4a5cf927-5e23-4267-926e-9463e171f71e,13/07/2015 12:20:57,5,140606.0
14446,4a5cf927-5e23-4267-926e-9463e171f71e,13/07/2015 11:20:58,13,140601.0
14447,4a5cf927-5e23-4267-926e-9463e171f71e,13/07/2015 10:20:58,107,140588.0
14448,4a5cf927-5e23-4267-926e-9463e171f71e,13/07/2015 09:20:58,3,140481.0
14449,4a5cf927-5e23-4267-926e-9463e171f71e,13/07/2015 08:20:58,65,140478.0
14450,4a5cf927-5e23-4267-926e-9463e171f71e,13/07/2015 07:20:58,0,140413.0
14451,4a5cf927-5e23-4267-926e-9463e171f71e,13/07/2015 06:20:58,0,140413.0
14452,4a5cf927-5e23-4267-926e-9463e171f71e,13/07/2015 05:20:58,0,140413.0
14453,4a5cf927-5e23-4267-926e-9463e171f71e,13/07/2015 04:20:58,0,140413.0
14454,4a5cf927-5e23-4267-926e-9463e171f71e,13/07/2015 03:20:59,0,140413.0
14455,4a5cf927-5e23-4267-926e-9463e171f71e,13/07/2015 02:20:59,0,140413.0
14456,4a5cf927-5e23-4267-926e-9463e171f71e,13/07/2015 01:20:59,3,140413.0
14457,4a5cf927-5e23-4267-926e-9463e171f71e,13/07/2015 00:20:59,0,140410.0
14458,4a5cf927-5e23-4267-926e-9463e171f71e,12/7/2015 23:20,8,140410.0
14459,4a5cf927-5e23-4267-926e-9463e171f71e,12/7/2015 22:20,0,140402.0
14460,4a5cf927-5e23-4267-926e-9463e171f71e,12/7/2015 21:20,0,140402.0
14461,4a5cf927-5e23-4267-926e-9463e171f71e,12/7/2015 20:20,0,140402.0
14462,4a5cf927-5e23-4267-926e-9463e171f71e,12/7/2015 19:21,10,140402.0
14463,4a5cf927-5e23-4267-926e-9463e171f71e,12/7/2015 18:21,56,140392.0
14464,4a5cf927-5e23-4267-926e-9463e171f71e,12/7/2015 17:21,33,140336.0
14465,4a5cf927-5e23-4267-926e-9463e171f71e,12/7/2015 16:21,22,140303.0
14466,4a5cf927-5e23-4267-926e-9463e171f71e,12/7/2015 15:21,0,140281.0
14467,4a5cf927-5e23-4267-926e-9463e171f71e,12/7/2015 14:21,0,140281.0
14468,4a5cf927-5e23-4267-926e-9463e171f71e,12/7/2015 13:21,0,140281.0
14469,4a5cf927-5e23-4267-926e-9463e171f71e,12/7/2015 12:21,11,140281.0
14470,4a5cf927-5e23-4267-926e-9463e171f71e,12/7/2015 11:21,18,140270.0
14471,4a5cf927-5e23-4267-926e-9463e171f71e,12/7/2015 10:21,0,140252.0
14472,4a5cf927-5e23-4267-926e-9463e171f71e,12/7/2015 9:21,0,140252.0
14473,4a5cf927-5e23-4267-926e-9463e171f71e,12/7/2015 8:21,0,140252.0
14474,4a5cf927-5e23-4267-926e-9463e171f71e,12/7/2015 7:21,0,140252.0
14475,4a5cf927-5e23-4267-926e-9463e171f71e,12/7/2015 6:21,0,140252.0
14476,4a5cf927-5e23-4267-926e-9463e171f71e,12/7/2015 5:21,0,140252.0
14477,4a5cf927-5e23-4267-926e-9463e171f71e,12/7/2015 4:21,0,140252.0
14478,4a5cf927-5e23-4267-926e-9463e171f71e,12/7/2015 3:21,1,140252.0
14479,4a5cf927-5e23-4267-926e-9463e171f71e,12/7/2015 2:21,4,140251.0
14480,4a5cf927-5e23-4267-926e-9463e171f71e,12/7/2015 1:21,0,140247.0
14481,4a5cf927-5e23-4267-926e-9463e171f71e,12/7/2015 0:21,0,140247.0
14482,4a5cf927-5e23-4267-926e-9463e171f71e,11/7/2015 23:21,11,140247.0
14483,4a5cf927-5e23-4267-926e-9463e171f71e,11/7/2015 22:21,0,140236.0
14484,4a5cf927-5e23-4267-926e-9463e171f71e,11/7/2015 21:21,0,140236.0
14485,4a5cf927-5e23-4267-926e-9463e171f71e,11/7/2015 20:21,0,140236.0
14486,4a5cf927-5e23-4267-926e-9463e171f71e,11/7/2015 19:21,0,140236.0
14487,4a5cf927-5e23-4267-926e-9463e171f71e,11/7/2015 18:21,0,140236.0
14488,4a5cf927-5e23-4267-926e-9463e171f71e,11/7/2015 17:21,0,140236.0
14489,4a5cf927-5e23-4267-926e-9463e171f71e,11/7/2015 16:21,26,140236.0
14490,4a5cf927-5e23-4267-926e-9463e171f71e,11/7/2015 15:21,3,140210.0
14491,4a5cf927-5e23-4267-926e-9463e171f71e,11/7/2015 14:21,8,140207.0
14492,4a5cf927-5e23-4267-926e-9463e171f71e,11/7/2015 13:21,11,140199.0
14493,4a5cf927-5e23-4267-926e-9463e171f71e,11/7/2015 12:21,69,140188.0
14494,4a5cf927-5e23-4267-926e-9463e171f71e,11/7/2015 11:21,16,140119.0
14495,4a5cf927-5e23-4267-926e-9463e171f71e,11/7/2015 10:21,0,140103.0
14496,4a5cf927-5e23-4267-926e-9463e171f71e,11/7/2015 9:21,79,140103.0
14497,4a5cf927-5e23-4267-926e-9463e171f71e,11/7/2015 8:21,0,140024.0
14498,4a5cf927-5e23-4267-926e-9463e171f71e,11/7/2015 7:21,0,140024.0
14499,4a5cf927-5e23-4267-926e-9463e171f71e,11/7/2015 6:21,0,140024.0
14500,4a5cf927-5e23-4267-926e-9463e171f71e,11/7/2015 5:21,0,140024.0
14501,4a5cf927-5e23-4267-926e-9463e171f71e,11/7/2015 4:21,0,140024.0
14502,4a5cf927-5e23-4267-926e-9463e171f71e,11/7/2015 3:21,0,140024.0
14503,4a5cf927-5e23-4267-926e-9463e171f71e,11/7/2015 2:21,4,140024.0
14504,4a5cf927-5e23-4267-926e-9463e171f71e,11/7/2015 1:21,4,140020.0
14505,4a5cf927-5e23-4267-926e-9463e171f71e,11/7/2015 0:21,1,140016.0
14506,4a5cf927-5e23-4267-926e-9463e171f71e,10/7/2015 23:21,15,140015.0
14507,4a5cf927-5e23-4267-926e-9463e171f71e,10/7/2015 22:21,0,140000.0
14508,4a5cf927-5e23-4267-926e-9463e171f71e,10/7/2015 21:21,0,140000.0
14509,4a5cf927-5e23-4267-926e-9463e171f71e,10/7/2015 20:21,0,140000.0
14510,4a5cf927-5e23-4267-926e-9463e171f71e,10/7/2015 19:21,0,140000.0
14511,4a5cf927-5e23-4267-926e-9463e171f71e,10/7/2015 18:21,0,140000.0
14512,4a5cf927-5e23-4267-926e-9463e171f71e,10/7/2015 17:21,3,140000.0
14513,4a5cf927-5e23-4267-926e-9463e171f71e,10/7/2015 16:21,12,139997.0
14514,4a5cf927-5e23-4267-926e-9463e171f71e,10/7/2015 15:21,8,139985.0
14515,4a5cf927-5e23-4267-926e-9463e171f71e,10/7/2015 14:21,0,139977.0
14516,4a5cf927-5e23-4267-926e-9463e171f71e,10/7/2015 13:21,0,139977.0
14517,4a5cf927-5e23-4267-926e-9463e171f71e,10/7/2015 12:21,0,139977.0
14518,4a5cf927-5e23-4267-926e-9463e171f71e,10/7/2015 11:21,14,139977.0
14519,4a5cf927-5e23-4267-926e-9463e171f71e,10/7/2015 10:21,119,139963.0
14520,4a5cf927-5e23-4267-926e-9463e171f71e,10/7/2015 9:21,60,139844.0
14521,4a5cf927-5e23-4267-926e-9463e171f71e,10/7/2015 8:21,0,139784.0
14522,4a5cf927-5e23-4267-926e-9463e171f71e,10/7/2015 7:21,0,139784.0
14523,4a5cf927-5e23-4267-926e-9463e171f71e,10/7/2015 6:21,0,139784.0
14524,4a5cf927-5e23-4267-926e-9463e171f71e,10/7/2015 5:21,0,139784.0
14525,4a5cf927-5e23-4267-926e-9463e171f71e,10/7/2015 4:21,0,139784.0
14526,4a5cf927-5e23-4267-926e-9463e171f71e,10/7/2015 3:21,0,139784.0
14527,4a5cf927-5e23-4267-926e-9463e171f71e,10/7/2015 2:21,0,139784.0
14528,4a5cf927-5e23-4267-926e-9463e171f71e,10/7/2015 1:21,6,139784.0
14529,4a5cf927-5e23-4267-926e-9463e171f71e,10/7/2015 0:21,30,139778.0
14530,4a5cf927-5e23-4267-926e-9463e171f71e,9/7/2015 23:21,11,139748.0
14531,4a5cf927-5e23-4267-926e-9463e171f71e,9/7/2015 22:21,6,139737.0
14532,4a5cf927-5e23-4267-926e-9463e171f71e,9/7/2015 21:21,3,139731.0
14533,4a5cf927-5e23-4267-926e-9463e171f71e,9/7/2015 20:21,8,139728.0
14534,4a5cf927-5e23-4267-926e-9463e171f71e,9/7/2015 19:21,9,139720.0
14535,4a5cf927-5e23-4267-926e-9463e171f71e,9/7/2015 18:21,0,139711.0
14536,4a5cf927-5e23-4267-926e-9463e171f71e,9/7/2015 17:21,6,139711.0
14537,4a5cf927-5e23-4267-926e-9463e171f71e,9/7/2015 16:21,6,139705.0
14538,4a5cf927-5e23-4267-926e-9463e171f71e,9/7/2015 15:21,9,139699.0
14539,4a5cf927-5e23-4267-926e-9463e171f71e,9/7/2015 14:21,0,139690.0
14540,4a5cf927-5e23-4267-926e-9463e171f71e,9/7/2015 13:21,0,139690.0
14541,4a5cf927-5e23-4267-926e-9463e171f71e,9/7/2015 12:21,0,139690.0
14542,4a5cf927-5e23-4267-926e-9463e171f71e,9/7/2015 11:21,37,139690.0
14543,4a5cf927-5e23-4267-926e-9463e171f71e,9/7/2015 10:21,69,139653.0
14544,4a5cf927-5e23-4267-926e-9463e171f71e,9/7/2015 9:21,4,139584.0
14545,4a5cf927-5e23-4267-926e-9463e171f71e,9/7/2015 8:21,0,139580.0
14546,4a5cf927-5e23-4267-926e-9463e171f71e,9/7/2015 7:21,0,139580.0
14547,4a5cf927-5e23-4267-926e-9463e171f71e,9/7/2015 6:21,0,139580.0
14548,4a5cf927-5e23-4267-926e-9463e171f71e,9/7/2015 5:21,0,139580.0
14549,4a5cf927-5e23-4267-926e-9463e171f71e,9/7/2015 4:21,5,139580.0
14550,4a5cf927-5e23-4267-926e-9463e171f71e,8/7/2015 23:21,8,139575.0
14551,4a5cf927-5e23-4267-926e-9463e171f71e,8/7/2015 22:21,6,139567.0
14552,4a5cf927-5e23-4267-926e-9463e171f71e,8/7/2015 21:21,7,139561.0
14553,4a5cf927-5e23-4267-926e-9463e171f71e,8/7/2015 20:21,0,139554.0
14554,4a5cf927-5e23-4267-926e-9463e171f71e,8/7/2015 19:21,11,139554.0
14555,4a5cf927-5e23-4267-926e-9463e171f71e,8/7/2015 18:21,0,139543.0
14556,4a5cf927-5e23-4267-926e-9463e171f71e,8/7/2015 17:21,7,139543.0
14557,4a5cf927-5e23-4267-926e-9463e171f71e,8/7/2015 16:21,14,139536.0
14558,4a5cf927-5e23-4267-926e-9463e171f71e,8/7/2015 15:21,20,139522.0
14559,4a5cf927-5e23-4267-926e-9463e171f71e,8/7/2015 14:21,8,139502.0
14560,4a5cf927-5e23-4267-926e-9463e171f71e,8/7/2015 13:21,8,139494.0
14561,4a5cf927-5e23-4267-926e-9463e171f71e,8/7/2015 12:21,1,139486.0
14562,4a5cf927-5e23-4267-926e-9463e171f71e,8/7/2015 11:21,7,139485.0
14563,4a5cf927-5e23-4267-926e-9463e171f71e,8/7/2015 10:21,33,139478.0
14564,4a5cf927-5e23-4267-926e-9463e171f71e,8/7/2015 9:21,5,139445.0
14565,4a5cf927-5e23-4267-926e-9463e171f71e,8/7/2015 8:21,65,139440.0
14566,4a5cf927-5e23-4267-926e-9463e171f71e,8/7/2015 7:21,0,139375.0
14567,4a5cf927-5e23-4267-926e-9463e171f71e,8/7/2015 6:21,0,139375.0
14568,4a5cf927-5e23-4267-926e-9463e171f71e,8/7/2015 5:21,0,139375.0
14569,4a5cf927-5e23-4267-926e-9463e171f71e,8/7/2015 4:21,0,139375.0
14570,4a5cf927-5e23-4267-926e-9463e171f71e,8/7/2015 3:21,0,139375.0
14571,4a5cf927-5e23-4267-926e-9463e171f71e,8/7/2015 2:21,0,139375.0
14572,4a5cf927-5e23-4267-926e-9463e171f71e,8/7/2015 1:21,0,139375.0
14573,4a5cf927-5e23-4267-926e-9463e171f71e,8/7/2015 0:21,4,139375.0
14574,4a5cf927-5e23-4267-926e-9463e171f71e,7/7/2015 23:21,0,139371.0
14575,4a5cf927-5e23-4267-926e-9463e171f71e,7/7/2015 22:21,0,139371.0
14576,4a5cf927-5e23-4267-926e-9463e171f71e,7/7/2015 21:21,9,139371.0
14577,4a5cf927-5e23-4267-926e-9463e171f71e,7/7/2015 20:21,0,139362.0
14578,4a5cf927-5e23-4267-926e-9463e171f71e,7/7/2015 19:21,3,139362.0
14579,4a5cf927-5e23-4267-926e-9463e171f71e,7/7/2015 18:21,85,139359.0
14580,4a5cf927-5e23-4267-926e-9463e171f71e,7/7/2015 17:21,0,139274.0
14581,4a5cf927-5e23-4267-926e-9463e171f71e,7/7/2015 16:21,5,139274.0
14582,4a5cf927-5e23-4267-926e-9463e171f71e,7/7/2015 15:21,67,139269.0
14583,4a5cf927-5e23-4267-926e-9463e171f71e,7/7/2015 14:21,0,139202.0
14584,4a5cf927-5e23-4267-926e-9463e171f71e,7/7/2015 13:21,0,139202.0
14585,4a5cf927-5e23-4267-926e-9463e171f71e,7/7/2015 12:21,0,139202.0
14586,4a5cf927-5e23-4267-926e-9463e171f71e,7/7/2015 11:21,3,139202.0
14587,4a5cf927-5e23-4267-926e-9463e171f71e,7/7/2015 10:21,71,139199.0
14588,4a5cf927-5e23-4267-926e-9463e171f71e,7/7/2015 9:21,7,139128.0
14589,4a5cf927-5e23-4267-926e-9463e171f71e,7/7/2015 8:21,0,139121.0
14590,4a5cf927-5e23-4267-926e-9463e171f71e,7/7/2015 3:21,0,139121.0
14591,4a5cf927-5e23-4267-926e-9463e171f71e,7/7/2015 2:21,0,139121.0
14592,4a5cf927-5e23-4267-926e-9463e171f71e,7/7/2015 1:21,16,139121.0
14593,4a5cf927-5e23-4267-926e-9463e171f71e,7/7/2015 0:21,19,139105.0
14594,4a5cf927-5e23-4267-926e-9463e171f71e,6/7/2015 19:21,0,139086.0
14595,4a5cf927-5e23-4267-926e-9463e171f71e,6/7/2015 18:21,0,139086.0
14596,4a5cf927-5e23-4267-926e-9463e171f71e,6/7/2015 17:21,0,139086.0
14597,4a5cf927-5e23-4267-926e-9463e171f71e,6/7/2015 16:21,13,139086.0
14598,4a5cf927-5e23-4267-926e-9463e171f71e,6/7/2015 15:21,20,139073.0
14599,4a5cf927-5e23-4267-926e-9463e171f71e,6/7/2015 14:21,11,139053.0
14600,4a5cf927-5e23-4267-926e-9463e171f71e,6/7/2015 13:21,0,139042.0
14601,4a5cf927-5e23-4267-926e-9463e171f71e,6/7/2015 12:21,121,139042.0
14602,4a5cf927-5e23-4267-926e-9463e171f71e,6/7/2015 7:21,0,138921.0
14603,4a5cf927-5e23-4267-926e-9463e171f71e,6/7/2015 6:21,0,138921.0
14604,4a5cf927-5e23-4267-926e-9463e171f71e,6/7/2015 5:21,0,138921.0
14605,4a5cf927-5e23-4267-926e-9463e171f71e,6/7/2015 4:21,0,138921.0
14606,4a5cf927-5e23-4267-926e-9463e171f71e,6/7/2015 3:21,0,138921.0
14607,4a5cf927-5e23-4267-926e-9463e171f71e,6/7/2015 2:21,0,138921.0
14608,4a5cf927-5e23-4267-926e-9463e171f71e,6/7/2015 1:21,0,138921.0
14609,4a5cf927-5e23-4267-926e-9463e171f71e,6/7/2015 0:21,8,138921.0
14610,4a5cf927-5e23-4267-926e-9463e171f71e,5/7/2015 23:21,9,138913.0
14611,4a5cf927-5e23-4267-926e-9463e171f71e,5/7/2015 22:21,0,138904.0
14612,4a5cf927-5e23-4267-926e-9463e171f71e,5/7/2015 21:21,0,138904.0
14613,4a5cf927-5e23-4267-926e-9463e171f71e,5/7/2015 20:21,0,138904.0
14614,4a5cf927-5e23-4267-926e-9463e171f71e,5/7/2015 19:21,0,138904.0
14615,4a5cf927-5e23-4267-926e-9463e171f71e,5/7/2015 18:21,0,138904.0
14616,4a5cf927-5e23-4267-926e-9463e171f71e,5/7/2015 17:21,0,138904.0
14617,4a5cf927-5e23-4267-926e-9463e171f71e,5/7/2015 16:21,0,138904.0
14618,4a5cf927-5e23-4267-926e-9463e171f71e,5/7/2015 15:21,0,138904.0
14619,4a5cf927-5e23-4267-926e-9463e171f71e,5/7/2015 14:21,0,138904.0
14620,4a5cf927-5e23-4267-926e-9463e171f71e,5/7/2015 13:21,0,138904.0
14621,4a5cf927-5e23-4267-926e-9463e171f71e,5/7/2015 12:21,12,138904.0
14622,4a5cf927-5e23-4267-926e-9463e171f71e,5/7/2015 11:21,16,138892.0
14623,4a5cf927-5e23-4267-926e-9463e171f71e,5/7/2015 10:21,87,138876.0
14624,4a5cf927-5e23-4267-926e-9463e171f71e,5/7/2015 9:21,24,138789.0
14625,4a5cf927-5e23-4267-926e-9463e171f71e,5/7/2015 8:21,69,138765.0
14626,4a5cf927-5e23-4267-926e-9463e171f71e,5/7/2015 7:21,0,138696.0
14627,4a5cf927-5e23-4267-926e-9463e171f71e,5/7/2015 6:21,0,138696.0
14628,4a5cf927-5e23-4267-926e-9463e171f71e,5/7/2015 5:21,0,138696.0
14629,4a5cf927-5e23-4267-926e-9463e171f71e,5/7/2015 4:21,0,138696.0
14630,4a5cf927-5e23-4267-926e-9463e171f71e,5/7/2015 3:21,3,138696.0
14631,4a5cf927-5e23-4267-926e-9463e171f71e,5/7/2015 2:21,0,138693.0
14632,4a5cf927-5e23-4267-926e-9463e171f71e,5/7/2015 1:21,0,138693.0
14633,4a5cf927-5e23-4267-926e-9463e171f71e,5/7/2015 0:21,10,138693.0
14634,4a5cf927-5e23-4267-926e-9463e171f71e,4/7/2015 23:21,18,138683.0
14635,4a5cf927-5e23-4267-926e-9463e171f71e,4/7/2015 22:21,0,138665.0
14636,4a5cf927-5e23-4267-926e-9463e171f71e,4/7/2015 21:21,0,138665.0
14637,4a5cf927-5e23-4267-926e-9463e171f71e,4/7/2015 20:21,1,138665.0
14638,4a5cf927-5e23-4267-926e-9463e171f71e,4/7/2015 19:21,0,138664.0
14639,4a5cf927-5e23-4267-926e-9463e171f71e,4/7/2015 18:21,0,138664.0
14640,4a5cf927-5e23-4267-926e-9463e171f71e,4/7/2015 17:21,0,138664.0
14641,4a5cf927-5e23-4267-926e-9463e171f71e,4/7/2015 16:21,27,138664.0
14642,4a5cf927-5e23-4267-926e-9463e171f71e,4/7/2015 11:21,7,138637.0
14643,4a5cf927-5e23-4267-926e-9463e171f71e,4/7/2015 10:21,12,138630.0
14644,4a5cf927-5e23-4267-926e-9463e171f71e,4/7/2015 9:21,10,138618.0
14645,4a5cf927-5e23-4267-926e-9463e171f71e,4/7/2015 8:21,94,138608.0
14646,4a5cf927-5e23-4267-926e-9463e171f71e,4/7/2015 3:21,0,138514.0
14647,4a5cf927-5e23-4267-926e-9463e171f71e,4/7/2015 2:21,0,138514.0
14648,4a5cf927-5e23-4267-926e-9463e171f71e,4/7/2015 1:21,2,138514.0
14649,4a5cf927-5e23-4267-926e-9463e171f71e,4/7/2015 0:21,0,138512.0
14650,4a5cf927-5e23-4267-926e-9463e171f71e,3/7/2015 23:21,0,138512.0
14651,4a5cf927-5e23-4267-926e-9463e171f71e,3/7/2015 22:21,6,138512.0
14652,4a5cf927-5e23-4267-926e-9463e171f71e,3/7/2015 21:21,39,138506.0
14653,4a5cf927-5e23-4267-926e-9463e171f71e,3/7/2015 20:21,37,138467.0
14654,4a5cf927-5e23-4267-926e-9463e171f71e,3/7/2015 19:21,36,138430.0
14655,4a5cf927-5e23-4267-926e-9463e171f71e,3/7/2015 18:21,18,138394.0
14656,4a5cf927-5e23-4267-926e-9463e171f71e,3/7/2015 17:21,0,138376.0
14657,4a5cf927-5e23-4267-926e-9463e171f71e,3/7/2015 16:21,12,138376.0
14658,4a5cf927-5e23-4267-926e-9463e171f71e,3/7/2015 15:21,5,138364.0
14659,4a5cf927-5e23-4267-926e-9463e171f71e,3/7/2015 14:21,4,138359.0
14660,4a5cf927-5e23-4267-926e-9463e171f71e,3/7/2015 13:21,33,138355.0
14661,4a5cf927-5e23-4267-926e-9463e171f71e,3/7/2015 12:21,45,138322.0
14662,4a5cf927-5e23-4267-926e-9463e171f71e,3/7/2015 11:21,101,138277.0
14663,4a5cf927-5e23-4267-926e-9463e171f71e,3/7/2015 10:21,28,138176.0
14664,4a5cf927-5e23-4267-926e-9463e171f71e,3/7/2015 9:21,54,138148.0
14665,4a5cf927-5e23-4267-926e-9463e171f71e,3/7/2015 8:21,80,138094.0
14666,4a5cf927-5e23-4267-926e-9463e171f71e,3/7/2015 7:21,0,138014.0
14667,4a5cf927-5e23-4267-926e-9463e171f71e,3/7/2015 6:21,0,138014.0
14668,4a5cf927-5e23-4267-926e-9463e171f71e,3/7/2015 5:21,0,138014.0
14669,4a5cf927-5e23-4267-926e-9463e171f71e,3/7/2015 4:21,0,138014.0
14670,4a5cf927-5e23-4267-926e-9463e171f71e,3/7/2015 3:21,0,138014.0
14671,4a5cf927-5e23-4267-926e-9463e171f71e,3/7/2015 2:21,0,138014.0
14672,4a5cf927-5e23-4267-926e-9463e171f71e,3/7/2015 1:21,6,138014.0
14673,4a5cf927-5e23-4267-926e-9463e171f71e,3/7/2015 0:21,33,138008.0
14674,4a5cf927-5e23-4267-926e-9463e171f71e,2/7/2015 23:21,31,137975.0
14675,4a5cf927-5e23-4267-926e-9463e171f71e,2/7/2015 22:21,24,137944.0
14676,4a5cf927-5e23-4267-926e-9463e171f71e,2/7/2015 21:21,29,137920.0
14677,4a5cf927-5e23-4267-926e-9463e171f71e,2/7/2015 20:21,0,137891.0
14678,4a5cf927-5e23-4267-926e-9463e171f71e,2/7/2015 19:21,0,137891.0
14679,4a5cf927-5e23-4267-926e-9463e171f71e,2/7/2015 18:21,8,137891.0
14680,4a5cf927-5e23-4267-926e-9463e171f71e,2/7/2015 17:21,0,137883.0
14681,4a5cf927-5e23-4267-926e-9463e171f71e,2/7/2015 16:21,175,137883.0
14682,4a5cf927-5e23-4267-926e-9463e171f71e,2/7/2015 7:21,0,137708.0
14683,4a5cf927-5e23-4267-926e-9463e171f71e,2/7/2015 6:21,0,137708.0
14684,4a5cf927-5e23-4267-926e-9463e171f71e,2/7/2015 5:21,0,137708.0
14685,4a5cf927-5e23-4267-926e-9463e171f71e,2/7/2015 4:21,0,137708.0
14686,4a5cf927-5e23-4267-926e-9463e171f71e,2/7/2015 3:21,0,137708.0
14687,4a5cf927-5e23-4267-926e-9463e171f71e,2/7/2015 2:21,0,137708.0
14688,4a5cf927-5e23-4267-926e-9463e171f71e,2/7/2015 1:21,4,137708.0
14689,4a5cf927-5e23-4267-926e-9463e171f71e,2/7/2015 0:21,22,137704.0
14690,4a5cf927-5e23-4267-926e-9463e171f71e,1/7/2015 15:21,31,137682.0
14691,4a5cf927-5e23-4267-926e-9463e171f71e,1/7/2015 14:21,12,137651.0
14692,4a5cf927-5e23-4267-926e-9463e171f71e,1/7/2015 13:21,12,137639.0
14693,4a5cf927-5e23-4267-926e-9463e171f71e,1/7/2015 12:21,0,137627.0
14694,4a5cf927-5e23-4267-926e-9463e171f71e,1/7/2015 11:21,64,137627.0
14695,4a5cf927-5e23-4267-926e-9463e171f71e,1/7/2015 10:21,8,137563.0
14696,4a5cf927-5e23-4267-926e-9463e171f71e,1/7/2015 9:21,28,137555.0
14697,4a5cf927-5e23-4267-926e-9463e171f71e,1/7/2015 8:21,80,137527.0
14698,4a5cf927-5e23-4267-926e-9463e171f71e,1/7/2015 7:21,0,137447.0
14699,4a5cf927-5e23-4267-926e-9463e171f71e,1/7/2015 6:21,0,137447.0
14700,4a5cf927-5e23-4267-926e-9463e171f71e,1/7/2015 5:21,0,137447.0
14701,4a5cf927-5e23-4267-926e-9463e171f71e,1/7/2015 4:21,0,137447.0
14702,4a5cf927-5e23-4267-926e-9463e171f71e,1/7/2015 3:21,0,137447.0
14703,4a5cf927-5e23-4267-926e-9463e171f71e,1/7/2015 2:21,0,137447.0
14704,4a5cf927-5e23-4267-926e-9463e171f71e,1/7/2015 1:21,5,137447.0
14705,4a5cf927-5e23-4267-926e-9463e171f71e,1/7/2015 0:21,1,137442.0
14706,4a5cf927-5e23-4267-926e-9463e171f71e,30/06/2015 23:21:28,8,137441.0
14707,4a5cf927-5e23-4267-926e-9463e171f71e,30/06/2015 22:21:28,7,137433.0
14708,4a5cf927-5e23-4267-926e-9463e171f71e,30/06/2015 21:21:28,8,137426.0
14709,4a5cf927-5e23-4267-926e-9463e171f71e,30/06/2015 20:21:28,8,137418.0
14710,4a5cf927-5e23-4267-926e-9463e171f71e,30/06/2015 19:21:30,4,137410.0
14711,4a5cf927-5e23-4267-926e-9463e171f71e,30/06/2015 18:21:30,0,137406.0
14712,4a5cf927-5e23-4267-926e-9463e171f71e,30/06/2015 17:21:30,5,137406.0
14713,4a5cf927-5e23-4267-926e-9463e171f71e,30/06/2015 16:21:30,10,137401.0
14714,4a5cf927-5e23-4267-926e-9463e171f71e,30/06/2015 15:21:30,14,137391.0
14715,4a5cf927-5e23-4267-926e-9463e171f71e,30/06/2015 14:21:30,12,137377.0
14716,4a5cf927-5e23-4267-926e-9463e171f71e,30/06/2015 13:21:30,0,137365.0
14717,4a5cf927-5e23-4267-926e-9463e171f71e,30/06/2015 12:21:30,0,137365.0
14718,4a5cf927-5e23-4267-926e-9463e171f71e,30/06/2015 11:21:31,7,137365.0
14719,4a5cf927-5e23-4267-926e-9463e171f71e,30/06/2015 10:21:31,31,137358.0
14720,4a5cf927-5e23-4267-926e-9463e171f71e,30/06/2015 09:21:31,45,137327.0
14721,4a5cf927-5e23-4267-926e-9463e171f71e,30/06/2015 08:21:31,83,137282.0
14722,4a5cf927-5e23-4267-926e-9463e171f71e,30/06/2015 07:21:30,0,137199.0
14723,4a5cf927-5e23-4267-926e-9463e171f71e,30/06/2015 06:21:30,0,137199.0
14724,4a5cf927-5e23-4267-926e-9463e171f71e,30/06/2015 05:21:30,0,137199.0
14725,4a5cf927-5e23-4267-926e-9463e171f71e,30/06/2015 04:21:30,90,137199.0
14726,4a5cf927-5e23-4267-926e-9463e171f71e,29/06/2015 15:21:32,21,137109.0
14727,4a5cf927-5e23-4267-926e-9463e171f71e,29/06/2015 14:21:32,4,137088.0
14728,4a5cf927-5e23-4267-926e-9463e171f71e,29/06/2015 13:21:32,4,137084.0
14729,4a5cf927-5e23-4267-926e-9463e171f71e,29/06/2015 12:21:32,3,137080.0
14730,4a5cf927-5e23-4267-926e-9463e171f71e,29/06/2015 11:21:38,23,137077.0
14731,4a5cf927-5e23-4267-926e-9463e171f71e,29/06/2015 10:21:38,42,137054.0
14732,4a5cf927-5e23-4267-926e-9463e171f71e,29/06/2015 09:21:38,10,137012.0
14733,4a5cf927-5e23-4267-926e-9463e171f71e,29/06/2015 08:21:38,73,137002.0
14734,4a5cf927-5e23-4267-926e-9463e171f71e,29/06/2015 03:21:35,0,136929.0
14735,4a5cf927-5e23-4267-926e-9463e171f71e,29/06/2015 02:21:35,0,136929.0
14736,4a5cf927-5e23-4267-926e-9463e171f71e,29/06/2015 01:21:35,0,136929.0
14737,4a5cf927-5e23-4267-926e-9463e171f71e,29/06/2015 00:21:35,6,136929.0
14738,4a5cf927-5e23-4267-926e-9463e171f71e,28/06/2015 23:21:33,8,136923.0
14739,4a5cf927-5e23-4267-926e-9463e171f71e,28/06/2015 22:21:33,0,136915.0
14740,4a5cf927-5e23-4267-926e-9463e171f71e,28/06/2015 21:21:33,0,136915.0
14741,4a5cf927-5e23-4267-926e-9463e171f71e,28/06/2015 20:21:33,0,136915.0
14742,4a5cf927-5e23-4267-926e-9463e171f71e,28/06/2015 19:21:36,64,136915.0
14743,4a5cf927-5e23-4267-926e-9463e171f71e,28/06/2015 18:21:36,0,136851.0
14744,4a5cf927-5e23-4267-926e-9463e171f71e,28/06/2015 17:21:36,5,136851.0
14745,4a5cf927-5e23-4267-926e-9463e171f71e,28/06/2015 16:21:36,16,136846.0
14746,4a5cf927-5e23-4267-926e-9463e171f71e,28/06/2015 15:21:34,0,136830.0
14747,4a5cf927-5e23-4267-926e-9463e171f71e,28/06/2015 14:21:34,0,136830.0
14748,4a5cf927-5e23-4267-926e-9463e171f71e,28/06/2015 13:21:34,0,136830.0
14749,4a5cf927-5e23-4267-926e-9463e171f71e,28/06/2015 12:21:34,0,136830.0
14750,4a5cf927-5e23-4267-926e-9463e171f71e,28/06/2015 11:21:39,35,136830.0
14751,4a5cf927-5e23-4267-926e-9463e171f71e,28/06/2015 10:21:39,23,136795.0
14752,4a5cf927-5e23-4267-926e-9463e171f71e,28/06/2015 09:21:39,9,136772.0
14753,4a5cf927-5e23-4267-926e-9463e171f71e,28/06/2015 08:21:39,5,136763.0
14754,4a5cf927-5e23-4267-926e-9463e171f71e,28/06/2015 07:21:35,0,136758.0
14755,4a5cf927-5e23-4267-926e-9463e171f71e,28/06/2015 06:21:35,0,136758.0
14756,4a5cf927-5e23-4267-926e-9463e171f71e,28/06/2015 05:21:35,0,136758.0
14757,4a5cf927-5e23-4267-926e-9463e171f71e,28/06/2015 04:21:35,18,136758.0
14758,4a5cf927-5e23-4267-926e-9463e171f71e,27/06/2015 23:21:35,0,136740.0
14759,4a5cf927-5e23-4267-926e-9463e171f71e,27/06/2015 22:21:35,0,136740.0
14760,4a5cf927-5e23-4267-926e-9463e171f71e,27/06/2015 21:21:35,5,136740.0
14761,4a5cf927-5e23-4267-926e-9463e171f71e,27/06/2015 20:21:35,180,136735.0
14762,4a5cf927-5e23-4267-926e-9463e171f71e,27/06/2015 15:21:37,6,136555.0
14763,4a5cf927-5e23-4267-926e-9463e171f71e,27/06/2015 14:21:37,0,136549.0
14764,4a5cf927-5e23-4267-926e-9463e171f71e,27/06/2015 13:21:37,0,136549.0
14765,4a5cf927-5e23-4267-926e-9463e171f71e,27/06/2015 12:21:37,69,136549.0
14766,4a5cf927-5e23-4267-926e-9463e171f71e,27/06/2015 07:21:38,0,136480.0
14767,4a5cf927-5e23-4267-926e-9463e171f71e,27/06/2015 06:21:38,0,136480.0
14768,4a5cf927-5e23-4267-926e-9463e171f71e,27/06/2015 05:21:38,0,136480.0
14769,4a5cf927-5e23-4267-926e-9463e171f71e,27/06/2015 04:21:38,22,136480.0
14770,4a5cf927-5e23-4267-926e-9463e171f71e,26/06/2015 19:21:40,4,136458.0
14771,4a5cf927-5e23-4267-926e-9463e171f71e,26/06/2015 18:21:40,5,136454.0
14772,4a5cf927-5e23-4267-926e-9463e171f71e,26/06/2015 17:21:40,39,136449.0
14773,4a5cf927-5e23-4267-926e-9463e171f71e,26/06/2015 16:21:40,51,136410.0
14774,4a5cf927-5e23-4267-926e-9463e171f71e,26/06/2015 15:21:39,10,136359.0
14775,4a5cf927-5e23-4267-926e-9463e171f71e,26/06/2015 14:21:39,1,136349.0
14776,4a5cf927-5e23-4267-926e-9463e171f71e,26/06/2015 13:21:39,0,136348.0
14777,4a5cf927-5e23-4267-926e-9463e171f71e,26/06/2015 12:21:39,0,136348.0
14778,4a5cf927-5e23-4267-926e-9463e171f71e,26/06/2015 11:21:41,20,136348.0
14779,4a5cf927-5e23-4267-926e-9463e171f71e,26/06/2015 10:21:41,29,136328.0
14780,4a5cf927-5e23-4267-926e-9463e171f71e,26/06/2015 09:21:41,15,136299.0
14781,4a5cf927-5e23-4267-926e-9463e171f71e,26/06/2015 08:21:41,0,136284.0
14782,4a5cf927-5e23-4267-926e-9463e171f71e,26/06/2015 07:21:41,3,136284.0
14783,4a5cf927-5e23-4267-926e-9463e171f71e,26/06/2015 06:21:41,0,136281.0
14784,4a5cf927-5e23-4267-926e-9463e171f71e,26/06/2015 05:21:41,0,136281.0
14785,4a5cf927-5e23-4267-926e-9463e171f71e,26/06/2015 04:21:41,0,136281.0
14786,4a5cf927-5e23-4267-926e-9463e171f71e,26/06/2015 03:21:41,0,136281.0
14787,4a5cf927-5e23-4267-926e-9463e171f71e,26/06/2015 02:21:41,0,136281.0
14788,4a5cf927-5e23-4267-926e-9463e171f71e,26/06/2015 01:21:41,4,136281.0
14789,4a5cf927-5e23-4267-926e-9463e171f71e,26/06/2015 00:21:41,9,136277.0
14790,4a5cf927-5e23-4267-926e-9463e171f71e,25/06/2015 23:21:41,6,136268.0
14791,4a5cf927-5e23-4267-926e-9463e171f71e,25/06/2015 22:21:41,7,136262.0
14792,4a5cf927-5e23-4267-926e-9463e171f71e,25/06/2015 21:21:41,0,136255.0
14793,4a5cf927-5e23-4267-926e-9463e171f71e,25/06/2015 20:21:41,0,136255.0
14794,4a5cf927-5e23-4267-926e-9463e171f71e,25/06/2015 19:21:44,4,136255.0
14795,4a5cf927-5e23-4267-926e-9463e171f71e,25/06/2015 18:21:44,124,136251.0
14796,4a5cf927-5e23-4267-926e-9463e171f71e,25/06/2015 17:21:44,10,136127.0
14797,4a5cf927-5e23-4267-926e-9463e171f71e,25/06/2015 16:21:44,24,136117.0
14798,4a5cf927-5e23-4267-926e-9463e171f71e,25/06/2015 11:21:43,17,136093.0
14799,4a5cf927-5e23-4267-926e-9463e171f71e,25/06/2015 10:21:43,21,136076.0
14800,4a5cf927-5e23-4267-926e-9463e171f71e,25/06/2015 09:21:43,7,136055.0
14801,4a5cf927-5e23-4267-926e-9463e171f71e,25/06/2015 08:21:43,0,136048.0
14802,4a5cf927-5e23-4267-926e-9463e171f71e,25/06/2015 07:21:42,0,136048.0
14803,4a5cf927-5e23-4267-926e-9463e171f71e,25/06/2015 06:21:42,0,136048.0
14804,4a5cf927-5e23-4267-926e-9463e171f71e,25/06/2015 05:21:42,0,136048.0
14805,4a5cf927-5e23-4267-926e-9463e171f71e,25/06/2015 04:21:42,0,136048.0
14806,4a5cf927-5e23-4267-926e-9463e171f71e,25/06/2015 03:21:44,3,136048.0
14807,4a5cf927-5e23-4267-926e-9463e171f71e,25/06/2015 02:21:44,8,136045.0
14808,4a5cf927-5e23-4267-926e-9463e171f71e,25/06/2015 01:21:44,8,136037.0
14809,4a5cf927-5e23-4267-926e-9463e171f71e,25/06/2015 00:21:44,0,136029.0
14810,4a5cf927-5e23-4267-926e-9463e171f71e,24/06/2015 23:21:44,0,136029.0
14811,4a5cf927-5e23-4267-926e-9463e171f71e,24/06/2015 22:21:44,3,136029.0
14812,4a5cf927-5e23-4267-926e-9463e171f71e,24/06/2015 21:21:44,5,136026.0
14813,4a5cf927-5e23-4267-926e-9463e171f71e,24/06/2015 20:21:44,75,136021.0
14814,4a5cf927-5e23-4267-926e-9463e171f71e,24/06/2015 19:21:45,7,135946.0
14815,4a5cf927-5e23-4267-926e-9463e171f71e,24/06/2015 18:21:45,7,135939.0
14816,4a5cf927-5e23-4267-926e-9463e171f71e,24/06/2015 17:21:45,0,135932.0
14817,4a5cf927-5e23-4267-926e-9463e171f71e,24/06/2015 16:21:45,20,135932.0
14818,4a5cf927-5e23-4267-926e-9463e171f71e,24/06/2015 15:21:44,0,135912.0
14819,4a5cf927-5e23-4267-926e-9463e171f71e,24/06/2015 14:21:44,0,135912.0
14820,4a5cf927-5e23-4267-926e-9463e171f71e,24/06/2015 13:21:44,0,135912.0
14821,4a5cf927-5e23-4267-926e-9463e171f71e,24/06/2015 12:21:44,0,135912.0
14822,4a5cf927-5e23-4267-926e-9463e171f71e,24/06/2015 11:21:46,29,135912.0
14823,4a5cf927-5e23-4267-926e-9463e171f71e,24/06/2015 10:21:46,20,135883.0
14824,4a5cf927-5e23-4267-926e-9463e171f71e,24/06/2015 09:21:46,6,135863.0
14825,4a5cf927-5e23-4267-926e-9463e171f71e,24/06/2015 08:21:46,0,135857.0
14826,4a5cf927-5e23-4267-926e-9463e171f71e,24/06/2015 07:21:45,0,135857.0
14827,4a5cf927-5e23-4267-926e-9463e171f71e,24/06/2015 06:21:45,0,135857.0
14828,4a5cf927-5e23-4267-926e-9463e171f71e,24/06/2015 05:21:45,0,135857.0
14829,4a5cf927-5e23-4267-926e-9463e171f71e,24/06/2015 04:21:45,0,135857.0
14830,4a5cf927-5e23-4267-926e-9463e171f71e,24/06/2015 03:21:46,0,135857.0
14831,4a5cf927-5e23-4267-926e-9463e171f71e,24/06/2015 02:21:46,0,135857.0
14832,4a5cf927-5e23-4267-926e-9463e171f71e,24/06/2015 01:21:46,0,135857.0
14833,4a5cf927-5e23-4267-926e-9463e171f71e,24/06/2015 00:21:46,28,135857.0
14834,4a5cf927-5e23-4267-926e-9463e171f71e,23/06/2015 23:21:46,14,135829.0
14835,4a5cf927-5e23-4267-926e-9463e171f71e,23/06/2015 22:21:46,0,135815.0
14836,4a5cf927-5e23-4267-926e-9463e171f71e,23/06/2015 21:21:46,0,135815.0
14837,4a5cf927-5e23-4267-926e-9463e171f71e,23/06/2015 20:21:46,0,135815.0
14838,4a5cf927-5e23-4267-926e-9463e171f71e,23/06/2015 19:21:47,0,135815.0
14839,4a5cf927-5e23-4267-926e-9463e171f71e,23/06/2015 18:21:47,5,135815.0
14840,4a5cf927-5e23-4267-926e-9463e171f71e,23/06/2015 17:21:47,13,135810.0
14841,4a5cf927-5e23-4267-926e-9463e171f71e,23/06/2015 16:21:47,88,135797.0
14842,4a5cf927-5e23-4267-926e-9463e171f71e,23/06/2015 15:21:46,17,135709.0
14843,4a5cf927-5e23-4267-926e-9463e171f71e,23/06/2015 14:21:46,59,135692.0
14844,4a5cf927-5e23-4267-926e-9463e171f71e,23/06/2015 13:21:46,0,135633.0
14845,4a5cf927-5e23-4267-926e-9463e171f71e,23/06/2015 12:21:46,9,135633.0
14846,4a5cf927-5e23-4267-926e-9463e171f71e,23/06/2015 11:21:49,22,135624.0
14847,4a5cf927-5e23-4267-926e-9463e171f71e,23/06/2015 10:21:49,10,135602.0
14848,4a5cf927-5e23-4267-926e-9463e171f71e,23/06/2015 09:21:49,41,135592.0
14849,4a5cf927-5e23-4267-926e-9463e171f71e,23/06/2015 08:21:49,0,135551.0
14850,4a5cf927-5e23-4267-926e-9463e171f71e,23/06/2015 07:21:48,0,135551.0
14851,4a5cf927-5e23-4267-926e-9463e171f71e,23/06/2015 06:21:48,0,135551.0
14852,4a5cf927-5e23-4267-926e-9463e171f71e,23/06/2015 05:21:48,1,135551.0
14853,4a5cf927-5e23-4267-926e-9463e171f71e,23/06/2015 04:21:48,14,135550.0
14854,4a5cf927-5e23-4267-926e-9463e171f71e,22/06/2015 23:21:49,0,135536.0
14855,4a5cf927-5e23-4267-926e-9463e171f71e,22/06/2015 22:21:49,16,135536.0
14856,4a5cf927-5e23-4267-926e-9463e171f71e,22/06/2015 21:21:49,0,135520.0
14857,4a5cf927-5e23-4267-926e-9463e171f71e,22/06/2015 20:21:49,125,135520.0
14858,4a5cf927-5e23-4267-926e-9463e171f71e,22/06/2015 15:21:49,27,135395.0
14859,4a5cf927-5e23-4267-926e-9463e171f71e,22/06/2015 14:21:49,0,135368.0
14860,4a5cf927-5e23-4267-926e-9463e171f71e,22/06/2015 13:21:49,0,135368.0
14861,4a5cf927-5e23-4267-926e-9463e171f71e,22/06/2015 12:21:49,0,135368.0
14862,4a5cf927-5e23-4267-926e-9463e171f71e,22/06/2015 11:21:50,31,135368.0
14863,4a5cf927-5e23-4267-926e-9463e171f71e,22/06/2015 10:21:50,21,135337.0
14864,4a5cf927-5e23-4267-926e-9463e171f71e,22/06/2015 09:21:50,11,135316.0
14865,4a5cf927-5e23-4267-926e-9463e171f71e,22/06/2015 08:21:50,19,135305.0
14866,4a5cf927-5e23-4267-926e-9463e171f71e,22/06/2015 07:21:49,0,135286.0
14867,4a5cf927-5e23-4267-926e-9463e171f71e,22/06/2015 06:21:49,0,135286.0
14868,4a5cf927-5e23-4267-926e-9463e171f71e,22/06/2015 05:21:49,0,135286.0
14869,4a5cf927-5e23-4267-926e-9463e171f71e,22/06/2015 04:21:49,3,135286.0
14870,4a5cf927-5e23-4267-926e-9463e171f71e,22/06/2015 03:21:50,0,135283.0
14871,4a5cf927-5e23-4267-926e-9463e171f71e,22/06/2015 02:21:50,0,135283.0
14872,4a5cf927-5e23-4267-926e-9463e171f71e,22/06/2015 01:21:50,0,135283.0
14873,4a5cf927-5e23-4267-926e-9463e171f71e,22/06/2015 00:21:50,32,135283.0
14874,4a5cf927-5e23-4267-926e-9463e171f71e,21/06/2015 19:21:51,0,135251.0
14875,4a5cf927-5e23-4267-926e-9463e171f71e,21/06/2015 18:21:51,7,135251.0
14876,4a5cf927-5e23-4267-926e-9463e171f71e,21/06/2015 17:21:51,4,135244.0
14877,4a5cf927-5e23-4267-926e-9463e171f71e,21/06/2015 16:21:51,0,135240.0
14878,4a5cf927-5e23-4267-926e-9463e171f71e,21/06/2015 15:21:51,18,135240.0
14879,4a5cf927-5e23-4267-926e-9463e171f71e,21/06/2015 14:21:51,6,135222.0
14880,4a5cf927-5e23-4267-926e-9463e171f71e,21/06/2015 13:21:51,0,135216.0
14881,4a5cf927-5e23-4267-926e-9463e171f71e,21/06/2015 12:21:51,0,135216.0
14882,4a5cf927-5e23-4267-926e-9463e171f71e,21/06/2015 11:21:53,0,135216.0
14883,4a5cf927-5e23-4267-926e-9463e171f71e,21/06/2015 10:21:53,35,135216.0
14884,4a5cf927-5e23-4267-926e-9463e171f71e,21/06/2015 09:21:53,25,135181.0
14885,4a5cf927-5e23-4267-926e-9463e171f71e,21/06/2015 08:21:53,17,135156.0
14886,4a5cf927-5e23-4267-926e-9463e171f71e,21/06/2015 07:21:50,0,135139.0
14887,4a5cf927-5e23-4267-926e-9463e171f71e,21/06/2015 06:21:50,7,135139.0
14888,4a5cf927-5e23-4267-926e-9463e171f71e,21/06/2015 05:21:50,0,135132.0
14889,4a5cf927-5e23-4267-926e-9463e171f71e,21/06/2015 04:21:50,0,135132.0
14890,4a5cf927-5e23-4267-926e-9463e171f71e,21/06/2015 03:21:54,0,135132.0
14891,4a5cf927-5e23-4267-926e-9463e171f71e,21/06/2015 02:21:54,0,135132.0
14892,4a5cf927-5e23-4267-926e-9463e171f71e,21/06/2015 01:21:54,0,135132.0
14893,4a5cf927-5e23-4267-926e-9463e171f71e,21/06/2015 00:21:54,3,135132.0
14894,4a5cf927-5e23-4267-926e-9463e171f71e,20/06/2015 23:21:51,0,135129.0
14895,4a5cf927-5e23-4267-926e-9463e171f71e,20/06/2015 22:21:51,27,135129.0
14896,4a5cf927-5e23-4267-926e-9463e171f71e,20/06/2015 21:21:51,17,135102.0
14897,4a5cf927-5e23-4267-926e-9463e171f71e,20/06/2015 20:21:51,11,135085.0
14898,4a5cf927-5e23-4267-926e-9463e171f71e,20/06/2015 19:21:54,6,135074.0
14899,4a5cf927-5e23-4267-926e-9463e171f71e,20/06/2015 18:21:54,0,135068.0
14900,4a5cf927-5e23-4267-926e-9463e171f71e,20/06/2015 17:21:54,0,135068.0
14901,4a5cf927-5e23-4267-926e-9463e171f71e,20/06/2015 16:21:54,27,135068.0
14902,4a5cf927-5e23-4267-926e-9463e171f71e,20/06/2015 15:21:54,17,135041.0
14903,4a5cf927-5e23-4267-926e-9463e171f71e,20/06/2015 14:21:54,3,135024.0
14904,4a5cf927-5e23-4267-926e-9463e171f71e,20/06/2015 13:21:54,0,135021.0
14905,4a5cf927-5e23-4267-926e-9463e171f71e,20/06/2015 12:21:54,0,135021.0
14906,4a5cf927-5e23-4267-926e-9463e171f71e,20/06/2015 11:21:54,0,135021.0
14907,4a5cf927-5e23-4267-926e-9463e171f71e,20/06/2015 10:21:54,0,135021.0
14908,4a5cf927-5e23-4267-926e-9463e171f71e,20/06/2015 09:21:54,0,135021.0
14909,4a5cf927-5e23-4267-926e-9463e171f71e,20/06/2015 08:21:54,7,135021.0
14910,4a5cf927-5e23-4267-926e-9463e171f71e,20/06/2015 07:21:54,12,135014.0
14911,4a5cf927-5e23-4267-926e-9463e171f71e,20/06/2015 06:21:54,0,135002.0
14912,4a5cf927-5e23-4267-926e-9463e171f71e,20/06/2015 05:21:54,0,135002.0
14913,4a5cf927-5e23-4267-926e-9463e171f71e,20/06/2015 04:21:54,5,135002.0
14914,4a5cf927-5e23-4267-926e-9463e171f71e,20/06/2015 03:21:56,9,134997.0
14915,4a5cf927-5e23-4267-926e-9463e171f71e,20/06/2015 02:21:56,0,134988.0
14916,4a5cf927-5e23-4267-926e-9463e171f71e,20/06/2015 01:21:56,0,134988.0
14917,4a5cf927-5e23-4267-926e-9463e171f71e,20/06/2015 00:21:56,58,134988.0
14918,4a5cf927-5e23-4267-926e-9463e171f71e,19/06/2015 19:21:57,0,134930.0
14919,4a5cf927-5e23-4267-926e-9463e171f71e,19/06/2015 18:21:57,5,134930.0
14920,4a5cf927-5e23-4267-926e-9463e171f71e,19/06/2015 17:21:57,3,134925.0
14921,4a5cf927-5e23-4267-926e-9463e171f71e,19/06/2015 16:21:57,0,134922.0
14922,4a5cf927-5e23-4267-926e-9463e171f71e,19/06/2015 15:21:56,8,134922.0
14923,4a5cf927-5e23-4267-926e-9463e171f71e,19/06/2015 14:21:56,0,134914.0
14924,4a5cf927-5e23-4267-926e-9463e171f71e,19/06/2015 13:21:56,0,134914.0
14925,4a5cf927-5e23-4267-926e-9463e171f71e,19/06/2015 12:21:56,0,134914.0
14926,4a5cf927-5e23-4267-926e-9463e171f71e,19/06/2015 11:21:58,68,134914.0
14927,4a5cf927-5e23-4267-926e-9463e171f71e,19/06/2015 10:21:58,16,134846.0
14928,4a5cf927-5e23-4267-926e-9463e171f71e,19/06/2015 09:21:58,87,134830.0
14929,4a5cf927-5e23-4267-926e-9463e171f71e,19/06/2015 08:21:58,6,134743.0
14930,4a5cf927-5e23-4267-926e-9463e171f71e,19/06/2015 07:21:57,0,134737.0
14931,4a5cf927-5e23-4267-926e-9463e171f71e,19/06/2015 06:21:57,0,134737.0
14932,4a5cf927-5e23-4267-926e-9463e171f71e,19/06/2015 05:21:57,0,134737.0
14933,4a5cf927-5e23-4267-926e-9463e171f71e,19/06/2015 04:21:57,0,134737.0
14934,4a5cf927-5e23-4267-926e-9463e171f71e,19/06/2015 03:21:57,0,134737.0
14935,4a5cf927-5e23-4267-926e-9463e171f71e,19/06/2015 02:21:57,0,134737.0
14936,4a5cf927-5e23-4267-926e-9463e171f71e,19/06/2015 01:21:57,9,134737.0
14937,4a5cf927-5e23-4267-926e-9463e171f71e,19/06/2015 00:21:57,21,134728.0
14938,4a5cf927-5e23-4267-926e-9463e171f71e,18/06/2015 23:21:55,5,134707.0
14939,4a5cf927-5e23-4267-926e-9463e171f71e,18/06/2015 22:21:55,0,134702.0
14940,4a5cf927-5e23-4267-926e-9463e171f71e,18/06/2015 21:21:55,0,134702.0
14941,4a5cf927-5e23-4267-926e-9463e171f71e,18/06/2015 20:21:55,50,134702.0
14942,4a5cf927-5e23-4267-926e-9463e171f71e,18/06/2015 19:21:59,7,134652.0
14943,4a5cf927-5e23-4267-926e-9463e171f71e,18/06/2015 18:21:59,7,134645.0
14944,4a5cf927-5e23-4267-926e-9463e171f71e,18/06/2015 17:21:59,33,134638.0
14945,4a5cf927-5e23-4267-926e-9463e171f71e,18/06/2015 16:21:59,14,134605.0
14946,4a5cf927-5e23-4267-926e-9463e171f71e,18/06/2015 15:21:57,7,134591.0
14947,4a5cf927-5e23-4267-926e-9463e171f71e,18/06/2015 14:21:57,0,134584.0
14948,4a5cf927-5e23-4267-926e-9463e171f71e,18/06/2015 13:21:57,0,134584.0
14949,4a5cf927-5e23-4267-926e-9463e171f71e,18/06/2015 12:21:57,5,134584.0
14950,4a5cf927-5e23-4267-926e-9463e171f71e,18/06/2015 11:22:01,28,134579.0
14951,4a5cf927-5e23-4267-926e-9463e171f71e,18/06/2015 10:22:01,20,134551.0
14952,4a5cf927-5e23-4267-926e-9463e171f71e,18/06/2015 09:22:01,20,134531.0
14953,4a5cf927-5e23-4267-926e-9463e171f71e,18/06/2015 08:22:01,0,134511.0
14954,4a5cf927-5e23-4267-926e-9463e171f71e,18/06/2015 03:22:00,0,134511.0
14955,4a5cf927-5e23-4267-926e-9463e171f71e,18/06/2015 02:22:00,10,134511.0
14956,4a5cf927-5e23-4267-926e-9463e171f71e,18/06/2015 01:22:00,7,134501.0
14957,4a5cf927-5e23-4267-926e-9463e171f71e,18/06/2015 00:22:00,6,134494.0
14958,4a5cf927-5e23-4267-926e-9463e171f71e,17/06/2015 19:22:05,8,134488.0
14959,4a5cf927-5e23-4267-926e-9463e171f71e,17/06/2015 18:22:05,71,134480.0
14960,4a5cf927-5e23-4267-926e-9463e171f71e,17/06/2015 17:22:05,3,134409.0
14961,4a5cf927-5e23-4267-926e-9463e171f71e,17/06/2015 16:22:05,16,134406.0
14962,4a5cf927-5e23-4267-926e-9463e171f71e,17/06/2015 15:22:00,22,134390.0
14963,4a5cf927-5e23-4267-926e-9463e171f71e,17/06/2015 14:22:00,0,134368.0
14964,4a5cf927-5e23-4267-926e-9463e171f71e,17/06/2015 13:22:00,0,134368.0
14965,4a5cf927-5e23-4267-926e-9463e171f71e,17/06/2015 12:22:00,0,134368.0
14966,4a5cf927-5e23-4267-926e-9463e171f71e,17/06/2015 11:22:02,34,134368.0
14967,4a5cf927-5e23-4267-926e-9463e171f71e,17/06/2015 10:22:02,40,134334.0
14968,4a5cf927-5e23-4267-926e-9463e171f71e,17/06/2015 09:22:02,4,134294.0
14969,4a5cf927-5e23-4267-926e-9463e171f71e,17/06/2015 08:22:02,0,134290.0
14970,4a5cf927-5e23-4267-926e-9463e171f71e,17/06/2015 07:22:04,0,134290.0
14971,4a5cf927-5e23-4267-926e-9463e171f71e,17/06/2015 06:22:04,0,134290.0
14972,4a5cf927-5e23-4267-926e-9463e171f71e,17/06/2015 05:22:04,0,134290.0
14973,4a5cf927-5e23-4267-926e-9463e171f71e,17/06/2015 04:22:04,0,134290.0
14974,4a5cf927-5e23-4267-926e-9463e171f71e,17/06/2015 03:22:03,0,134290.0
14975,4a5cf927-5e23-4267-926e-9463e171f71e,17/06/2015 02:22:03,0,134290.0
14976,4a5cf927-5e23-4267-926e-9463e171f71e,17/06/2015 01:22:03,0,134290.0
14977,4a5cf927-5e23-4267-926e-9463e171f71e,17/06/2015 00:22:03,97,134290.0
14978,4a5cf927-5e23-4267-926e-9463e171f71e,16/06/2015 15:22:02,66,134193.0
14979,4a5cf927-5e23-4267-926e-9463e171f71e,16/06/2015 14:22:02,11,134127.0
14980,4a5cf927-5e23-4267-926e-9463e171f71e,16/06/2015 13:22:02,0,134116.0
14981,4a5cf927-5e23-4267-926e-9463e171f71e,16/06/2015 12:22:02,3,134116.0
14982,4a5cf927-5e23-4267-926e-9463e171f71e,16/06/2015 11:22:04,41,134113.0
14983,4a5cf927-5e23-4267-926e-9463e171f71e,16/06/2015 10:22:04,0,134072.0
14984,4a5cf927-5e23-4267-926e-9463e171f71e,16/06/2015 09:22:04,18,134072.0
14985,4a5cf927-5e23-4267-926e-9463e171f71e,16/06/2015 08:22:04,0,134054.0
14986,4a5cf927-5e23-4267-926e-9463e171f71e,16/06/2015 07:22:04,0,134054.0
14987,4a5cf927-5e23-4267-926e-9463e171f71e,16/06/2015 06:22:04,0,134054.0
14988,4a5cf927-5e23-4267-926e-9463e171f71e,16/06/2015 05:22:04,0,134054.0
14989,4a5cf927-5e23-4267-926e-9463e171f71e,16/06/2015 04:22:04,0,134054.0
14990,4a5cf927-5e23-4267-926e-9463e171f71e,16/06/2015 03:22:06,0,134054.0
14991,4a5cf927-5e23-4267-926e-9463e171f71e,16/06/2015 02:22:06,0,134054.0
14992,4a5cf927-5e23-4267-926e-9463e171f71e,16/06/2015 01:22:06,3,134054.0
14993,4a5cf927-5e23-4267-926e-9463e171f71e,16/06/2015 00:22:06,9,134051.0
14994,4a5cf927-5e23-4267-926e-9463e171f71e,15/06/2015 23:22:04,4,134042.0
14995,4a5cf927-5e23-4267-926e-9463e171f71e,15/06/2015 22:22:04,0,134038.0
14996,4a5cf927-5e23-4267-926e-9463e171f71e,15/06/2015 21:22:04,11,134038.0
14997,4a5cf927-5e23-4267-926e-9463e171f71e,15/06/2015 20:22:04,0,134027.0
14998,4a5cf927-5e23-4267-926e-9463e171f71e,15/06/2015 19:22:12,2,134027.0
14999,4a5cf927-5e23-4267-926e-9463e171f71e,15/06/2015 18:22:12,34,134025.0
15000,4a5cf927-5e23-4267-926e-9463e171f71e,15/06/2015 17:22:12,14,133991.0
15001,4a5cf927-5e23-4267-926e-9463e171f71e,15/06/2015 16:22:12,24,133977.0
15002,4a5cf927-5e23-4267-926e-9463e171f71e,15/06/2015 15:22:05,15,133953.0
15003,4a5cf927-5e23-4267-926e-9463e171f71e,15/06/2015 14:22:05,1,133938.0
15004,4a5cf927-5e23-4267-926e-9463e171f71e,15/06/2015 13:22:05,53,133937.0
15005,4a5cf927-5e23-4267-926e-9463e171f71e,15/06/2015 12:22:05,15,133884.0
15006,4a5cf927-5e23-4267-926e-9463e171f71e,15/06/2015 11:22:08,0,133869.0
15007,4a5cf927-5e23-4267-926e-9463e171f71e,15/06/2015 10:22:08,32,133869.0
15008,4a5cf927-5e23-4267-926e-9463e171f71e,15/06/2015 09:22:08,78,133837.0
15009,4a5cf927-5e23-4267-926e-9463e171f71e,15/06/2015 08:22:08,1,133759.0
15010,4a5cf927-5e23-4267-926e-9463e171f71e,15/06/2015 07:22:06,0,133758.0
15011,4a5cf927-5e23-4267-926e-9463e171f71e,15/06/2015 06:22:06,0,133758.0
15012,4a5cf927-5e23-4267-926e-9463e171f71e,15/06/2015 05:22:06,0,133758.0
15013,4a5cf927-5e23-4267-926e-9463e171f71e,15/06/2015 04:22:06,37,133758.0
15014,4a5cf927-5e23-4267-926e-9463e171f71e,14/06/2015 23:22:07,0,133721.0
15015,4a5cf927-5e23-4267-926e-9463e171f71e,14/06/2015 22:22:07,0,133721.0
15016,4a5cf927-5e23-4267-926e-9463e171f71e,14/06/2015 21:22:07,3,133721.0
15017,4a5cf927-5e23-4267-926e-9463e171f71e,14/06/2015 20:22:07,41,133718.0
15018,4a5cf927-5e23-4267-926e-9463e171f71e,14/06/2015 15:22:08,4,133677.0
15019,4a5cf927-5e23-4267-926e-9463e171f71e,14/06/2015 14:22:08,21,133673.0
15020,4a5cf927-5e23-4267-926e-9463e171f71e,14/06/2015 13:22:08,69,133652.0
15021,4a5cf927-5e23-4267-926e-9463e171f71e,14/06/2015 12:22:08,28,133583.0
15022,4a5cf927-5e23-4267-926e-9463e171f71e,14/06/2015 11:22:10,27,133555.0
15023,4a5cf927-5e23-4267-926e-9463e171f71e,14/06/2015 10:22:10,0,133528.0
15024,4a5cf927-5e23-4267-926e-9463e171f71e,14/06/2015 09:22:10,0,133528.0
15025,4a5cf927-5e23-4267-926e-9463e171f71e,14/06/2015 08:22:10,7,133528.0
15026,4a5cf927-5e23-4267-926e-9463e171f71e,14/06/2015 03:22:10,0,133521.0
15027,4a5cf927-5e23-4267-926e-9463e171f71e,14/06/2015 02:22:10,0,133521.0
15028,4a5cf927-5e23-4267-926e-9463e171f71e,14/06/2015 01:22:10,0,133521.0
15029,4a5cf927-5e23-4267-926e-9463e171f71e,14/06/2015 00:22:10,0,133521.0
15030,4a5cf927-5e23-4267-926e-9463e171f71e,13/06/2015 23:22:10,0,133521.0
15031,4a5cf927-5e23-4267-926e-9463e171f71e,13/06/2015 22:22:10,0,133521.0
15032,4a5cf927-5e23-4267-926e-9463e171f71e,13/06/2015 21:22:10,14,133521.0
15033,4a5cf927-5e23-4267-926e-9463e171f71e,13/06/2015 20:22:10,0,133507.0
15034,4a5cf927-5e23-4267-926e-9463e171f71e,13/06/2015 19:22:11,2,133507.0
15035,4a5cf927-5e23-4267-926e-9463e171f71e,13/06/2015 18:22:11,10,133505.0
15036,4a5cf927-5e23-4267-926e-9463e171f71e,13/06/2015 17:22:11,14,133495.0
15037,4a5cf927-5e23-4267-926e-9463e171f71e,13/06/2015 16:22:11,17,133481.0
15038,4a5cf927-5e23-4267-926e-9463e171f71e,13/06/2015 15:22:10,3,133464.0
15039,4a5cf927-5e23-4267-926e-9463e171f71e,13/06/2015 14:22:10,6,133461.0
15040,4a5cf927-5e23-4267-926e-9463e171f71e,13/06/2015 13:22:10,97,133455.0
15041,4a5cf927-5e23-4267-926e-9463e171f71e,13/06/2015 12:22:10,148,133358.0
15042,4a5cf927-5e23-4267-926e-9463e171f71e,13/06/2015 11:22:12,12,133210.0
15043,4a5cf927-5e23-4267-926e-9463e171f71e,13/06/2015 10:22:12,36,133198.0
15044,4a5cf927-5e23-4267-926e-9463e171f71e,13/06/2015 09:22:12,12,133162.0
15045,4a5cf927-5e23-4267-926e-9463e171f71e,13/06/2015 08:22:12,0,133150.0
15046,4a5cf927-5e23-4267-926e-9463e171f71e,13/06/2015 03:22:13,20,133150.0
15047,4a5cf927-5e23-4267-926e-9463e171f71e,13/06/2015 02:22:13,0,133130.0
15048,4a5cf927-5e23-4267-926e-9463e171f71e,13/06/2015 01:22:13,5,133130.0
15049,4a5cf927-5e23-4267-926e-9463e171f71e,13/06/2015 00:22:13,0,133125.0
15050,4a5cf927-5e23-4267-926e-9463e171f71e,12/6/2015 16:57,0,133125.0
15051,4a5cf927-5e23-4267-926e-9463e171f71e,12/6/2015 15:57,74,133125.0
15052,4a5cf927-5e23-4267-926e-9463e171f71e,12/6/2015 15:22,14,133051.0
15053,4a5cf927-5e23-4267-926e-9463e171f71e,12/6/2015 14:22,37,133037.0
15054,4a5cf927-5e23-4267-926e-9463e171f71e,12/6/2015 13:22,2,133000.0
15055,4a5cf927-5e23-4267-926e-9463e171f71e,12/6/2015 12:22,109,132998.0
15056,4a5cf927-5e23-4267-926e-9463e171f71e,12/6/2015 7:21,0,132889.0
15057,4a5cf927-5e23-4267-926e-9463e171f71e,12/6/2015 6:21,0,132889.0
15058,4a5cf927-5e23-4267-926e-9463e171f71e,12/6/2015 5:21,0,132889.0
15059,4a5cf927-5e23-4267-926e-9463e171f71e,12/6/2015 4:21,0,132889.0
15060,4a5cf927-5e23-4267-926e-9463e171f71e,12/6/2015 3:21,0,132889.0
15061,4a5cf927-5e23-4267-926e-9463e171f71e,12/6/2015 2:21,8,132889.0
15062,4a5cf927-5e23-4267-926e-9463e171f71e,12/6/2015 1:21,0,132881.0
15063,4a5cf927-5e23-4267-926e-9463e171f71e,12/6/2015 0:21,19,132881.0
15064,4a5cf927-5e23-4267-926e-9463e171f71e,11/6/2015 23:21,31,132862.0
15065,4a5cf927-5e23-4267-926e-9463e171f71e,11/6/2015 22:21,10,132831.0
15066,4a5cf927-5e23-4267-926e-9463e171f71e,11/6/2015 21:21,6,132821.0
15067,4a5cf927-5e23-4267-926e-9463e171f71e,11/6/2015 20:21,0,132815.0
15068,4a5cf927-5e23-4267-926e-9463e171f71e,11/6/2015 19:22,14,132815.0
15069,4a5cf927-5e23-4267-926e-9463e171f71e,11/6/2015 18:22,0,132801.0
15070,4a5cf927-5e23-4267-926e-9463e171f71e,11/6/2015 17:22,48,132801.0
15071,4a5cf927-5e23-4267-926e-9463e171f71e,11/6/2015 16:22,128,132753.0
15072,4a5cf927-5e23-4267-926e-9463e171f71e,11/6/2015 11:22,28,132625.0
15073,4a5cf927-5e23-4267-926e-9463e171f71e,11/6/2015 10:22,30,132597.0
15074,4a5cf927-5e23-4267-926e-9463e171f71e,11/6/2015 9:22,60,132567.0
15075,4a5cf927-5e23-4267-926e-9463e171f71e,11/6/2015 8:22,17,132507.0
15076,4a5cf927-5e23-4267-926e-9463e171f71e,11/6/2015 3:22,0,132490.0
15077,4a5cf927-5e23-4267-926e-9463e171f71e,11/6/2015 2:22,0,132490.0
15078,4a5cf927-5e23-4267-926e-9463e171f71e,11/6/2015 1:22,0,132490.0
15079,4a5cf927-5e23-4267-926e-9463e171f71e,11/6/2015 0:22,16,132490.0
15080,4a5cf927-5e23-4267-926e-9463e171f71e,10/6/2015 23:22,5,132474.0
15081,4a5cf927-5e23-4267-926e-9463e171f71e,10/6/2015 22:22,26,132469.0
15082,4a5cf927-5e23-4267-926e-9463e171f71e,10/6/2015 21:22,30,132443.0
15083,4a5cf927-5e23-4267-926e-9463e171f71e,10/6/2015 20:22,6,132413.0
15084,4a5cf927-5e23-4267-926e-9463e171f71e,10/6/2015 19:22,0,132407.0
15085,4a5cf927-5e23-4267-926e-9463e171f71e,10/6/2015 18:22,0,132407.0
15086,4a5cf927-5e23-4267-926e-9463e171f71e,10/6/2015 17:22,8,132407.0
15087,4a5cf927-5e23-4267-926e-9463e171f71e,10/6/2015 16:22,27,132399.0
15088,4a5cf927-5e23-4267-926e-9463e171f71e,10/6/2015 15:22,29,132372.0
15089,4a5cf927-5e23-4267-926e-9463e171f71e,10/6/2015 14:22,63,132343.0
15090,4a5cf927-5e23-4267-926e-9463e171f71e,10/6/2015 13:22,41,132280.0
15091,4a5cf927-5e23-4267-926e-9463e171f71e,10/6/2015 12:22,1,132239.0
15092,4a5cf927-5e23-4267-926e-9463e171f71e,10/6/2015 11:22,29,132238.0
15093,4a5cf927-5e23-4267-926e-9463e171f71e,10/6/2015 10:22,11,132209.0
15094,4a5cf927-5e23-4267-926e-9463e171f71e,10/6/2015 9:22,83,132198.0
15095,4a5cf927-5e23-4267-926e-9463e171f71e,10/6/2015 8:22,5,132115.0
15096,4a5cf927-5e23-4267-926e-9463e171f71e,9/6/2015 23:22,0,132110.0
15097,4a5cf927-5e23-4267-926e-9463e171f71e,9/6/2015 22:22,10,132110.0
15098,4a5cf927-5e23-4267-926e-9463e171f71e,9/6/2015 21:22,1,132100.0
15099,4a5cf927-5e23-4267-926e-9463e171f71e,9/6/2015 20:22,5,132099.0
15100,4a5cf927-5e23-4267-926e-9463e171f71e,9/6/2015 19:22,36,132094.0
15101,4a5cf927-5e23-4267-926e-9463e171f71e,9/6/2015 18:22,6,132058.0
15102,4a5cf927-5e23-4267-926e-9463e171f71e,9/6/2015 17:22,0,132052.0
15103,4a5cf927-5e23-4267-926e-9463e171f71e,9/6/2015 16:22,3,132052.0
15104,4a5cf927-5e23-4267-926e-9463e171f71e,9/6/2015 15:22,18,132049.0
15105,4a5cf927-5e23-4267-926e-9463e171f71e,9/6/2015 14:22,0,132031.0
15106,4a5cf927-5e23-4267-926e-9463e171f71e,9/6/2015 13:22,0,132031.0
15107,4a5cf927-5e23-4267-926e-9463e171f71e,9/6/2015 12:22,0,132031.0
15108,4a5cf927-5e23-4267-926e-9463e171f71e,9/6/2015 11:22,27,132031.0
15109,4a5cf927-5e23-4267-926e-9463e171f71e,9/6/2015 10:22,49,132004.0
15110,4a5cf927-5e23-4267-926e-9463e171f71e,9/6/2015 9:22,5,131955.0
15111,4a5cf927-5e23-4267-926e-9463e171f71e,9/6/2015 8:22,0,131950.0
15112,4a5cf927-5e23-4267-926e-9463e171f71e,9/6/2015 7:22,0,131950.0
15113,4a5cf927-5e23-4267-926e-9463e171f71e,9/6/2015 6:22,0,131950.0
15114,4a5cf927-5e23-4267-926e-9463e171f71e,9/6/2015 5:22,0,131950.0
15115,4a5cf927-5e23-4267-926e-9463e171f71e,9/6/2015 4:22,0,131950.0
15116,4a5cf927-5e23-4267-926e-9463e171f71e,9/6/2015 2:55,0,131950.0
15117,4a5cf927-5e23-4267-926e-9463e171f71e,9/6/2015 1:55,0,131950.0
15118,4a5cf927-5e23-4267-926e-9463e171f71e,9/6/2015 0:55,4,131950.0
15119,4a5cf927-5e23-4267-926e-9463e171f71e,8/6/2015 23:55,19,131946.0
15120,4a5cf927-5e23-4267-926e-9463e171f71e,8/6/2015 19:22,7,131927.0
15121,4a5cf927-5e23-4267-926e-9463e171f71e,8/6/2015 18:22,8,131920.0
15122,4a5cf927-5e23-4267-926e-9463e171f71e,8/6/2015 17:22,0,131912.0
15123,4a5cf927-5e23-4267-926e-9463e171f71e,8/6/2015 16:22,24,131912.0
15124,4a5cf927-5e23-4267-926e-9463e171f71e,8/6/2015 15:22,14,131888.0
15125,4a5cf927-5e23-4267-926e-9463e171f71e,8/6/2015 14:22,136,131874.0
15126,4a5cf927-5e23-4267-926e-9463e171f71e,8/6/2015 13:22,0,131738.0
15127,4a5cf927-5e23-4267-926e-9463e171f71e,8/6/2015 12:22,0,131738.0
15128,4a5cf927-5e23-4267-926e-9463e171f71e,8/6/2015 11:22,19,131738.0
15129,4a5cf927-5e23-4267-926e-9463e171f71e,8/6/2015 10:22,5,131719.0
15130,4a5cf927-5e23-4267-926e-9463e171f71e,8/6/2015 9:22,27,131714.0
15131,4a5cf927-5e23-4267-926e-9463e171f71e,8/6/2015 8:22,1,131687.0
15132,4a5cf927-5e23-4267-926e-9463e171f71e,8/6/2015 7:50,0,131686.0
15133,4a5cf927-5e23-4267-926e-9463e171f71e,8/6/2015 6:50,0,131686.0
15134,4a5cf927-5e23-4267-926e-9463e171f71e,8/6/2015 5:50,0,131686.0
15135,4a5cf927-5e23-4267-926e-9463e171f71e,8/6/2015 4:50,0,131686.0
15136,4a5cf927-5e23-4267-926e-9463e171f71e,8/6/2015 3:22,0,131686.0
15137,4a5cf927-5e23-4267-926e-9463e171f71e,8/6/2015 2:22,0,131686.0
15138,4a5cf927-5e23-4267-926e-9463e171f71e,8/6/2015 1:22,3,131686.0
15139,4a5cf927-5e23-4267-926e-9463e171f71e,8/6/2015 0:22,10,131683.0
15140,4a5cf927-5e23-4267-926e-9463e171f71e,7/6/2015 23:22,10,131673.0
15141,4a5cf927-5e23-4267-926e-9463e171f71e,7/6/2015 22:22,6,131663.0
15142,4a5cf927-5e23-4267-926e-9463e171f71e,7/6/2015 21:22,0,131657.0
15143,4a5cf927-5e23-4267-926e-9463e171f71e,7/6/2015 20:22,9,131657.0
15144,4a5cf927-5e23-4267-926e-9463e171f71e,7/6/2015 19:22,0,131648.0
15145,4a5cf927-5e23-4267-926e-9463e171f71e,7/6/2015 18:22,0,131648.0
15146,4a5cf927-5e23-4267-926e-9463e171f71e,7/6/2015 17:22,0,131648.0
15147,4a5cf927-5e23-4267-926e-9463e171f71e,7/6/2015 16:22,0,131648.0
15148,4a5cf927-5e23-4267-926e-9463e171f71e,7/6/2015 15:22,15,131648.0
15149,4a5cf927-5e23-4267-926e-9463e171f71e,7/6/2015 14:22,1,131633.0
15150,4a5cf927-5e23-4267-926e-9463e171f71e,7/6/2015 13:22,0,131632.0
15151,4a5cf927-5e23-4267-926e-9463e171f71e,7/6/2015 12:22,5,131632.0
15152,4a5cf927-5e23-4267-926e-9463e171f71e,7/6/2015 11:22,17,131627.0
15153,4a5cf927-5e23-4267-926e-9463e171f71e,7/6/2015 10:22,97,131610.0
15154,4a5cf927-5e23-4267-926e-9463e171f71e,7/6/2015 9:22,16,131513.0
15155,4a5cf927-5e23-4267-926e-9463e171f71e,7/6/2015 8:22,0,131497.0
15156,4a5cf927-5e23-4267-926e-9463e171f71e,7/6/2015 3:22,0,131497.0
15157,4a5cf927-5e23-4267-926e-9463e171f71e,7/6/2015 2:22,0,131497.0
15158,4a5cf927-5e23-4267-926e-9463e171f71e,7/6/2015 1:22,0,131497.0
15159,4a5cf927-5e23-4267-926e-9463e171f71e,7/6/2015 0:22,20,131497.0
15160,4a5cf927-5e23-4267-926e-9463e171f71e,6/6/2015 19:22,0,131477.0
15161,4a5cf927-5e23-4267-926e-9463e171f71e,6/6/2015 18:22,0,131477.0
15162,4a5cf927-5e23-4267-926e-9463e171f71e,6/6/2015 17:22,0,131477.0
15163,4a5cf927-5e23-4267-926e-9463e171f71e,6/6/2015 16:22,9,131477.0
15164,4a5cf927-5e23-4267-926e-9463e171f71e,6/6/2015 15:22,14,131468.0
15165,4a5cf927-5e23-4267-926e-9463e171f71e,6/6/2015 14:22,6,131454.0
15166,4a5cf927-5e23-4267-926e-9463e171f71e,6/6/2015 13:22,59,131448.0
15167,4a5cf927-5e23-4267-926e-9463e171f71e,6/6/2015 12:22,0,131389.0
15168,4a5cf927-5e23-4267-926e-9463e171f71e,6/6/2015 11:22,28,131389.0
15169,4a5cf927-5e23-4267-926e-9463e171f71e,6/6/2015 10:22,58,131361.0
15170,4a5cf927-5e23-4267-926e-9463e171f71e,6/6/2015 9:22,7,131303.0
15171,4a5cf927-5e23-4267-926e-9463e171f71e,6/6/2015 8:22,73,131296.0
15172,4a5cf927-5e23-4267-926e-9463e171f71e,6/6/2015 6:07,0,131223.0
15173,4a5cf927-5e23-4267-926e-9463e171f71e,6/6/2015 5:07,0,131223.0
15174,4a5cf927-5e23-4267-926e-9463e171f71e,6/6/2015 4:07,0,131223.0
15175,4a5cf927-5e23-4267-926e-9463e171f71e,6/6/2015 3:07,4,131223.0
15176,4a5cf927-5e23-4267-926e-9463e171f71e,5/6/2015 23:22,0,131219.0
15177,4a5cf927-5e23-4267-926e-9463e171f71e,5/6/2015 22:22,0,131219.0
15178,4a5cf927-5e23-4267-926e-9463e171f71e,5/6/2015 21:22,4,131219.0
15179,4a5cf927-5e23-4267-926e-9463e171f71e,5/6/2015 20:22,0,131215.0
15180,4a5cf927-5e23-4267-926e-9463e171f71e,5/6/2015 19:22,0,131215.0
15181,4a5cf927-5e23-4267-926e-9463e171f71e,5/6/2015 18:22,4,131215.0
15182,4a5cf927-5e23-4267-926e-9463e171f71e,5/6/2015 17:22,0,131211.0
15183,4a5cf927-5e23-4267-926e-9463e171f71e,5/6/2015 16:22,6,131211.0
15184,4a5cf927-5e23-4267-926e-9463e171f71e,5/6/2015 15:22,7,131205.0
15185,4a5cf927-5e23-4267-926e-9463e171f71e,5/6/2015 14:22,29,131198.0
15186,4a5cf927-5e23-4267-926e-9463e171f71e,5/6/2015 13:22,22,131169.0
15187,4a5cf927-5e23-4267-926e-9463e171f71e,5/6/2015 12:22,6,131147.0
15188,4a5cf927-5e23-4267-926e-9463e171f71e,5/6/2015 11:22,0,131141.0
15189,4a5cf927-5e23-4267-926e-9463e171f71e,5/6/2015 10:22,36,131141.0
15190,4a5cf927-5e23-4267-926e-9463e171f71e,5/6/2015 9:22,58,131105.0
15191,4a5cf927-5e23-4267-926e-9463e171f71e,5/6/2015 8:22,90,131047.0
15192,4a5cf927-5e23-4267-926e-9463e171f71e,5/6/2015 7:22,0,130957.0
15193,4a5cf927-5e23-4267-926e-9463e171f71e,5/6/2015 6:22,0,130957.0
15194,4a5cf927-5e23-4267-926e-9463e171f71e,5/6/2015 5:22,0,130957.0
15195,4a5cf927-5e23-4267-926e-9463e171f71e,5/6/2015 4:22,44,130957.0
15196,4a5cf927-5e23-4267-926e-9463e171f71e,4/6/2015 19:22,0,130913.0
15197,4a5cf927-5e23-4267-926e-9463e171f71e,4/6/2015 18:22,1,130913.0
15198,4a5cf927-5e23-4267-926e-9463e171f71e,4/6/2015 17:22,18,130912.0
15199,4a5cf927-5e23-4267-926e-9463e171f71e,4/6/2015 16:22,38,130894.0
15200,4a5cf927-5e23-4267-926e-9463e171f71e,4/6/2015 15:22,16,130856.0
15201,4a5cf927-5e23-4267-926e-9463e171f71e,4/6/2015 14:22,1,130840.0
15202,4a5cf927-5e23-4267-926e-9463e171f71e,4/6/2015 13:22,0,130839.0
15203,4a5cf927-5e23-4267-926e-9463e171f71e,4/6/2015 12:22,0,130839.0
15204,4a5cf927-5e23-4267-926e-9463e171f71e,4/6/2015 11:22,35,130839.0
15205,4a5cf927-5e23-4267-926e-9463e171f71e,4/6/2015 10:22,29,130804.0
15206,4a5cf927-5e23-4267-926e-9463e171f71e,4/6/2015 9:22,77,130775.0
15207,4a5cf927-5e23-4267-926e-9463e171f71e,4/6/2015 8:22,96,130698.0
15208,4a5cf927-5e23-4267-926e-9463e171f71e,4/6/2015 3:16,0,130602.0
15209,4a5cf927-5e23-4267-926e-9463e171f71e,4/6/2015 2:16,11,130602.0
15210,4a5cf927-5e23-4267-926e-9463e171f71e,4/6/2015 1:16,3,130591.0
15211,4a5cf927-5e23-4267-926e-9463e171f71e,4/6/2015 0:16,3,130588.0
15212,4a5cf927-5e23-4267-926e-9463e171f71e,3/6/2015 23:22,9,130585.0
15213,4a5cf927-5e23-4267-926e-9463e171f71e,3/6/2015 22:22,0,130576.0
15214,4a5cf927-5e23-4267-926e-9463e171f71e,3/6/2015 21:22,0,130576.0
15215,4a5cf927-5e23-4267-926e-9463e171f71e,3/6/2015 20:22,8,130576.0
15216,4a5cf927-5e23-4267-926e-9463e171f71e,3/6/2015 19:22,4,130568.0
15217,4a5cf927-5e23-4267-926e-9463e171f71e,3/6/2015 18:22,29,130564.0
15218,4a5cf927-5e23-4267-926e-9463e171f71e,3/6/2015 17:22,15,130535.0
15219,4a5cf927-5e23-4267-926e-9463e171f71e,3/6/2015 16:22,6,130520.0
15220,4a5cf927-5e23-4267-926e-9463e171f71e,3/6/2015 15:22,9,130514.0
15221,4a5cf927-5e23-4267-926e-9463e171f71e,3/6/2015 14:22,15,130505.0
15222,4a5cf927-5e23-4267-926e-9463e171f71e,3/6/2015 13:22,25,130490.0
15223,4a5cf927-5e23-4267-926e-9463e171f71e,3/6/2015 12:22,0,130465.0
15224,4a5cf927-5e23-4267-926e-9463e171f71e,3/6/2015 11:22,17,130465.0
15225,4a5cf927-5e23-4267-926e-9463e171f71e,3/6/2015 10:22,113,130448.0
15226,4a5cf927-5e23-4267-926e-9463e171f71e,3/6/2015 9:22,67,130335.0
15227,4a5cf927-5e23-4267-926e-9463e171f71e,3/6/2015 8:22,11,130268.0
15228,4a5cf927-5e23-4267-926e-9463e171f71e,3/6/2015 7:22,0,130257.0
15229,4a5cf927-5e23-4267-926e-9463e171f71e,3/6/2015 6:22,0,130257.0
15230,4a5cf927-5e23-4267-926e-9463e171f71e,3/6/2015 5:22,0,130257.0
15231,4a5cf927-5e23-4267-926e-9463e171f71e,3/6/2015 4:22,0,130257.0
15232,4a5cf927-5e23-4267-926e-9463e171f71e,3/6/2015 3:22,0,130257.0
15233,4a5cf927-5e23-4267-926e-9463e171f71e,3/6/2015 2:22,0,130257.0
15234,4a5cf927-5e23-4267-926e-9463e171f71e,3/6/2015 1:22,0,130257.0
15235,4a5cf927-5e23-4267-926e-9463e171f71e,3/6/2015 0:22,9,130257.0
15236,4a5cf927-5e23-4267-926e-9463e171f71e,2/6/2015 23:22,19,130248.0
15237,4a5cf927-5e23-4267-926e-9463e171f71e,2/6/2015 22:22,9,130229.0
15238,4a5cf927-5e23-4267-926e-9463e171f71e,2/6/2015 21:22,0,130220.0
15239,4a5cf927-5e23-4267-926e-9463e171f71e,2/6/2015 20:22,51,130220.0
15240,4a5cf927-5e23-4267-926e-9463e171f71e,2/6/2015 15:22,30,130169.0
15241,4a5cf927-5e23-4267-926e-9463e171f71e,2/6/2015 14:22,74,130139.0
15242,4a5cf927-5e23-4267-926e-9463e171f71e,2/6/2015 13:22,0,130065.0
15243,4a5cf927-5e23-4267-926e-9463e171f71e,2/6/2015 12:22,83,130065.0
15244,4a5cf927-5e23-4267-926e-9463e171f71e,2/6/2015 7:22,0,129982.0
15245,4a5cf927-5e23-4267-926e-9463e171f71e,2/6/2015 6:22,0,129982.0
15246,4a5cf927-5e23-4267-926e-9463e171f71e,2/6/2015 5:22,0,129982.0
15247,4a5cf927-5e23-4267-926e-9463e171f71e,2/6/2015 4:22,0,129982.0
15248,4a5cf927-5e23-4267-926e-9463e171f71e,2/6/2015 3:22,1,129982.0
15249,4a5cf927-5e23-4267-926e-9463e171f71e,2/6/2015 2:22,4,129981.0
15250,4a5cf927-5e23-4267-926e-9463e171f71e,2/6/2015 1:22,1,129977.0
15251,4a5cf927-5e23-4267-926e-9463e171f71e,2/6/2015 0:22,8,129976.0
15252,4a5cf927-5e23-4267-926e-9463e171f71e,1/6/2015 23:22,4,129968.0
15253,4a5cf927-5e23-4267-926e-9463e171f71e,1/6/2015 22:22,0,129964.0
15254,4a5cf927-5e23-4267-926e-9463e171f71e,1/6/2015 21:22,8,129964.0
15255,4a5cf927-5e23-4267-926e-9463e171f71e,1/6/2015 20:22,1,129956.0
15256,4a5cf927-5e23-4267-926e-9463e171f71e,1/6/2015 19:22,10,129955.0
15257,4a5cf927-5e23-4267-926e-9463e171f71e,1/6/2015 18:22,0,129945.0
15258,4a5cf927-5e23-4267-926e-9463e171f71e,1/6/2015 17:22,9,129945.0
15259,4a5cf927-5e23-4267-926e-9463e171f71e,1/6/2015 16:22,21,129936.0
15260,4a5cf927-5e23-4267-926e-9463e171f71e,1/6/2015 15:22,12,129915.0
15261,4a5cf927-5e23-4267-926e-9463e171f71e,1/6/2015 14:22,0,129903.0
15262,4a5cf927-5e23-4267-926e-9463e171f71e,1/6/2015 13:22,0,129903.0
15263,4a5cf927-5e23-4267-926e-9463e171f71e,1/6/2015 12:22,0,129903.0
15264,4a5cf927-5e23-4267-926e-9463e171f71e,1/6/2015 11:22,11,129903.0
15265,4a5cf927-5e23-4267-926e-9463e171f71e,1/6/2015 10:22,23,129892.0
15266,4a5cf927-5e23-4267-926e-9463e171f71e,1/6/2015 9:22,149,129869.0
15267,4a5cf927-5e23-4267-926e-9463e171f71e,1/6/2015 8:22,0,129720.0
15268,4a5cf927-5e23-4267-926e-9463e171f71e,1/6/2015 7:22,2,129720.0
15269,4a5cf927-5e23-4267-926e-9463e171f71e,1/6/2015 6:22,2,129718.0
15270,4a5cf927-5e23-4267-926e-9463e171f71e,1/6/2015 5:22,0,129716.0
15271,4a5cf927-5e23-4267-926e-9463e171f71e,1/6/2015 4:22,0,129716.0
15272,4a5cf927-5e23-4267-926e-9463e171f71e,1/6/2015 3:22,0,129716.0
15273,4a5cf927-5e23-4267-926e-9463e171f71e,1/6/2015 2:22,0,129716.0
15274,4a5cf927-5e23-4267-926e-9463e171f71e,1/6/2015 1:22,7,129716.0
15275,4a5cf927-5e23-4267-926e-9463e171f71e,1/6/2015 0:22,11,129709.0
15276,4a5cf927-5e23-4267-926e-9463e171f71e,31/05/2015 19:22:42,0,129698.0
15277,4a5cf927-5e23-4267-926e-9463e171f71e,31/05/2015 18:22:42,3,129698.0
15278,4a5cf927-5e23-4267-926e-9463e171f71e,31/05/2015 17:22:42,0,129695.0
15279,4a5cf927-5e23-4267-926e-9463e171f71e,31/05/2015 16:22:42,1,129695.0
15280,4a5cf927-5e23-4267-926e-9463e171f71e,31/05/2015 15:22:41,0,129694.0
15281,4a5cf927-5e23-4267-926e-9463e171f71e,31/05/2015 14:22:41,5,129694.0
15282,4a5cf927-5e23-4267-926e-9463e171f71e,31/05/2015 13:22:41,15,129689.0
15283,4a5cf927-5e23-4267-926e-9463e171f71e,31/05/2015 12:22:41,7,129674.0
15284,4a5cf927-5e23-4267-926e-9463e171f71e,31/05/2015 11:22:43,23,129667.0
15285,4a5cf927-5e23-4267-926e-9463e171f71e,31/05/2015 10:22:43,4,129644.0
15286,4a5cf927-5e23-4267-926e-9463e171f71e,31/05/2015 09:22:43,2,129640.0
15287,4a5cf927-5e23-4267-926e-9463e171f71e,31/05/2015 08:22:43,79,129638.0
15288,4a5cf927-5e23-4267-926e-9463e171f71e,31/05/2015 07:22:42,0,129559.0
15289,4a5cf927-5e23-4267-926e-9463e171f71e,31/05/2015 06:22:42,0,129559.0
15290,4a5cf927-5e23-4267-926e-9463e171f71e,31/05/2015 05:22:42,3,129559.0
15291,4a5cf927-5e23-4267-926e-9463e171f71e,31/05/2015 04:22:42,0,129556.0
15292,4a5cf927-5e23-4267-926e-9463e171f71e,31/05/2015 03:22:44,0,129556.0
15293,4a5cf927-5e23-4267-926e-9463e171f71e,31/05/2015 02:22:44,3,129556.0
15294,4a5cf927-5e23-4267-926e-9463e171f71e,31/05/2015 01:22:44,3,129553.0
15295,4a5cf927-5e23-4267-926e-9463e171f71e,31/05/2015 00:22:44,13,129550.0
15296,4a5cf927-5e23-4267-926e-9463e171f71e,30/05/2015 23:22:42,9,129537.0
15297,4a5cf927-5e23-4267-926e-9463e171f71e,30/05/2015 22:22:42,14,129528.0
15298,4a5cf927-5e23-4267-926e-9463e171f71e,30/05/2015 21:22:42,0,129514.0
15299,4a5cf927-5e23-4267-926e-9463e171f71e,30/05/2015 20:22:42,52,129514.0
15300,4a5cf927-5e23-4267-926e-9463e171f71e,30/05/2015 15:22:43,35,129462.0
15301,4a5cf927-5e23-4267-926e-9463e171f71e,30/05/2015 14:22:43,12,129427.0
15302,4a5cf927-5e23-4267-926e-9463e171f71e,30/05/2015 13:22:43,15,129415.0
15303,4a5cf927-5e23-4267-926e-9463e171f71e,30/05/2015 12:22:43,29,129400.0
15304,4a5cf927-5e23-4267-926e-9463e171f71e,30/05/2015 11:22:46,58,129371.0
15305,4a5cf927-5e23-4267-926e-9463e171f71e,30/05/2015 10:22:46,197,129313.0
15306,4a5cf927-5e23-4267-926e-9463e171f71e,30/05/2015 09:22:46,5,129116.0
15307,4a5cf927-5e23-4267-926e-9463e171f71e,30/05/2015 08:22:46,0,129111.0
15308,4a5cf927-5e23-4267-926e-9463e171f71e,30/05/2015 07:22:45,0,129111.0
15309,4a5cf927-5e23-4267-926e-9463e171f71e,30/05/2015 06:22:45,0,129111.0
15310,4a5cf927-5e23-4267-926e-9463e171f71e,30/05/2015 05:22:45,0,129111.0
15311,4a5cf927-5e23-4267-926e-9463e171f71e,30/05/2015 04:22:45,2,129111.0
15312,4a5cf927-5e23-4267-926e-9463e171f71e,30/05/2015 03:22:48,0,129109.0
15313,4a5cf927-5e23-4267-926e-9463e171f71e,30/05/2015 02:22:48,0,129109.0
15314,4a5cf927-5e23-4267-926e-9463e171f71e,30/05/2015 01:22:48,2,129109.0
15315,4a5cf927-5e23-4267-926e-9463e171f71e,30/05/2015 00:22:48,21,129107.0
15316,4a5cf927-5e23-4267-926e-9463e171f71e,29/05/2015 19:22:45,0,129086.0
15317,4a5cf927-5e23-4267-926e-9463e171f71e,29/05/2015 18:22:45,16,129086.0
15318,4a5cf927-5e23-4267-926e-9463e171f71e,29/05/2015 17:22:45,4,129070.0
15319,4a5cf927-5e23-4267-926e-9463e171f71e,29/05/2015 16:22:45,6,129066.0
15320,4a5cf927-5e23-4267-926e-9463e171f71e,29/05/2015 15:22:48,4,129060.0
15321,4a5cf927-5e23-4267-926e-9463e171f71e,29/05/2015 14:22:48,2,129056.0
15322,4a5cf927-5e23-4267-926e-9463e171f71e,29/05/2015 13:22:48,56,129054.0
15323,4a5cf927-5e23-4267-926e-9463e171f71e,29/05/2015 12:22:48,62,128998.0
15324,4a5cf927-5e23-4267-926e-9463e171f71e,29/05/2015 11:22:49,0,128936.0
15325,4a5cf927-5e23-4267-926e-9463e171f71e,29/05/2015 10:22:49,23,128936.0
15326,4a5cf927-5e23-4267-926e-9463e171f71e,29/05/2015 09:22:49,4,128913.0
15327,4a5cf927-5e23-4267-926e-9463e171f71e,29/05/2015 08:22:49,3,128909.0
15328,4a5cf927-5e23-4267-926e-9463e171f71e,29/05/2015 03:22:50,0,128906.0
15329,4a5cf927-5e23-4267-926e-9463e171f71e,29/05/2015 02:22:50,3,128906.0
15330,4a5cf927-5e23-4267-926e-9463e171f71e,29/05/2015 01:22:50,4,128903.0
15331,4a5cf927-5e23-4267-926e-9463e171f71e,29/05/2015 00:22:50,94,128899.0
15332,4a5cf927-5e23-4267-926e-9463e171f71e,28/05/2015 19:22:50,0,128805.0
15333,4a5cf927-5e23-4267-926e-9463e171f71e,28/05/2015 18:22:50,0,128805.0
15334,4a5cf927-5e23-4267-926e-9463e171f71e,28/05/2015 17:22:50,15,128805.0
15335,4a5cf927-5e23-4267-926e-9463e171f71e,28/05/2015 16:22:50,13,128790.0
15336,4a5cf927-5e23-4267-926e-9463e171f71e,28/05/2015 15:22:48,23,128777.0
15337,4a5cf927-5e23-4267-926e-9463e171f71e,28/05/2015 14:22:48,50,128754.0
15338,4a5cf927-5e23-4267-926e-9463e171f71e,28/05/2015 13:22:48,0,128704.0
15339,4a5cf927-5e23-4267-926e-9463e171f71e,28/05/2015 12:22:48,0,128704.0
15340,4a5cf927-5e23-4267-926e-9463e171f71e,28/05/2015 11:22:50,12,128704.0
15341,4a5cf927-5e23-4267-926e-9463e171f71e,28/05/2015 10:22:50,79,128692.0
15342,4a5cf927-5e23-4267-926e-9463e171f71e,28/05/2015 09:22:50,5,128613.0
15343,4a5cf927-5e23-4267-926e-9463e171f71e,28/05/2015 08:22:50,1,128608.0
15344,4a5cf927-5e23-4267-926e-9463e171f71e,28/05/2015 07:22:50,0,128607.0
15345,4a5cf927-5e23-4267-926e-9463e171f71e,28/05/2015 06:22:50,0,128607.0
15346,4a5cf927-5e23-4267-926e-9463e171f71e,28/05/2015 05:22:50,0,128607.0
15347,4a5cf927-5e23-4267-926e-9463e171f71e,28/05/2015 04:22:50,7,128607.0
15348,4a5cf927-5e23-4267-926e-9463e171f71e,27/05/2015 23:22:51,1,128600.0
15349,4a5cf927-5e23-4267-926e-9463e171f71e,27/05/2015 22:22:51,2,128599.0
15350,4a5cf927-5e23-4267-926e-9463e171f71e,27/05/2015 21:22:51,0,128597.0
15351,4a5cf927-5e23-4267-926e-9463e171f71e,27/05/2015 20:22:51,0,128597.0
15352,4a5cf927-5e23-4267-926e-9463e171f71e,27/05/2015 19:22:53,0,128597.0
15353,4a5cf927-5e23-4267-926e-9463e171f71e,27/05/2015 18:22:53,12,128597.0
15354,4a5cf927-5e23-4267-926e-9463e171f71e,27/05/2015 17:22:53,5,128585.0
15355,4a5cf927-5e23-4267-926e-9463e171f71e,27/05/2015 16:22:53,22,128580.0
15356,4a5cf927-5e23-4267-926e-9463e171f71e,27/05/2015 15:22:51,7,128558.0
15357,4a5cf927-5e23-4267-926e-9463e171f71e,27/05/2015 14:22:51,7,128551.0
15358,4a5cf927-5e23-4267-926e-9463e171f71e,27/05/2015 13:22:51,1,128544.0
15359,4a5cf927-5e23-4267-926e-9463e171f71e,27/05/2015 12:22:51,67,128543.0
15360,4a5cf927-5e23-4267-926e-9463e171f71e,27/05/2015 11:22:55,0,128476.0
15361,4a5cf927-5e23-4267-926e-9463e171f71e,27/05/2015 10:22:55,15,128476.0
15362,4a5cf927-5e23-4267-926e-9463e171f71e,27/05/2015 09:22:55,0,128461.0
15363,4a5cf927-5e23-4267-926e-9463e171f71e,27/05/2015 08:22:55,0,128461.0
15364,4a5cf927-5e23-4267-926e-9463e171f71e,27/05/2015 07:22:51,0,128461.0
15365,4a5cf927-5e23-4267-926e-9463e171f71e,27/05/2015 06:22:51,0,128461.0
15366,4a5cf927-5e23-4267-926e-9463e171f71e,27/05/2015 05:22:51,0,128461.0
15367,4a5cf927-5e23-4267-926e-9463e171f71e,27/05/2015 04:22:51,0,128461.0
15368,4a5cf927-5e23-4267-926e-9463e171f71e,27/05/2015 03:22:55,0,128461.0
15369,4a5cf927-5e23-4267-926e-9463e171f71e,27/05/2015 02:22:55,3,128461.0
15370,4a5cf927-5e23-4267-926e-9463e171f71e,27/05/2015 01:22:55,0,128458.0
15371,4a5cf927-5e23-4267-926e-9463e171f71e,27/05/2015 00:22:55,17,128458.0
15372,4a5cf927-5e23-4267-926e-9463e171f71e,26/05/2015 19:22:56,1,128441.0
15373,4a5cf927-5e23-4267-926e-9463e171f71e,26/05/2015 18:22:56,9,128440.0
15374,4a5cf927-5e23-4267-926e-9463e171f71e,26/05/2015 17:22:56,7,128431.0
15375,4a5cf927-5e23-4267-926e-9463e171f71e,26/05/2015 16:22:56,51,128424.0
15376,4a5cf927-5e23-4267-926e-9463e171f71e,26/05/2015 15:22:58,31,128373.0
15377,4a5cf927-5e23-4267-926e-9463e171f71e,26/05/2015 14:22:58,23,128342.0
15378,4a5cf927-5e23-4267-926e-9463e171f71e,26/05/2015 13:22:58,31,128319.0
15379,4a5cf927-5e23-4267-926e-9463e171f71e,26/05/2015 12:22:58,103,128288.0
15380,4a5cf927-5e23-4267-926e-9463e171f71e,25/05/2015 23:22:55,9,128185.0
15381,4a5cf927-5e23-4267-926e-9463e171f71e,25/05/2015 22:22:55,8,128176.0
15382,4a5cf927-5e23-4267-926e-9463e171f71e,25/05/2015 21:22:55,0,128168.0
15383,4a5cf927-5e23-4267-926e-9463e171f71e,25/05/2015 20:22:55,3,128168.0
15384,4a5cf927-5e23-4267-926e-9463e171f71e,25/05/2015 19:22:58,2,128165.0
15385,4a5cf927-5e23-4267-926e-9463e171f71e,25/05/2015 18:22:58,5,128163.0
15386,4a5cf927-5e23-4267-926e-9463e171f71e,25/05/2015 17:22:58,35,128158.0
15387,4a5cf927-5e23-4267-926e-9463e171f71e,25/05/2015 16:22:58,27,128123.0
15388,4a5cf927-5e23-4267-926e-9463e171f71e,25/05/2015 15:22:58,9,128096.0
15389,4a5cf927-5e23-4267-926e-9463e171f71e,25/05/2015 14:22:58,26,128087.0
15390,4a5cf927-5e23-4267-926e-9463e171f71e,25/05/2015 13:22:58,13,128061.0
15391,4a5cf927-5e23-4267-926e-9463e171f71e,25/05/2015 12:22:58,148,128048.0
15392,4a5cf927-5e23-4267-926e-9463e171f71e,25/05/2015 07:22:57,0,127900.0
15393,4a5cf927-5e23-4267-926e-9463e171f71e,25/05/2015 06:22:57,0,127900.0
15394,4a5cf927-5e23-4267-926e-9463e171f71e,25/05/2015 05:22:57,0,127900.0
15395,4a5cf927-5e23-4267-926e-9463e171f71e,25/05/2015 04:22:57,0,127900.0
15396,4a5cf927-5e23-4267-926e-9463e171f71e,25/05/2015 03:23:00,0,127900.0
15397,4a5cf927-5e23-4267-926e-9463e171f71e,25/05/2015 02:23:00,0,127900.0
15398,4a5cf927-5e23-4267-926e-9463e171f71e,25/05/2015 01:23:00,2,127900.0
15399,4a5cf927-5e23-4267-926e-9463e171f71e,25/05/2015 00:23:00,69,127898.0
15400,4a5cf927-5e23-4267-926e-9463e171f71e,24/05/2015 15:23:01,8,127829.0
15401,4a5cf927-5e23-4267-926e-9463e171f71e,24/05/2015 14:23:01,6,127821.0
15402,4a5cf927-5e23-4267-926e-9463e171f71e,24/05/2015 13:23:01,0,127815.0
15403,4a5cf927-5e23-4267-926e-9463e171f71e,24/05/2015 12:23:01,0,127815.0
15404,4a5cf927-5e23-4267-926e-9463e171f71e,24/05/2015 11:23:02,12,127815.0
15405,4a5cf927-5e23-4267-926e-9463e171f71e,24/05/2015 10:23:02,20,127803.0
15406,4a5cf927-5e23-4267-926e-9463e171f71e,24/05/2015 09:23:02,7,127783.0
15407,4a5cf927-5e23-4267-926e-9463e171f71e,24/05/2015 08:23:02,67,127776.0
15408,4a5cf927-5e23-4267-926e-9463e171f71e,24/05/2015 07:23:01,0,127709.0
15409,4a5cf927-5e23-4267-926e-9463e171f71e,24/05/2015 06:23:01,0,127709.0
15410,4a5cf927-5e23-4267-926e-9463e171f71e,24/05/2015 05:23:01,0,127709.0
15411,4a5cf927-5e23-4267-926e-9463e171f71e,24/05/2015 04:23:01,0,127709.0
15412,4a5cf927-5e23-4267-926e-9463e171f71e,24/05/2015 03:23:01,0,127709.0
15413,4a5cf927-5e23-4267-926e-9463e171f71e,24/05/2015 02:23:01,0,127709.0
15414,4a5cf927-5e23-4267-926e-9463e171f71e,24/05/2015 01:23:01,0,127709.0
15415,4a5cf927-5e23-4267-926e-9463e171f71e,24/05/2015 00:23:01,13,127709.0
15416,4a5cf927-5e23-4267-926e-9463e171f71e,23/05/2015 19:23:01,0,127696.0
15417,4a5cf927-5e23-4267-926e-9463e171f71e,23/05/2015 18:23:01,0,127696.0
15418,4a5cf927-5e23-4267-926e-9463e171f71e,23/05/2015 17:23:01,0,127696.0
15419,4a5cf927-5e23-4267-926e-9463e171f71e,23/05/2015 16:23:01,5,127696.0
15420,4a5cf927-5e23-4267-926e-9463e171f71e,23/05/2015 15:23:04,23,127691.0
15421,4a5cf927-5e23-4267-926e-9463e171f71e,23/05/2015 14:23:04,11,127668.0
15422,4a5cf927-5e23-4267-926e-9463e171f71e,23/05/2015 13:23:04,5,127657.0
15423,4a5cf927-5e23-4267-926e-9463e171f71e,23/05/2015 12:23:04,7,127652.0
15424,4a5cf927-5e23-4267-926e-9463e171f71e,23/05/2015 11:23:07,18,127645.0
15425,4a5cf927-5e23-4267-926e-9463e171f71e,23/05/2015 10:23:07,61,127627.0
15426,4a5cf927-5e23-4267-926e-9463e171f71e,23/05/2015 09:23:07,12,127566.0
15427,4a5cf927-5e23-4267-926e-9463e171f71e,23/05/2015 08:23:07,95,127554.0
15428,4a5cf927-5e23-4267-926e-9463e171f71e,23/05/2015 07:23:05,2,127459.0
15429,4a5cf927-5e23-4267-926e-9463e171f71e,23/05/2015 06:23:05,0,127457.0
15430,4a5cf927-5e23-4267-926e-9463e171f71e,23/05/2015 05:23:05,0,127457.0
15431,4a5cf927-5e23-4267-926e-9463e171f71e,23/05/2015 04:23:05,2,127457.0
15432,4a5cf927-5e23-4267-926e-9463e171f71e,23/05/2015 03:22:54,0,127455.0
15433,4a5cf927-5e23-4267-926e-9463e171f71e,23/05/2015 02:22:54,0,127455.0
15434,4a5cf927-5e23-4267-926e-9463e171f71e,23/05/2015 01:22:54,0,127455.0
15435,4a5cf927-5e23-4267-926e-9463e171f71e,23/05/2015 00:22:54,5,127455.0
15436,4a5cf927-5e23-4267-926e-9463e171f71e,22/05/2015 23:22:54,3,127450.0
15437,4a5cf927-5e23-4267-926e-9463e171f71e,22/05/2015 22:22:54,6,127447.0
15438,4a5cf927-5e23-4267-926e-9463e171f71e,22/05/2015 21:22:54,11,127441.0
15439,4a5cf927-5e23-4267-926e-9463e171f71e,22/05/2015 20:22:54,43,127430.0
15440,4a5cf927-5e23-4267-926e-9463e171f71e,22/05/2015 15:20:14,16,127387.0
15441,4a5cf927-5e23-4267-926e-9463e171f71e,22/05/2015 14:20:14,10,127371.0
15442,4a5cf927-5e23-4267-926e-9463e171f71e,22/05/2015 13:20:14,0,127361.0
15443,4a5cf927-5e23-4267-926e-9463e171f71e,22/05/2015 12:20:14,0,127361.0
15444,4a5cf927-5e23-4267-926e-9463e171f71e,22/05/2015 11:23:04,18,127361.0
15445,4a5cf927-5e23-4267-926e-9463e171f71e,22/05/2015 10:23:04,40,127343.0
15446,4a5cf927-5e23-4267-926e-9463e171f71e,22/05/2015 09:23:04,29,127303.0
15447,4a5cf927-5e23-4267-926e-9463e171f71e,22/05/2015 08:23:04,111,127274.0
15448,4a5cf927-5e23-4267-926e-9463e171f71e,22/05/2015 03:23:08,0,127163.0
15449,4a5cf927-5e23-4267-926e-9463e171f71e,22/05/2015 02:23:08,5,127163.0
15450,4a5cf927-5e23-4267-926e-9463e171f71e,22/05/2015 01:23:08,4,127158.0
15451,4a5cf927-5e23-4267-926e-9463e171f71e,22/05/2015 00:23:08,58,127154.0
15452,4a5cf927-5e23-4267-926e-9463e171f71e,21/05/2015 23:23:06,7,127096.0
15453,4a5cf927-5e23-4267-926e-9463e171f71e,21/05/2015 22:23:06,13,127089.0
15454,4a5cf927-5e23-4267-926e-9463e171f71e,21/05/2015 21:23:06,14,127076.0
15455,4a5cf927-5e23-4267-926e-9463e171f71e,21/05/2015 20:23:06,8,127062.0
15456,4a5cf927-5e23-4267-926e-9463e171f71e,21/05/2015 19:23:07,9,127054.0
15457,4a5cf927-5e23-4267-926e-9463e171f71e,21/05/2015 18:23:07,1,127045.0
15458,4a5cf927-5e23-4267-926e-9463e171f71e,21/05/2015 17:23:07,0,127044.0
15459,4a5cf927-5e23-4267-926e-9463e171f71e,21/05/2015 16:23:07,41,127044.0
15460,4a5cf927-5e23-4267-926e-9463e171f71e,21/05/2015 15:23:06,4,127003.0
15461,4a5cf927-5e23-4267-926e-9463e171f71e,21/05/2015 14:23:06,5,126999.0
15462,4a5cf927-5e23-4267-926e-9463e171f71e,21/05/2015 13:23:06,0,126994.0
15463,4a5cf927-5e23-4267-926e-9463e171f71e,21/05/2015 12:23:06,2,126994.0
15464,4a5cf927-5e23-4267-926e-9463e171f71e,21/05/2015 11:23:09,18,126992.0
15465,4a5cf927-5e23-4267-926e-9463e171f71e,21/05/2015 10:23:09,51,126974.0
15466,4a5cf927-5e23-4267-926e-9463e171f71e,21/05/2015 09:23:09,62,126923.0
15467,4a5cf927-5e23-4267-926e-9463e171f71e,21/05/2015 08:23:09,99,126861.0
15468,4a5cf927-5e23-4267-926e-9463e171f71e,21/05/2015 07:23:07,8,126762.0
15469,4a5cf927-5e23-4267-926e-9463e171f71e,21/05/2015 06:23:07,1,126754.0
15470,4a5cf927-5e23-4267-926e-9463e171f71e,21/05/2015 05:23:07,0,126753.0
15471,4a5cf927-5e23-4267-926e-9463e171f71e,21/05/2015 04:23:07,27,126753.0
15472,4a5cf927-5e23-4267-926e-9463e171f71e,20/05/2015 23:23:09,0,126726.0
15473,4a5cf927-5e23-4267-926e-9463e171f71e,20/05/2015 22:23:09,22,126726.0
15474,4a5cf927-5e23-4267-926e-9463e171f71e,20/05/2015 21:23:09,0,126704.0
15475,4a5cf927-5e23-4267-926e-9463e171f71e,20/05/2015 20:23:09,0,126704.0
15476,4a5cf927-5e23-4267-926e-9463e171f71e,20/05/2015 19:23:16,1,126704.0
15477,4a5cf927-5e23-4267-926e-9463e171f71e,20/05/2015 18:23:16,13,126703.0
15478,4a5cf927-5e23-4267-926e-9463e171f71e,20/05/2015 17:23:16,16,126690.0
15479,4a5cf927-5e23-4267-926e-9463e171f71e,20/05/2015 16:23:16,21,126674.0
15480,4a5cf927-5e23-4267-926e-9463e171f71e,20/05/2015 15:23:16,16,126653.0
15481,4a5cf927-5e23-4267-926e-9463e171f71e,20/05/2015 14:23:16,0,126637.0
15482,4a5cf927-5e23-4267-926e-9463e171f71e,20/05/2015 13:23:16,0,126637.0
15483,4a5cf927-5e23-4267-926e-9463e171f71e,20/05/2015 12:23:16,286,126637.0
15484,4a5cf927-5e23-4267-926e-9463e171f71e,20/05/2015 07:23:08,0,126351.0
15485,4a5cf927-5e23-4267-926e-9463e171f71e,20/05/2015 06:23:08,0,126351.0
15486,4a5cf927-5e23-4267-926e-9463e171f71e,20/05/2015 05:23:08,0,126351.0
15487,4a5cf927-5e23-4267-926e-9463e171f71e,20/05/2015 04:23:08,20,126351.0
15488,4a5cf927-5e23-4267-926e-9463e171f71e,19/05/2015 23:23:09,1,126331.0
15489,4a5cf927-5e23-4267-926e-9463e171f71e,19/05/2015 22:23:09,24,126330.0
15490,4a5cf927-5e23-4267-926e-9463e171f71e,19/05/2015 21:23:09,0,126306.0
15491,4a5cf927-5e23-4267-926e-9463e171f71e,19/05/2015 20:23:09,58,126306.0
15492,4a5cf927-5e23-4267-926e-9463e171f71e,19/05/2015 15:23:10,20,126248.0
15493,4a5cf927-5e23-4267-926e-9463e171f71e,19/05/2015 14:23:10,8,126228.0
15494,4a5cf927-5e23-4267-926e-9463e171f71e,19/05/2015 13:23:10,0,126220.0
15495,4a5cf927-5e23-4267-926e-9463e171f71e,19/05/2015 12:23:10,10,126220.0
15496,4a5cf927-5e23-4267-926e-9463e171f71e,19/05/2015 11:23:15,1,126210.0
15497,4a5cf927-5e23-4267-926e-9463e171f71e,19/05/2015 10:23:15,26,126209.0
15498,4a5cf927-5e23-4267-926e-9463e171f71e,19/05/2015 09:23:15,67,126183.0
15499,4a5cf927-5e23-4267-926e-9463e171f71e,19/05/2015 08:23:15,109,126116.0
15500,4a5cf927-5e23-4267-926e-9463e171f71e,19/05/2015 03:23:13,0,126007.0
15501,4a5cf927-5e23-4267-926e-9463e171f71e,19/05/2015 02:23:13,5,126007.0
15502,4a5cf927-5e23-4267-926e-9463e171f71e,19/05/2015 01:23:13,2,126002.0
15503,4a5cf927-5e23-4267-926e-9463e171f71e,19/05/2015 00:23:13,1,126000.0
15504,4a5cf927-5e23-4267-926e-9463e171f71e,18/05/2015 23:23:12,11,125999.0
15505,4a5cf927-5e23-4267-926e-9463e171f71e,18/05/2015 22:23:12,18,125988.0
15506,4a5cf927-5e23-4267-926e-9463e171f71e,18/05/2015 21:23:12,0,125970.0
15507,4a5cf927-5e23-4267-926e-9463e171f71e,18/05/2015 20:23:12,4,125970.0
15508,4a5cf927-5e23-4267-926e-9463e171f71e,18/05/2015 19:23:15,12,125966.0
15509,4a5cf927-5e23-4267-926e-9463e171f71e,18/05/2015 18:23:15,8,125954.0
15510,4a5cf927-5e23-4267-926e-9463e171f71e,18/05/2015 17:23:15,8,125946.0
15511,4a5cf927-5e23-4267-926e-9463e171f71e,18/05/2015 16:23:15,21,125938.0
15512,4a5cf927-5e23-4267-926e-9463e171f71e,18/05/2015 15:23:16,16,125917.0
15513,4a5cf927-5e23-4267-926e-9463e171f71e,18/05/2015 14:23:16,0,125901.0
15514,4a5cf927-5e23-4267-926e-9463e171f71e,18/05/2015 13:23:16,6,125901.0
15515,4a5cf927-5e23-4267-926e-9463e171f71e,18/05/2015 12:23:16,7,125895.0
15516,4a5cf927-5e23-4267-926e-9463e171f71e,18/05/2015 11:23:15,0,125888.0
15517,4a5cf927-5e23-4267-926e-9463e171f71e,18/05/2015 10:23:15,7,125888.0
15518,4a5cf927-5e23-4267-926e-9463e171f71e,18/05/2015 09:23:15,22,125881.0
15519,4a5cf927-5e23-4267-926e-9463e171f71e,18/05/2015 08:23:15,146,125859.0
15520,4a5cf927-5e23-4267-926e-9463e171f71e,17/05/2015 20:05:41,0,125713.0
15521,4a5cf927-5e23-4267-926e-9463e171f71e,17/05/2015 19:05:41,0,125713.0
15522,4a5cf927-5e23-4267-926e-9463e171f71e,17/05/2015 18:05:41,3,125713.0
15523,4a5cf927-5e23-4267-926e-9463e171f71e,17/05/2015 17:05:41,8,125710.0
15524,4a5cf927-5e23-4267-926e-9463e171f71e,17/05/2015 16:05:38,0,125702.0
15525,4a5cf927-5e23-4267-926e-9463e171f71e,17/05/2015 15:05:38,0,125702.0
15526,4a5cf927-5e23-4267-926e-9463e171f71e,17/05/2015 14:05:38,0,125702.0
15527,4a5cf927-5e23-4267-926e-9463e171f71e,17/05/2015 13:05:38,0,125702.0
15528,4a5cf927-5e23-4267-926e-9463e171f71e,17/05/2015 12:05:40,0,125702.0
15529,4a5cf927-5e23-4267-926e-9463e171f71e,17/05/2015 11:05:40,0,125702.0
15530,4a5cf927-5e23-4267-926e-9463e171f71e,17/05/2015 10:05:40,0,125702.0
15531,4a5cf927-5e23-4267-926e-9463e171f71e,17/05/2015 09:05:40,0,125702.0
15532,4a5cf927-5e23-4267-926e-9463e171f71e,17/05/2015 08:05:25,3,125702.0
15533,4a5cf927-5e23-4267-926e-9463e171f71e,17/05/2015 07:05:25,0,125699.0
15534,4a5cf927-5e23-4267-926e-9463e171f71e,17/05/2015 06:05:25,2,125699.0
15535,4a5cf927-5e23-4267-926e-9463e171f71e,17/05/2015 05:05:25,1,125697.0
15536,4a5cf927-5e23-4267-926e-9463e171f71e,17/05/2015 04:05:41,30,125696.0
15537,4a5cf927-5e23-4267-926e-9463e171f71e,17/05/2015 03:05:41,63,125666.0
15538,4a5cf927-5e23-4267-926e-9463e171f71e,17/05/2015 02:05:41,0,125603.0
15539,4a5cf927-5e23-4267-926e-9463e171f71e,17/05/2015 01:05:41,0,125603.0
15540,4a5cf927-5e23-4267-926e-9463e171f71e,17/05/2015 00:05:42,0,125603.0
15541,4a5cf927-5e23-4267-926e-9463e171f71e,16/05/2015 23:05:42,0,125603.0
15542,4a5cf927-5e23-4267-926e-9463e171f71e,16/05/2015 22:05:42,1,125603.0
15543,4a5cf927-5e23-4267-926e-9463e171f71e,16/05/2015 21:05:42,20,125602.0
15544,4a5cf927-5e23-4267-926e-9463e171f71e,16/05/2015 20:15:13,13,125582.0
15545,4a5cf927-5e23-4267-926e-9463e171f71e,16/05/2015 19:15:13,0,125569.0
15546,4a5cf927-5e23-4267-926e-9463e171f71e,16/05/2015 18:15:13,0,125569.0
15547,4a5cf927-5e23-4267-926e-9463e171f71e,16/05/2015 17:15:13,0,125569.0
15548,4a5cf927-5e23-4267-926e-9463e171f71e,16/05/2015 16:15:17,0,125569.0
15549,4a5cf927-5e23-4267-926e-9463e171f71e,16/05/2015 15:15:17,0,125569.0
15550,4a5cf927-5e23-4267-926e-9463e171f71e,16/05/2015 14:15:17,0,125569.0
15551,4a5cf927-5e23-4267-926e-9463e171f71e,16/05/2015 13:15:17,18,125569.0
15552,4a5cf927-5e23-4267-926e-9463e171f71e,16/05/2015 12:15:15,8,125551.0
15553,4a5cf927-5e23-4267-926e-9463e171f71e,16/05/2015 11:15:15,0,125543.0
15554,4a5cf927-5e23-4267-926e-9463e171f71e,16/05/2015 10:15:15,14,125543.0
15555,4a5cf927-5e23-4267-926e-9463e171f71e,16/05/2015 09:15:15,108,125529.0
15556,4a5cf927-5e23-4267-926e-9463e171f71e,16/05/2015 01:08:01,0,125421.0
15557,4a5cf927-5e23-4267-926e-9463e171f71e,16/05/2015 00:08:01,10,125421.0
15558,4a5cf927-5e23-4267-926e-9463e171f71e,15/05/2015 23:23:22,0,125411.0
15559,4a5cf927-5e23-4267-926e-9463e171f71e,15/05/2015 22:23:22,12,125411.0
15560,4a5cf927-5e23-4267-926e-9463e171f71e,15/05/2015 21:23:22,0,125399.0
15561,4a5cf927-5e23-4267-926e-9463e171f71e,15/05/2015 20:23:22,0,125399.0
15562,4a5cf927-5e23-4267-926e-9463e171f71e,15/05/2015 19:23:20,0,125399.0
15563,4a5cf927-5e23-4267-926e-9463e171f71e,15/05/2015 18:23:20,4,125399.0
15564,4a5cf927-5e23-4267-926e-9463e171f71e,15/05/2015 17:23:20,14,125395.0
15565,4a5cf927-5e23-4267-926e-9463e171f71e,15/05/2015 16:23:20,249,125381.0
15566,4a5cf927-5e23-4267-926e-9463e171f71e,15/05/2015 07:23:21,0,125132.0
15567,4a5cf927-5e23-4267-926e-9463e171f71e,15/05/2015 06:23:21,1,125132.0
15568,4a5cf927-5e23-4267-926e-9463e171f71e,15/05/2015 05:23:21,0,125131.0
15569,4a5cf927-5e23-4267-926e-9463e171f71e,15/05/2015 04:23:21,0,125131.0
15570,4a5cf927-5e23-4267-926e-9463e171f71e,15/05/2015 03:23:22,0,125131.0
15571,4a5cf927-5e23-4267-926e-9463e171f71e,15/05/2015 02:23:22,0,125131.0
15572,4a5cf927-5e23-4267-926e-9463e171f71e,15/05/2015 01:23:22,4,125131.0
15573,4a5cf927-5e23-4267-926e-9463e171f71e,15/05/2015 00:23:22,54,125127.0
15574,4a5cf927-5e23-4267-926e-9463e171f71e,14/05/2015 15:23:34,2,125073.0
15575,4a5cf927-5e23-4267-926e-9463e171f71e,14/05/2015 14:23:34,18,125071.0
15576,4a5cf927-5e23-4267-926e-9463e171f71e,14/05/2015 13:23:34,0,125053.0
15577,4a5cf927-5e23-4267-926e-9463e171f71e,14/05/2015 12:23:34,0,125053.0
15578,4a5cf927-5e23-4267-926e-9463e171f71e,14/05/2015 11:23:24,74,125053.0
15579,4a5cf927-5e23-4267-926e-9463e171f71e,14/05/2015 10:23:24,16,124979.0
15580,4a5cf927-5e23-4267-926e-9463e171f71e,14/05/2015 09:23:24,12,124963.0
15581,4a5cf927-5e23-4267-926e-9463e171f71e,14/05/2015 08:23:24,10,124951.0
15582,4a5cf927-5e23-4267-926e-9463e171f71e,13/05/2015 23:23:28,3,124941.0
15583,4a5cf927-5e23-4267-926e-9463e171f71e,13/05/2015 22:23:28,9,124938.0
15584,4a5cf927-5e23-4267-926e-9463e171f71e,13/05/2015 21:23:28,0,124929.0
15585,4a5cf927-5e23-4267-926e-9463e171f71e,13/05/2015 20:23:28,0,124929.0
15586,4a5cf927-5e23-4267-926e-9463e171f71e,13/05/2015 19:23:26,0,124929.0
15587,4a5cf927-5e23-4267-926e-9463e171f71e,13/05/2015 18:23:26,0,124929.0
15588,4a5cf927-5e23-4267-926e-9463e171f71e,13/05/2015 17:23:26,27,124929.0
15589,4a5cf927-5e23-4267-926e-9463e171f71e,13/05/2015 16:23:26,18,124902.0
15590,4a5cf927-5e23-4267-926e-9463e171f71e,13/05/2015 15:23:24,63,124884.0
15591,4a5cf927-5e23-4267-926e-9463e171f71e,13/05/2015 14:23:24,5,124821.0
15592,4a5cf927-5e23-4267-926e-9463e171f71e,13/05/2015 13:23:24,1,124816.0
15593,4a5cf927-5e23-4267-926e-9463e171f71e,13/05/2015 12:23:24,5,124815.0
15594,4a5cf927-5e23-4267-926e-9463e171f71e,13/05/2015 11:23:28,78,124810.0
15595,4a5cf927-5e23-4267-926e-9463e171f71e,13/05/2015 10:23:28,43,124732.0
15596,4a5cf927-5e23-4267-926e-9463e171f71e,13/05/2015 09:23:28,11,124689.0
15597,4a5cf927-5e23-4267-926e-9463e171f71e,13/05/2015 08:23:28,1,124678.0
15598,4a5cf927-5e23-4267-926e-9463e171f71e,13/05/2015 07:23:25,0,124677.0
15599,4a5cf927-5e23-4267-926e-9463e171f71e,13/05/2015 06:23:25,0,124677.0
15600,4a5cf927-5e23-4267-926e-9463e171f71e,13/05/2015 05:23:25,0,124677.0
15601,4a5cf927-5e23-4267-926e-9463e171f71e,13/05/2015 04:23:25,0,124677.0
15602,4a5cf927-5e23-4267-926e-9463e171f71e,13/05/2015 03:23:27,1,124677.0
15603,4a5cf927-5e23-4267-926e-9463e171f71e,13/05/2015 02:23:27,0,124676.0
15604,4a5cf927-5e23-4267-926e-9463e171f71e,13/05/2015 01:23:27,2,124676.0
15605,4a5cf927-5e23-4267-926e-9463e171f71e,13/05/2015 00:23:27,4,124674.0
15606,4a5cf927-5e23-4267-926e-9463e171f71e,12/5/2015 23:23,1,124670.0
15607,4a5cf927-5e23-4267-926e-9463e171f71e,12/5/2015 22:23,12,124669.0
15608,4a5cf927-5e23-4267-926e-9463e171f71e,12/5/2015 21:23,0,124657.0
15609,4a5cf927-5e23-4267-926e-9463e171f71e,12/5/2015 20:23,17,124657.0
15610,4a5cf927-5e23-4267-926e-9463e171f71e,12/5/2015 15:23,75,124640.0
15611,4a5cf927-5e23-4267-926e-9463e171f71e,12/5/2015 14:23,27,124565.0
15612,4a5cf927-5e23-4267-926e-9463e171f71e,12/5/2015 13:23,0,124538.0
15613,4a5cf927-5e23-4267-926e-9463e171f71e,12/5/2015 12:23,1,124538.0
15614,4a5cf927-5e23-4267-926e-9463e171f71e,12/5/2015 11:23,35,124537.0
15615,4a5cf927-5e23-4267-926e-9463e171f71e,12/5/2015 10:23,67,124502.0
15616,4a5cf927-5e23-4267-926e-9463e171f71e,12/5/2015 9:23,7,124435.0
15617,4a5cf927-5e23-4267-926e-9463e171f71e,12/5/2015 8:23,0,124428.0
15618,4a5cf927-5e23-4267-926e-9463e171f71e,12/5/2015 7:23,0,124428.0
15619,4a5cf927-5e23-4267-926e-9463e171f71e,12/5/2015 6:23,0,124428.0
15620,4a5cf927-5e23-4267-926e-9463e171f71e,12/5/2015 5:23,0,124428.0
15621,4a5cf927-5e23-4267-926e-9463e171f71e,12/5/2015 4:23,0,124428.0
15622,4a5cf927-5e23-4267-926e-9463e171f71e,12/5/2015 3:23,0,124428.0
15623,4a5cf927-5e23-4267-926e-9463e171f71e,12/5/2015 2:23,0,124428.0
15624,4a5cf927-5e23-4267-926e-9463e171f71e,12/5/2015 1:23,5,124428.0
15625,4a5cf927-5e23-4267-926e-9463e171f71e,12/5/2015 0:23,0,124423.0
15626,4a5cf927-5e23-4267-926e-9463e171f71e,11/5/2015 23:23,1,124423.0
15627,4a5cf927-5e23-4267-926e-9463e171f71e,11/5/2015 22:23,7,124422.0
15628,4a5cf927-5e23-4267-926e-9463e171f71e,11/5/2015 21:23,5,124415.0
15629,4a5cf927-5e23-4267-926e-9463e171f71e,11/5/2015 20:23,0,124410.0
15630,4a5cf927-5e23-4267-926e-9463e171f71e,11/5/2015 19:23,0,124410.0
15631,4a5cf927-5e23-4267-926e-9463e171f71e,11/5/2015 18:23,1,124410.0
15632,4a5cf927-5e23-4267-926e-9463e171f71e,11/5/2015 17:23,3,124409.0
15633,4a5cf927-5e23-4267-926e-9463e171f71e,11/5/2015 16:23,15,124406.0
15634,4a5cf927-5e23-4267-926e-9463e171f71e,11/5/2015 15:23,16,124391.0
15635,4a5cf927-5e23-4267-926e-9463e171f71e,11/5/2015 14:23,60,124375.0
15636,4a5cf927-5e23-4267-926e-9463e171f71e,11/5/2015 13:23,0,124315.0
15637,4a5cf927-5e23-4267-926e-9463e171f71e,11/5/2015 12:23,11,124315.0
15638,4a5cf927-5e23-4267-926e-9463e171f71e,11/5/2015 11:23,24,124304.0
15639,4a5cf927-5e23-4267-926e-9463e171f71e,11/5/2015 10:23,93,124280.0
15640,4a5cf927-5e23-4267-926e-9463e171f71e,11/5/2015 9:23,11,124187.0
15641,4a5cf927-5e23-4267-926e-9463e171f71e,11/5/2015 8:23,0,124176.0
15642,4a5cf927-5e23-4267-926e-9463e171f71e,11/5/2015 7:23,0,124176.0
15643,4a5cf927-5e23-4267-926e-9463e171f71e,11/5/2015 6:23,0,124176.0
15644,4a5cf927-5e23-4267-926e-9463e171f71e,11/5/2015 5:23,0,124176.0
15645,4a5cf927-5e23-4267-926e-9463e171f71e,11/5/2015 4:23,0,124176.0
15646,4a5cf927-5e23-4267-926e-9463e171f71e,11/5/2015 3:23,0,124176.0
15647,4a5cf927-5e23-4267-926e-9463e171f71e,11/5/2015 2:23,0,124176.0
15648,4a5cf927-5e23-4267-926e-9463e171f71e,11/5/2015 1:23,0,124176.0
15649,4a5cf927-5e23-4267-926e-9463e171f71e,11/5/2015 0:23,0,124176.0
15650,4a5cf927-5e23-4267-926e-9463e171f71e,10/5/2015 23:23,0,124176.0
15651,4a5cf927-5e23-4267-926e-9463e171f71e,10/5/2015 22:23,10,124176.0
15652,4a5cf927-5e23-4267-926e-9463e171f71e,10/5/2015 21:23,13,124166.0
15653,4a5cf927-5e23-4267-926e-9463e171f71e,10/5/2015 20:23,0,124153.0
15654,4a5cf927-5e23-4267-926e-9463e171f71e,10/5/2015 19:23,0,124153.0
15655,4a5cf927-5e23-4267-926e-9463e171f71e,10/5/2015 18:23,0,124153.0
15656,4a5cf927-5e23-4267-926e-9463e171f71e,10/5/2015 17:23,0,124153.0
15657,4a5cf927-5e23-4267-926e-9463e171f71e,10/5/2015 16:23,0,124153.0
15658,4a5cf927-5e23-4267-926e-9463e171f71e,10/5/2015 15:23,0,124153.0
15659,4a5cf927-5e23-4267-926e-9463e171f71e,10/5/2015 14:23,0,124153.0
15660,4a5cf927-5e23-4267-926e-9463e171f71e,10/5/2015 13:23,0,124153.0
15661,4a5cf927-5e23-4267-926e-9463e171f71e,10/5/2015 12:23,0,124153.0
15662,4a5cf927-5e23-4267-926e-9463e171f71e,10/5/2015 11:23,0,124153.0
15663,4a5cf927-5e23-4267-926e-9463e171f71e,10/5/2015 10:23,0,124153.0
15664,4a5cf927-5e23-4267-926e-9463e171f71e,10/5/2015 9:23,0,124153.0
15665,4a5cf927-5e23-4267-926e-9463e171f71e,10/5/2015 8:23,1,124153.0
15666,4a5cf927-5e23-4267-926e-9463e171f71e,10/5/2015 7:23,0,124152.0
15667,4a5cf927-5e23-4267-926e-9463e171f71e,10/5/2015 6:23,0,124152.0
15668,4a5cf927-5e23-4267-926e-9463e171f71e,10/5/2015 5:23,0,124152.0
15669,4a5cf927-5e23-4267-926e-9463e171f71e,10/5/2015 4:23,0,124152.0
15670,4a5cf927-5e23-4267-926e-9463e171f71e,10/5/2015 3:23,0,124152.0
15671,4a5cf927-5e23-4267-926e-9463e171f71e,10/5/2015 2:23,0,124152.0
15672,4a5cf927-5e23-4267-926e-9463e171f71e,10/5/2015 1:23,0,124152.0
15673,4a5cf927-5e23-4267-926e-9463e171f71e,10/5/2015 0:23,0,124152.0
15674,4a5cf927-5e23-4267-926e-9463e171f71e,9/5/2015 23:23,0,124152.0
15675,4a5cf927-5e23-4267-926e-9463e171f71e,9/5/2015 22:23,0,124152.0
15676,4a5cf927-5e23-4267-926e-9463e171f71e,9/5/2015 21:23,0,124152.0
15677,4a5cf927-5e23-4267-926e-9463e171f71e,9/5/2015 20:23,0,124152.0
15678,4a5cf927-5e23-4267-926e-9463e171f71e,9/5/2015 19:23,0,124152.0
15679,4a5cf927-5e23-4267-926e-9463e171f71e,9/5/2015 18:23,0,124152.0
15680,4a5cf927-5e23-4267-926e-9463e171f71e,9/5/2015 17:23,0,124152.0
15681,4a5cf927-5e23-4267-926e-9463e171f71e,9/5/2015 16:23,0,124152.0
15682,4a5cf927-5e23-4267-926e-9463e171f71e,9/5/2015 15:23,0,124152.0
15683,4a5cf927-5e23-4267-926e-9463e171f71e,9/5/2015 14:23,0,124152.0
15684,4a5cf927-5e23-4267-926e-9463e171f71e,9/5/2015 13:23,0,124152.0
15685,4a5cf927-5e23-4267-926e-9463e171f71e,9/5/2015 12:23,0,124152.0
15686,4a5cf927-5e23-4267-926e-9463e171f71e,9/5/2015 11:23,0,124152.0
15687,4a5cf927-5e23-4267-926e-9463e171f71e,9/5/2015 10:23,1,124152.0
15688,4a5cf927-5e23-4267-926e-9463e171f71e,9/5/2015 9:23,0,124151.0
15689,4a5cf927-5e23-4267-926e-9463e171f71e,9/5/2015 8:23,0,124151.0
15690,4a5cf927-5e23-4267-926e-9463e171f71e,9/5/2015 7:23,0,124151.0
15691,4a5cf927-5e23-4267-926e-9463e171f71e,9/5/2015 6:23,0,124151.0
15692,4a5cf927-5e23-4267-926e-9463e171f71e,9/5/2015 5:23,0,124151.0
15693,4a5cf927-5e23-4267-926e-9463e171f71e,9/5/2015 4:23,0,124151.0
15694,4a5cf927-5e23-4267-926e-9463e171f71e,9/5/2015 3:23,0,124151.0
15695,4a5cf927-5e23-4267-926e-9463e171f71e,9/5/2015 2:23,0,124151.0
15696,4a5cf927-5e23-4267-926e-9463e171f71e,9/5/2015 1:23,0,124151.0
15697,4a5cf927-5e23-4267-926e-9463e171f71e,9/5/2015 0:23,0,124151.0
15698,4a5cf927-5e23-4267-926e-9463e171f71e,8/5/2015 23:23,0,124151.0
15699,4a5cf927-5e23-4267-926e-9463e171f71e,8/5/2015 22:23,0,124151.0
15700,4a5cf927-5e23-4267-926e-9463e171f71e,8/5/2015 21:23,0,124151.0
15701,4a5cf927-5e23-4267-926e-9463e171f71e,8/5/2015 20:23,0,124151.0
15702,4a5cf927-5e23-4267-926e-9463e171f71e,8/5/2015 19:23,0,124151.0
15703,4a5cf927-5e23-4267-926e-9463e171f71e,8/5/2015 18:23,0,124151.0
15704,4a5cf927-5e23-4267-926e-9463e171f71e,8/5/2015 17:23,4,124151.0
15705,4a5cf927-5e23-4267-926e-9463e171f71e,8/5/2015 16:23,76,124147.0
15706,4a5cf927-5e23-4267-926e-9463e171f71e,8/5/2015 15:23,14,124071.0
15707,4a5cf927-5e23-4267-926e-9463e171f71e,8/5/2015 14:23,90,124057.0
15708,4a5cf927-5e23-4267-926e-9463e171f71e,8/5/2015 13:23,1,123967.0
15709,4a5cf927-5e23-4267-926e-9463e171f71e,8/5/2015 12:23,0,123966.0
15710,4a5cf927-5e23-4267-926e-9463e171f71e,8/5/2015 11:23,42,123966.0
15711,4a5cf927-5e23-4267-926e-9463e171f71e,8/5/2015 10:23,27,123924.0
15712,4a5cf927-5e23-4267-926e-9463e171f71e,8/5/2015 9:23,15,123897.0
15713,4a5cf927-5e23-4267-926e-9463e171f71e,8/5/2015 8:23,3,123882.0
15714,4a5cf927-5e23-4267-926e-9463e171f71e,8/5/2015 7:23,0,123879.0
15715,4a5cf927-5e23-4267-926e-9463e171f71e,8/5/2015 6:23,0,123879.0
15716,4a5cf927-5e23-4267-926e-9463e171f71e,8/5/2015 5:23,0,123879.0
15717,4a5cf927-5e23-4267-926e-9463e171f71e,8/5/2015 4:23,0,123879.0
15718,4a5cf927-5e23-4267-926e-9463e171f71e,8/5/2015 3:23,2,123879.0
15719,4a5cf927-5e23-4267-926e-9463e171f71e,8/5/2015 2:23,0,123877.0
15720,4a5cf927-5e23-4267-926e-9463e171f71e,8/5/2015 1:23,22,123877.0
15721,4a5cf927-5e23-4267-926e-9463e171f71e,8/5/2015 0:23,21,123855.0
15722,4a5cf927-5e23-4267-926e-9463e171f71e,7/5/2015 23:23,4,123834.0
15723,4a5cf927-5e23-4267-926e-9463e171f71e,7/5/2015 22:23,80,123830.0
15724,4a5cf927-5e23-4267-926e-9463e171f71e,7/5/2015 21:23,3,123750.0
15725,4a5cf927-5e23-4267-926e-9463e171f71e,7/5/2015 20:23,0,123747.0
15726,4a5cf927-5e23-4267-926e-9463e171f71e,7/5/2015 19:23,0,123747.0
15727,4a5cf927-5e23-4267-926e-9463e171f71e,7/5/2015 18:23,0,123747.0
15728,4a5cf927-5e23-4267-926e-9463e171f71e,7/5/2015 17:23,2,123747.0
15729,4a5cf927-5e23-4267-926e-9463e171f71e,7/5/2015 16:23,13,123745.0
15730,4a5cf927-5e23-4267-926e-9463e171f71e,7/5/2015 15:23,18,123732.0
15731,4a5cf927-5e23-4267-926e-9463e171f71e,7/5/2015 14:23,16,123714.0
15732,4a5cf927-5e23-4267-926e-9463e171f71e,7/5/2015 13:23,1,123698.0
15733,4a5cf927-5e23-4267-926e-9463e171f71e,7/5/2015 12:23,0,123697.0
15734,4a5cf927-5e23-4267-926e-9463e171f71e,7/5/2015 11:23,19,123697.0
15735,4a5cf927-5e23-4267-926e-9463e171f71e,7/5/2015 10:23,109,123678.0
15736,4a5cf927-5e23-4267-926e-9463e171f71e,7/5/2015 9:23,75,123569.0
15737,4a5cf927-5e23-4267-926e-9463e171f71e,7/5/2015 8:23,6,123494.0
15738,4a5cf927-5e23-4267-926e-9463e171f71e,7/5/2015 7:23,0,123488.0
15739,4a5cf927-5e23-4267-926e-9463e171f71e,7/5/2015 6:23,0,123488.0
15740,4a5cf927-5e23-4267-926e-9463e171f71e,7/5/2015 5:23,0,123488.0
15741,4a5cf927-5e23-4267-926e-9463e171f71e,7/5/2015 4:23,2,123488.0
15742,4a5cf927-5e23-4267-926e-9463e171f71e,7/5/2015 3:23,0,123486.0
15743,4a5cf927-5e23-4267-926e-9463e171f71e,7/5/2015 2:23,2,123486.0
15744,4a5cf927-5e23-4267-926e-9463e171f71e,7/5/2015 1:23,0,123484.0
15745,4a5cf927-5e23-4267-926e-9463e171f71e,7/5/2015 0:23,16,123484.0
15746,4a5cf927-5e23-4267-926e-9463e171f71e,6/5/2015 23:23,75,123468.0
15747,4a5cf927-5e23-4267-926e-9463e171f71e,6/5/2015 22:23,5,123393.0
15748,4a5cf927-5e23-4267-926e-9463e171f71e,6/5/2015 21:23,0,123388.0
15749,4a5cf927-5e23-4267-926e-9463e171f71e,6/5/2015 20:23,39,123388.0
15750,4a5cf927-5e23-4267-926e-9463e171f71e,6/5/2015 15:23,34,123349.0
15751,4a5cf927-5e23-4267-926e-9463e171f71e,6/5/2015 14:23,13,123315.0
15752,4a5cf927-5e23-4267-926e-9463e171f71e,6/5/2015 13:23,16,123302.0
15753,4a5cf927-5e23-4267-926e-9463e171f71e,6/5/2015 12:23,79,123286.0
15754,4a5cf927-5e23-4267-926e-9463e171f71e,6/5/2015 11:23,0,123207.0
15755,4a5cf927-5e23-4267-926e-9463e171f71e,6/5/2015 10:23,32,123207.0
15756,4a5cf927-5e23-4267-926e-9463e171f71e,6/5/2015 9:23,5,123175.0
15757,4a5cf927-5e23-4267-926e-9463e171f71e,6/5/2015 8:23,0,123170.0
15758,4a5cf927-5e23-4267-926e-9463e171f71e,6/5/2015 7:23,0,123170.0
15759,4a5cf927-5e23-4267-926e-9463e171f71e,6/5/2015 6:23,0,123170.0
15760,4a5cf927-5e23-4267-926e-9463e171f71e,6/5/2015 5:23,0,123170.0
15761,4a5cf927-5e23-4267-926e-9463e171f71e,6/5/2015 4:23,0,123170.0
15762,4a5cf927-5e23-4267-926e-9463e171f71e,6/5/2015 3:23,0,123170.0
15763,4a5cf927-5e23-4267-926e-9463e171f71e,6/5/2015 2:23,0,123170.0
15764,4a5cf927-5e23-4267-926e-9463e171f71e,6/5/2015 1:23,7,123170.0
15765,4a5cf927-5e23-4267-926e-9463e171f71e,6/5/2015 0:23,14,123163.0
15766,4a5cf927-5e23-4267-926e-9463e171f71e,5/5/2015 19:23,0,123149.0
15767,4a5cf927-5e23-4267-926e-9463e171f71e,5/5/2015 18:23,4,123149.0
15768,4a5cf927-5e23-4267-926e-9463e171f71e,5/5/2015 17:23,8,123145.0
15769,4a5cf927-5e23-4267-926e-9463e171f71e,5/5/2015 16:23,12,123137.0
15770,4a5cf927-5e23-4267-926e-9463e171f71e,5/5/2015 15:23,1,123125.0
15771,4a5cf927-5e23-4267-926e-9463e171f71e,5/5/2015 14:23,99,123124.0
15772,4a5cf927-5e23-4267-926e-9463e171f71e,5/5/2015 13:23,71,123025.0
15773,4a5cf927-5e23-4267-926e-9463e171f71e,5/5/2015 12:23,162,122954.0
15774,4a5cf927-5e23-4267-926e-9463e171f71e,5/5/2015 3:23,0,122792.0
15775,4a5cf927-5e23-4267-926e-9463e171f71e,5/5/2015 2:23,0,122792.0
15776,4a5cf927-5e23-4267-926e-9463e171f71e,5/5/2015 1:23,9,122792.0
15777,4a5cf927-5e23-4267-926e-9463e171f71e,5/5/2015 0:23,35,122783.0
15778,4a5cf927-5e23-4267-926e-9463e171f71e,4/5/2015 19:23,0,122748.0
15779,4a5cf927-5e23-4267-926e-9463e171f71e,4/5/2015 18:23,15,122748.0
15780,4a5cf927-5e23-4267-926e-9463e171f71e,4/5/2015 17:23,11,122733.0
15781,4a5cf927-5e23-4267-926e-9463e171f71e,4/5/2015 16:23,6,122722.0
15782,4a5cf927-5e23-4267-926e-9463e171f71e,4/5/2015 15:23,4,122716.0
15783,4a5cf927-5e23-4267-926e-9463e171f71e,4/5/2015 14:23,6,122712.0
15784,4a5cf927-5e23-4267-926e-9463e171f71e,4/5/2015 13:23,24,122706.0
15785,4a5cf927-5e23-4267-926e-9463e171f71e,4/5/2015 12:23,73,122682.0
15786,4a5cf927-5e23-4267-926e-9463e171f71e,4/5/2015 11:23,11,122609.0
15787,4a5cf927-5e23-4267-926e-9463e171f71e,4/5/2015 10:23,48,122598.0
15788,4a5cf927-5e23-4267-926e-9463e171f71e,4/5/2015 9:23,4,122550.0
15789,4a5cf927-5e23-4267-926e-9463e171f71e,4/5/2015 8:23,0,122546.0
15790,4a5cf927-5e23-4267-926e-9463e171f71e,4/5/2015 7:23,0,122546.0
15791,4a5cf927-5e23-4267-926e-9463e171f71e,4/5/2015 6:23,5,122546.0
15792,4a5cf927-5e23-4267-926e-9463e171f71e,4/5/2015 5:23,2,122541.0
15793,4a5cf927-5e23-4267-926e-9463e171f71e,4/5/2015 4:23,0,122539.0
15794,4a5cf927-5e23-4267-926e-9463e171f71e,4/5/2015 3:23,1,122539.0
15795,4a5cf927-5e23-4267-926e-9463e171f71e,4/5/2015 2:23,0,122538.0
15796,4a5cf927-5e23-4267-926e-9463e171f71e,4/5/2015 1:23,1,122538.0
15797,4a5cf927-5e23-4267-926e-9463e171f71e,4/5/2015 0:23,15,122537.0
15798,4a5cf927-5e23-4267-926e-9463e171f71e,3/5/2015 23:23,129,122522.0
15799,4a5cf927-5e23-4267-926e-9463e171f71e,3/5/2015 22:23,175,122393.0
15800,4a5cf927-5e23-4267-926e-9463e171f71e,3/5/2015 21:23,171,122218.0
15801,4a5cf927-5e23-4267-926e-9463e171f71e,3/5/2015 20:23,193,122047.0
15802,4a5cf927-5e23-4267-926e-9463e171f71e,3/5/2015 19:23,194,121854.0
15803,4a5cf927-5e23-4267-926e-9463e171f71e,3/5/2015 18:23,191,121660.0
15804,4a5cf927-5e23-4267-926e-9463e171f71e,3/5/2015 17:23,191,121469.0
15805,4a5cf927-5e23-4267-926e-9463e171f71e,3/5/2015 16:23,710,121278.0
15806,4a5cf927-5e23-4267-926e-9463e171f71e,3/5/2015 11:23,13,120568.0
15807,4a5cf927-5e23-4267-926e-9463e171f71e,3/5/2015 10:23,15,120555.0
15808,4a5cf927-5e23-4267-926e-9463e171f71e,3/5/2015 9:23,16,120540.0
15809,4a5cf927-5e23-4267-926e-9463e171f71e,3/5/2015 8:23,0,120524.0
15810,4a5cf927-5e23-4267-926e-9463e171f71e,3/5/2015 3:23,2,120524.0
15811,4a5cf927-5e23-4267-926e-9463e171f71e,3/5/2015 2:23,0,120522.0
15812,4a5cf927-5e23-4267-926e-9463e171f71e,3/5/2015 1:23,13,120522.0
15813,4a5cf927-5e23-4267-926e-9463e171f71e,3/5/2015 0:23,41,120509.0
15814,4a5cf927-5e23-4267-926e-9463e171f71e,2/5/2015 19:23,0,120468.0
15815,4a5cf927-5e23-4267-926e-9463e171f71e,2/5/2015 18:23,1,120468.0
15816,4a5cf927-5e23-4267-926e-9463e171f71e,2/5/2015 17:23,3,120467.0
15817,4a5cf927-5e23-4267-926e-9463e171f71e,2/5/2015 16:23,5,120464.0
15818,4a5cf927-5e23-4267-926e-9463e171f71e,2/5/2015 15:23,27,120459.0
15819,4a5cf927-5e23-4267-926e-9463e171f71e,2/5/2015 14:23,8,120432.0
15820,4a5cf927-5e23-4267-926e-9463e171f71e,2/5/2015 13:23,13,120424.0
15821,4a5cf927-5e23-4267-926e-9463e171f71e,2/5/2015 12:23,26,120411.0
15822,4a5cf927-5e23-4267-926e-9463e171f71e,2/5/2015 11:23,83,120385.0
15823,4a5cf927-5e23-4267-926e-9463e171f71e,2/5/2015 10:23,12,120302.0
15824,4a5cf927-5e23-4267-926e-9463e171f71e,2/5/2015 9:23,11,120290.0
15825,4a5cf927-5e23-4267-926e-9463e171f71e,2/5/2015 8:23,0,120279.0
15826,4a5cf927-5e23-4267-926e-9463e171f71e,2/5/2015 7:23,0,120279.0
15827,4a5cf927-5e23-4267-926e-9463e171f71e,2/5/2015 6:23,0,120279.0
15828,4a5cf927-5e23-4267-926e-9463e171f71e,2/5/2015 5:23,0,120279.0
15829,4a5cf927-5e23-4267-926e-9463e171f71e,2/5/2015 4:23,0,120279.0
15830,4a5cf927-5e23-4267-926e-9463e171f71e,2/5/2015 3:23,0,120279.0
15831,4a5cf927-5e23-4267-926e-9463e171f71e,2/5/2015 2:23,1,120279.0
15832,4a5cf927-5e23-4267-926e-9463e171f71e,2/5/2015 1:23,12,120278.0
15833,4a5cf927-5e23-4267-926e-9463e171f71e,2/5/2015 0:23,4,120266.0
15834,4a5cf927-5e23-4267-926e-9463e171f71e,1/5/2015 19:23,9,120262.0
15835,4a5cf927-5e23-4267-926e-9463e171f71e,1/5/2015 18:23,16,120253.0
15836,4a5cf927-5e23-4267-926e-9463e171f71e,1/5/2015 17:23,2,120237.0
15837,4a5cf927-5e23-4267-926e-9463e171f71e,1/5/2015 16:23,26,120235.0
15838,4a5cf927-5e23-4267-926e-9463e171f71e,1/5/2015 15:23,68,120209.0
15839,4a5cf927-5e23-4267-926e-9463e171f71e,1/5/2015 14:23,0,120141.0
15840,4a5cf927-5e23-4267-926e-9463e171f71e,1/5/2015 13:23,4,120141.0
15841,4a5cf927-5e23-4267-926e-9463e171f71e,1/5/2015 12:23,24,120137.0
15842,4a5cf927-5e23-4267-926e-9463e171f71e,1/5/2015 11:23,12,120113.0
15843,4a5cf927-5e23-4267-926e-9463e171f71e,1/5/2015 10:23,0,120101.0
15844,4a5cf927-5e23-4267-926e-9463e171f71e,1/5/2015 9:23,0,120101.0
15845,4a5cf927-5e23-4267-926e-9463e171f71e,1/5/2015 8:23,0,120101.0
15846,4a5cf927-5e23-4267-926e-9463e171f71e,1/5/2015 7:23,0,120101.0
15847,4a5cf927-5e23-4267-926e-9463e171f71e,1/5/2015 6:23,0,120101.0
15848,4a5cf927-5e23-4267-926e-9463e171f71e,1/5/2015 5:23,0,120101.0
15849,4a5cf927-5e23-4267-926e-9463e171f71e,1/5/2015 4:23,1,120101.0
15850,4a5cf927-5e23-4267-926e-9463e171f71e,1/5/2015 3:23,0,120100.0
15851,4a5cf927-5e23-4267-926e-9463e171f71e,1/5/2015 2:23,0,120100.0
15852,4a5cf927-5e23-4267-926e-9463e171f71e,1/5/2015 1:23,1,120100.0
15853,4a5cf927-5e23-4267-926e-9463e171f71e,1/5/2015 0:23,23,120099.0
15854,4a5cf927-5e23-4267-926e-9463e171f71e,30/04/2015 19:23:59,1,120076.0
15855,4a5cf927-5e23-4267-926e-9463e171f71e,30/04/2015 18:23:59,17,120075.0
15856,4a5cf927-5e23-4267-926e-9463e171f71e,30/04/2015 17:23:59,0,120058.0
15857,4a5cf927-5e23-4267-926e-9463e171f71e,30/04/2015 16:23:59,9,120058.0
15858,4a5cf927-5e23-4267-926e-9463e171f71e,30/04/2015 15:23:56,5,120049.0
15859,4a5cf927-5e23-4267-926e-9463e171f71e,30/04/2015 14:23:56,29,120044.0
15860,4a5cf927-5e23-4267-926e-9463e171f71e,30/04/2015 13:23:56,11,120015.0
15861,4a5cf927-5e23-4267-926e-9463e171f71e,30/04/2015 12:23:56,3,120004.0
15862,4a5cf927-5e23-4267-926e-9463e171f71e,30/04/2015 11:23:58,30,120001.0
15863,4a5cf927-5e23-4267-926e-9463e171f71e,30/04/2015 10:23:58,23,119971.0
15864,4a5cf927-5e23-4267-926e-9463e171f71e,30/04/2015 09:23:58,23,119948.0
15865,4a5cf927-5e23-4267-926e-9463e171f71e,30/04/2015 08:23:58,72,119925.0
15866,4a5cf927-5e23-4267-926e-9463e171f71e,30/04/2015 07:23:57,0,119853.0
15867,4a5cf927-5e23-4267-926e-9463e171f71e,30/04/2015 06:23:57,0,119853.0
15868,4a5cf927-5e23-4267-926e-9463e171f71e,30/04/2015 05:23:57,0,119853.0
15869,4a5cf927-5e23-4267-926e-9463e171f71e,30/04/2015 04:23:57,11,119853.0
15870,4a5cf927-5e23-4267-926e-9463e171f71e,29/04/2015 23:23:57,3,119842.0
15871,4a5cf927-5e23-4267-926e-9463e171f71e,29/04/2015 22:23:57,9,119839.0
15872,4a5cf927-5e23-4267-926e-9463e171f71e,29/04/2015 21:23:57,4,119830.0
15873,4a5cf927-5e23-4267-926e-9463e171f71e,29/04/2015 20:23:57,0,119826.0
15874,4a5cf927-5e23-4267-926e-9463e171f71e,29/04/2015 19:23:59,7,119826.0
15875,4a5cf927-5e23-4267-926e-9463e171f71e,29/04/2015 18:23:59,0,119819.0
15876,4a5cf927-5e23-4267-926e-9463e171f71e,29/04/2015 17:23:59,12,119819.0
15877,4a5cf927-5e23-4267-926e-9463e171f71e,29/04/2015 16:23:59,12,119807.0
15878,4a5cf927-5e23-4267-926e-9463e171f71e,29/04/2015 11:24:00,9,119795.0
15879,4a5cf927-5e23-4267-926e-9463e171f71e,29/04/2015 10:24:00,19,119786.0
15880,4a5cf927-5e23-4267-926e-9463e171f71e,29/04/2015 09:24:00,38,119767.0
15881,4a5cf927-5e23-4267-926e-9463e171f71e,29/04/2015 08:24:00,89,119729.0
15882,4a5cf927-5e23-4267-926e-9463e171f71e,29/04/2015 03:24:01,0,119640.0
15883,4a5cf927-5e23-4267-926e-9463e171f71e,29/04/2015 02:24:01,0,119640.0
15884,4a5cf927-5e23-4267-926e-9463e171f71e,29/04/2015 01:24:01,0,119640.0
15885,4a5cf927-5e23-4267-926e-9463e171f71e,29/04/2015 00:24:01,7,119640.0
15886,4a5cf927-5e23-4267-926e-9463e171f71e,28/04/2015 23:24:01,8,119633.0
15887,4a5cf927-5e23-4267-926e-9463e171f71e,28/04/2015 22:24:01,7,119625.0
15888,4a5cf927-5e23-4267-926e-9463e171f71e,28/04/2015 21:24:01,4,119618.0
15889,4a5cf927-5e23-4267-926e-9463e171f71e,28/04/2015 20:24:01,0,119614.0
15890,4a5cf927-5e23-4267-926e-9463e171f71e,28/04/2015 19:24:03,9,119614.0
15891,4a5cf927-5e23-4267-926e-9463e171f71e,28/04/2015 18:24:03,0,119605.0
15892,4a5cf927-5e23-4267-926e-9463e171f71e,28/04/2015 17:24:03,10,119605.0
15893,4a5cf927-5e23-4267-926e-9463e171f71e,28/04/2015 16:24:03,4,119595.0
15894,4a5cf927-5e23-4267-926e-9463e171f71e,28/04/2015 15:24:02,12,119591.0
15895,4a5cf927-5e23-4267-926e-9463e171f71e,28/04/2015 14:24:02,0,119579.0
15896,4a5cf927-5e23-4267-926e-9463e171f71e,28/04/2015 13:24:02,0,119579.0
15897,4a5cf927-5e23-4267-926e-9463e171f71e,28/04/2015 12:24:02,7,119579.0
15898,4a5cf927-5e23-4267-926e-9463e171f71e,28/04/2015 11:24:04,10,119572.0
15899,4a5cf927-5e23-4267-926e-9463e171f71e,28/04/2015 10:24:04,23,119562.0
15900,4a5cf927-5e23-4267-926e-9463e171f71e,28/04/2015 09:24:04,174,119539.0
15901,4a5cf927-5e23-4267-926e-9463e171f71e,28/04/2015 08:24:04,0,119365.0
15902,4a5cf927-5e23-4267-926e-9463e171f71e,28/04/2015 07:24:03,1,119365.0
15903,4a5cf927-5e23-4267-926e-9463e171f71e,28/04/2015 06:24:03,0,119364.0
15904,4a5cf927-5e23-4267-926e-9463e171f71e,28/04/2015 05:24:03,0,119364.0
15905,4a5cf927-5e23-4267-926e-9463e171f71e,28/04/2015 04:24:03,73,119364.0
15906,4a5cf927-5e23-4267-926e-9463e171f71e,27/04/2015 15:24:03,7,119291.0
15907,4a5cf927-5e23-4267-926e-9463e171f71e,27/04/2015 14:24:03,0,119284.0
15908,4a5cf927-5e23-4267-926e-9463e171f71e,27/04/2015 13:24:03,10,119284.0
15909,4a5cf927-5e23-4267-926e-9463e171f71e,27/04/2015 12:24:03,0,119274.0
15910,4a5cf927-5e23-4267-926e-9463e171f71e,27/04/2015 11:24:05,13,119274.0
15911,4a5cf927-5e23-4267-926e-9463e171f71e,27/04/2015 10:24:05,15,119261.0
15912,4a5cf927-5e23-4267-926e-9463e171f71e,27/04/2015 09:24:05,11,119246.0
15913,4a5cf927-5e23-4267-926e-9463e171f71e,27/04/2015 08:24:05,104,119235.0
15914,4a5cf927-5e23-4267-926e-9463e171f71e,26/04/2015 23:24:07,2,119131.0
15915,4a5cf927-5e23-4267-926e-9463e171f71e,26/04/2015 22:24:07,6,119129.0
15916,4a5cf927-5e23-4267-926e-9463e171f71e,26/04/2015 21:24:07,1,119123.0
15917,4a5cf927-5e23-4267-926e-9463e171f71e,26/04/2015 20:24:07,0,119122.0
15918,4a5cf927-5e23-4267-926e-9463e171f71e,26/04/2015 19:24:06,3,119122.0
15919,4a5cf927-5e23-4267-926e-9463e171f71e,26/04/2015 18:24:06,4,119119.0
15920,4a5cf927-5e23-4267-926e-9463e171f71e,26/04/2015 17:24:06,3,119115.0
15921,4a5cf927-5e23-4267-926e-9463e171f71e,26/04/2015 16:24:06,44,119112.0
15922,4a5cf927-5e23-4267-926e-9463e171f71e,26/04/2015 11:24:08,46,119068.0
15923,4a5cf927-5e23-4267-926e-9463e171f71e,26/04/2015 10:24:08,116,119022.0
15924,4a5cf927-5e23-4267-926e-9463e171f71e,26/04/2015 09:24:08,7,118906.0
15925,4a5cf927-5e23-4267-926e-9463e171f71e,26/04/2015 08:24:08,4,118899.0
15926,4a5cf927-5e23-4267-926e-9463e171f71e,26/04/2015 07:24:06,0,118895.0
15927,4a5cf927-5e23-4267-926e-9463e171f71e,26/04/2015 06:24:06,0,118895.0
15928,4a5cf927-5e23-4267-926e-9463e171f71e,26/04/2015 05:24:06,0,118895.0
15929,4a5cf927-5e23-4267-926e-9463e171f71e,26/04/2015 04:24:06,0,118895.0
15930,4a5cf927-5e23-4267-926e-9463e171f71e,26/04/2015 03:24:09,1,118895.0
15931,4a5cf927-5e23-4267-926e-9463e171f71e,26/04/2015 02:24:09,0,118894.0
15932,4a5cf927-5e23-4267-926e-9463e171f71e,26/04/2015 01:24:09,1,118894.0
15933,4a5cf927-5e23-4267-926e-9463e171f71e,26/04/2015 00:24:09,7,118893.0
15934,4a5cf927-5e23-4267-926e-9463e171f71e,25/04/2015 23:23:54,4,118886.0
15935,4a5cf927-5e23-4267-926e-9463e171f71e,25/04/2015 22:23:54,7,118882.0
15936,4a5cf927-5e23-4267-926e-9463e171f71e,25/04/2015 21:23:54,3,118875.0
15937,4a5cf927-5e23-4267-926e-9463e171f71e,25/04/2015 20:23:54,7,118872.0
15938,4a5cf927-5e23-4267-926e-9463e171f71e,25/04/2015 15:23:54,16,118865.0
15939,4a5cf927-5e23-4267-926e-9463e171f71e,25/04/2015 14:23:54,9,118849.0
15940,4a5cf927-5e23-4267-926e-9463e171f71e,25/04/2015 13:23:54,4,118840.0
15941,4a5cf927-5e23-4267-926e-9463e171f71e,25/04/2015 12:23:54,48,118836.0
15942,4a5cf927-5e23-4267-926e-9463e171f71e,25/04/2015 11:23:56,31,118788.0
15943,4a5cf927-5e23-4267-926e-9463e171f71e,25/04/2015 10:23:56,9,118757.0
15944,4a5cf927-5e23-4267-926e-9463e171f71e,25/04/2015 09:23:56,14,118748.0
15945,4a5cf927-5e23-4267-926e-9463e171f71e,25/04/2015 08:23:56,74,118734.0
15946,4a5cf927-5e23-4267-926e-9463e171f71e,25/04/2015 07:23:55,0,118660.0
15947,4a5cf927-5e23-4267-926e-9463e171f71e,25/04/2015 06:23:55,0,118660.0
15948,4a5cf927-5e23-4267-926e-9463e171f71e,25/04/2015 05:23:55,0,118660.0
15949,4a5cf927-5e23-4267-926e-9463e171f71e,25/04/2015 04:23:55,42,118660.0
15950,4a5cf927-5e23-4267-926e-9463e171f71e,24/04/2015 23:24:09,7,118618.0
15951,4a5cf927-5e23-4267-926e-9463e171f71e,24/04/2015 22:24:09,4,118611.0
15952,4a5cf927-5e23-4267-926e-9463e171f71e,24/04/2015 21:24:09,9,118607.0
15953,4a5cf927-5e23-4267-926e-9463e171f71e,24/04/2015 20:24:09,5,118598.0
15954,4a5cf927-5e23-4267-926e-9463e171f71e,24/04/2015 19:24:11,0,118593.0
15955,4a5cf927-5e23-4267-926e-9463e171f71e,24/04/2015 18:24:11,5,118593.0
15956,4a5cf927-5e23-4267-926e-9463e171f71e,24/04/2015 17:24:11,0,118588.0
15957,4a5cf927-5e23-4267-926e-9463e171f71e,24/04/2015 16:24:11,4,118588.0
15958,4a5cf927-5e23-4267-926e-9463e171f71e,24/04/2015 14:48:45,9,118584.0
15959,4a5cf927-5e23-4267-926e-9463e171f71e,24/04/2015 13:48:45,2,118575.0
15960,4a5cf927-5e23-4267-926e-9463e171f71e,24/04/2015 12:48:45,12,118573.0
15961,4a5cf927-5e23-4267-926e-9463e171f71e,24/04/2015 11:48:45,10,118561.0
15962,4a5cf927-5e23-4267-926e-9463e171f71e,24/04/2015 11:24:14,31,118551.0
15963,4a5cf927-5e23-4267-926e-9463e171f71e,24/04/2015 10:24:14,40,118520.0
15964,4a5cf927-5e23-4267-926e-9463e171f71e,24/04/2015 09:24:14,3,118480.0
15965,4a5cf927-5e23-4267-926e-9463e171f71e,24/04/2015 08:24:14,98,118477.0
15966,4a5cf927-5e23-4267-926e-9463e171f71e,24/04/2015 07:24:11,0,118379.0
15967,4a5cf927-5e23-4267-926e-9463e171f71e,24/04/2015 06:24:11,0,118379.0
15968,4a5cf927-5e23-4267-926e-9463e171f71e,24/04/2015 05:24:11,0,118379.0
15969,4a5cf927-5e23-4267-926e-9463e171f71e,24/04/2015 04:24:11,0,118379.0
15970,4a5cf927-5e23-4267-926e-9463e171f71e,24/04/2015 03:24:12,0,118379.0
15971,4a5cf927-5e23-4267-926e-9463e171f71e,24/04/2015 02:24:12,1,118379.0
15972,4a5cf927-5e23-4267-926e-9463e171f71e,24/04/2015 01:24:12,5,118378.0
15973,4a5cf927-5e23-4267-926e-9463e171f71e,24/04/2015 00:24:12,0,118373.0
15974,4a5cf927-5e23-4267-926e-9463e171f71e,23/04/2015 23:24:13,6,118373.0
15975,4a5cf927-5e23-4267-926e-9463e171f71e,23/04/2015 22:24:13,10,118367.0
15976,4a5cf927-5e23-4267-926e-9463e171f71e,23/04/2015 21:24:13,0,118357.0
15977,4a5cf927-5e23-4267-926e-9463e171f71e,23/04/2015 20:24:13,0,118357.0
15978,4a5cf927-5e23-4267-926e-9463e171f71e,23/04/2015 19:24:24,0,118357.0
15979,4a5cf927-5e23-4267-926e-9463e171f71e,23/04/2015 18:24:24,0,118357.0
15980,4a5cf927-5e23-4267-926e-9463e171f71e,23/04/2015 17:24:24,1,118357.0
15981,4a5cf927-5e23-4267-926e-9463e171f71e,23/04/2015 16:24:24,25,118356.0
15982,4a5cf927-5e23-4267-926e-9463e171f71e,23/04/2015 15:24:13,23,118331.0
15983,4a5cf927-5e23-4267-926e-9463e171f71e,23/04/2015 14:24:13,10,118308.0
15984,4a5cf927-5e23-4267-926e-9463e171f71e,23/04/2015 13:24:13,74,118298.0
15985,4a5cf927-5e23-4267-926e-9463e171f71e,23/04/2015 12:24:13,8,118224.0
15986,4a5cf927-5e23-4267-926e-9463e171f71e,23/04/2015 11:24:15,18,118216.0
15987,4a5cf927-5e23-4267-926e-9463e171f71e,23/04/2015 10:24:15,13,118198.0
15988,4a5cf927-5e23-4267-926e-9463e171f71e,23/04/2015 09:24:15,18,118185.0
15989,4a5cf927-5e23-4267-926e-9463e171f71e,23/04/2015 08:24:15,77,118167.0
15990,4a5cf927-5e23-4267-926e-9463e171f71e,23/04/2015 07:24:15,0,118090.0
15991,4a5cf927-5e23-4267-926e-9463e171f71e,23/04/2015 06:24:15,0,118090.0
15992,4a5cf927-5e23-4267-926e-9463e171f71e,23/04/2015 05:24:15,0,118090.0
15993,4a5cf927-5e23-4267-926e-9463e171f71e,23/04/2015 04:24:15,0,118090.0
15994,4a5cf927-5e23-4267-926e-9463e171f71e,23/04/2015 03:24:30,0,118090.0
15995,4a5cf927-5e23-4267-926e-9463e171f71e,23/04/2015 02:24:30,0,118090.0
15996,4a5cf927-5e23-4267-926e-9463e171f71e,23/04/2015 01:24:30,0,118090.0
15997,4a5cf927-5e23-4267-926e-9463e171f71e,23/04/2015 00:24:30,7,118090.0
15998,4a5cf927-5e23-4267-926e-9463e171f71e,22/04/2015 23:01:04,0,118083.0
15999,4a5cf927-5e23-4267-926e-9463e171f71e,22/04/2015 22:01:04,8,118083.0
16000,4a5cf927-5e23-4267-926e-9463e171f71e,22/04/2015 21:01:04,0,118075.0
16001,4a5cf927-5e23-4267-926e-9463e171f71e,22/04/2015 20:01:04,1,118075.0
16002,4a5cf927-5e23-4267-926e-9463e171f71e,22/04/2015 19:01:07,10,118074.0
16003,4a5cf927-5e23-4267-926e-9463e171f71e,22/04/2015 18:01:07,7,118064.0
16004,4a5cf927-5e23-4267-926e-9463e171f71e,22/04/2015 17:01:07,1,118057.0
16005,4a5cf927-5e23-4267-926e-9463e171f71e,22/04/2015 16:01:07,248,118056.0
16006,4a5cf927-5e23-4267-926e-9463e171f71e,21/04/2015 18:42:33,0,117808.0
16007,4a5cf927-5e23-4267-926e-9463e171f71e,21/04/2015 17:42:33,13,117808.0
16008,4a5cf927-5e23-4267-926e-9463e171f71e,21/04/2015 16:42:33,1,117795.0
16009,4a5cf927-5e23-4267-926e-9463e171f71e,21/04/2015 15:42:33,584,117794.0
16010,4a5cf927-5e23-4267-926e-9463e171f71e,18/04/2015 23:24:25,1,117210.0
16011,4a5cf927-5e23-4267-926e-9463e171f71e,18/04/2015 22:24:25,0,117209.0
16012,4a5cf927-5e23-4267-926e-9463e171f71e,18/04/2015 21:24:25,0,117209.0
16013,4a5cf927-5e23-4267-926e-9463e171f71e,18/04/2015 20:24:25,1,117209.0
16014,4a5cf927-5e23-4267-926e-9463e171f71e,18/04/2015 19:24:29,0,117208.0
16015,4a5cf927-5e23-4267-926e-9463e171f71e,18/04/2015 18:24:29,0,117208.0
16016,4a5cf927-5e23-4267-926e-9463e171f71e,18/04/2015 17:24:29,0,117208.0
16017,4a5cf927-5e23-4267-926e-9463e171f71e,18/04/2015 16:24:29,83,117208.0
16018,4a5cf927-5e23-4267-926e-9463e171f71e,18/04/2015 11:24:27,11,117125.0
16019,4a5cf927-5e23-4267-926e-9463e171f71e,18/04/2015 10:24:27,118,117114.0
16020,4a5cf927-5e23-4267-926e-9463e171f71e,18/04/2015 09:24:27,0,116996.0
16021,4a5cf927-5e23-4267-926e-9463e171f71e,18/04/2015 08:24:27,4,116996.0
16022,4a5cf927-5e23-4267-926e-9463e171f71e,18/04/2015 07:24:25,0,116992.0
16023,4a5cf927-5e23-4267-926e-9463e171f71e,18/04/2015 06:24:25,0,116992.0
16024,4a5cf927-5e23-4267-926e-9463e171f71e,18/04/2015 05:24:25,0,116992.0
16025,4a5cf927-5e23-4267-926e-9463e171f71e,18/04/2015 04:24:25,7,116992.0
16026,4a5cf927-5e23-4267-926e-9463e171f71e,17/04/2015 23:24:26,2,116985.0
16027,4a5cf927-5e23-4267-926e-9463e171f71e,17/04/2015 22:24:26,9,116983.0
16028,4a5cf927-5e23-4267-926e-9463e171f71e,17/04/2015 21:24:26,0,116974.0
16029,4a5cf927-5e23-4267-926e-9463e171f71e,17/04/2015 20:24:26,0,116974.0
16030,4a5cf927-5e23-4267-926e-9463e171f71e,17/04/2015 19:24:29,5,116974.0
16031,4a5cf927-5e23-4267-926e-9463e171f71e,17/04/2015 18:24:29,1,116969.0
16032,4a5cf927-5e23-4267-926e-9463e171f71e,17/04/2015 17:24:29,5,116968.0
16033,4a5cf927-5e23-4267-926e-9463e171f71e,17/04/2015 16:24:29,27,116963.0
16034,4a5cf927-5e23-4267-926e-9463e171f71e,17/04/2015 15:24:27,4,116936.0
16035,4a5cf927-5e23-4267-926e-9463e171f71e,17/04/2015 14:24:27,3,116932.0
16036,4a5cf927-5e23-4267-926e-9463e171f71e,17/04/2015 13:24:27,1,116929.0
16037,4a5cf927-5e23-4267-926e-9463e171f71e,17/04/2015 12:24:27,95,116928.0
16038,4a5cf927-5e23-4267-926e-9463e171f71e,17/04/2015 11:24:28,17,116833.0
16039,4a5cf927-5e23-4267-926e-9463e171f71e,17/04/2015 10:24:28,29,116816.0
16040,4a5cf927-5e23-4267-926e-9463e171f71e,17/04/2015 09:24:28,0,116787.0
16041,4a5cf927-5e23-4267-926e-9463e171f71e,17/04/2015 08:24:28,4,116787.0
16042,4a5cf927-5e23-4267-926e-9463e171f71e,17/04/2015 07:24:28,0,116783.0
16043,4a5cf927-5e23-4267-926e-9463e171f71e,17/04/2015 06:24:28,0,116783.0
16044,4a5cf927-5e23-4267-926e-9463e171f71e,17/04/2015 05:24:28,0,116783.0
16045,4a5cf927-5e23-4267-926e-9463e171f71e,17/04/2015 04:24:28,0,116783.0
16046,4a5cf927-5e23-4267-926e-9463e171f71e,17/04/2015 03:24:29,0,116783.0
16047,4a5cf927-5e23-4267-926e-9463e171f71e,17/04/2015 02:24:29,0,116783.0
16048,4a5cf927-5e23-4267-926e-9463e171f71e,17/04/2015 01:24:29,4,116783.0
16049,4a5cf927-5e23-4267-926e-9463e171f71e,17/04/2015 00:24:29,2,116779.0
16050,4a5cf927-5e23-4267-926e-9463e171f71e,16/04/2015 23:24:31,6,116777.0
16051,4a5cf927-5e23-4267-926e-9463e171f71e,16/04/2015 22:24:31,7,116771.0
16052,4a5cf927-5e23-4267-926e-9463e171f71e,16/04/2015 21:24:31,51,116764.0
16053,4a5cf927-5e23-4267-926e-9463e171f71e,16/04/2015 20:24:31,17,116713.0
16054,4a5cf927-5e23-4267-926e-9463e171f71e,16/04/2015 15:24:30,0,116696.0
16055,4a5cf927-5e23-4267-926e-9463e171f71e,16/04/2015 14:24:30,7,116696.0
16056,4a5cf927-5e23-4267-926e-9463e171f71e,16/04/2015 13:24:30,23,116689.0
16057,4a5cf927-5e23-4267-926e-9463e171f71e,16/04/2015 12:24:30,248,116666.0
16058,4a5cf927-5e23-4267-926e-9463e171f71e,16/04/2015 07:24:31,19,116418.0
16059,4a5cf927-5e23-4267-926e-9463e171f71e,16/04/2015 06:24:31,0,116399.0
16060,4a5cf927-5e23-4267-926e-9463e171f71e,16/04/2015 05:24:31,0,116399.0
16061,4a5cf927-5e23-4267-926e-9463e171f71e,16/04/2015 04:24:31,1,116399.0
16062,4a5cf927-5e23-4267-926e-9463e171f71e,16/04/2015 03:24:33,0,116398.0
16063,4a5cf927-5e23-4267-926e-9463e171f71e,16/04/2015 02:24:33,0,116398.0
16064,4a5cf927-5e23-4267-926e-9463e171f71e,16/04/2015 01:24:33,0,116398.0
16065,4a5cf927-5e23-4267-926e-9463e171f71e,16/04/2015 00:24:33,7,116398.0
16066,4a5cf927-5e23-4267-926e-9463e171f71e,15/04/2015 23:24:31,41,116391.0
16067,4a5cf927-5e23-4267-926e-9463e171f71e,15/04/2015 22:24:31,0,116350.0
16068,4a5cf927-5e23-4267-926e-9463e171f71e,15/04/2015 21:24:31,0,116350.0
16069,4a5cf927-5e23-4267-926e-9463e171f71e,15/04/2015 20:24:31,0,116350.0
16070,4a5cf927-5e23-4267-926e-9463e171f71e,15/04/2015 19:24:33,9,116350.0
16071,4a5cf927-5e23-4267-926e-9463e171f71e,15/04/2015 18:24:33,0,116341.0
16072,4a5cf927-5e23-4267-926e-9463e171f71e,15/04/2015 17:24:33,16,116341.0
16073,4a5cf927-5e23-4267-926e-9463e171f71e,15/04/2015 16:24:33,119,116325.0
16074,4a5cf927-5e23-4267-926e-9463e171f71e,15/04/2015 11:24:40,13,116206.0
16075,4a5cf927-5e23-4267-926e-9463e171f71e,15/04/2015 10:24:40,23,116193.0
16076,4a5cf927-5e23-4267-926e-9463e171f71e,15/04/2015 09:24:40,0,116170.0
16077,4a5cf927-5e23-4267-926e-9463e171f71e,15/04/2015 08:24:40,6,116170.0
16078,4a5cf927-5e23-4267-926e-9463e171f71e,15/04/2015 07:24:33,0,116164.0
16079,4a5cf927-5e23-4267-926e-9463e171f71e,15/04/2015 06:24:33,0,116164.0
16080,4a5cf927-5e23-4267-926e-9463e171f71e,15/04/2015 05:24:33,0,116164.0
16081,4a5cf927-5e23-4267-926e-9463e171f71e,15/04/2015 04:24:33,0,116164.0
16082,4a5cf927-5e23-4267-926e-9463e171f71e,15/04/2015 03:24:34,0,116164.0
16083,4a5cf927-5e23-4267-926e-9463e171f71e,15/04/2015 02:24:34,0,116164.0
16084,4a5cf927-5e23-4267-926e-9463e171f71e,15/04/2015 01:24:34,11,116164.0
16085,4a5cf927-5e23-4267-926e-9463e171f71e,15/04/2015 00:24:34,12,116153.0
16086,4a5cf927-5e23-4267-926e-9463e171f71e,14/04/2015 23:24:34,17,116141.0
16087,4a5cf927-5e23-4267-926e-9463e171f71e,14/04/2015 22:24:34,6,116124.0
16088,4a5cf927-5e23-4267-926e-9463e171f71e,14/04/2015 21:24:34,5,116118.0
16089,4a5cf927-5e23-4267-926e-9463e171f71e,14/04/2015 20:24:34,1,116113.0
16090,4a5cf927-5e23-4267-926e-9463e171f71e,14/04/2015 19:24:36,2,116112.0
16091,4a5cf927-5e23-4267-926e-9463e171f71e,14/04/2015 18:24:36,21,116110.0
16092,4a5cf927-5e23-4267-926e-9463e171f71e,14/04/2015 17:24:36,1,116089.0
16093,4a5cf927-5e23-4267-926e-9463e171f71e,14/04/2015 16:24:36,0,116088.0
16094,4a5cf927-5e23-4267-926e-9463e171f71e,14/04/2015 15:24:36,0,116088.0
16095,4a5cf927-5e23-4267-926e-9463e171f71e,14/04/2015 14:24:36,0,116088.0
16096,4a5cf927-5e23-4267-926e-9463e171f71e,14/04/2015 13:24:36,6,116088.0
16097,4a5cf927-5e23-4267-926e-9463e171f71e,14/04/2015 12:24:36,79,116082.0
16098,4a5cf927-5e23-4267-926e-9463e171f71e,14/04/2015 11:24:38,13,116003.0
16099,4a5cf927-5e23-4267-926e-9463e171f71e,14/04/2015 10:24:38,18,115990.0
16100,4a5cf927-5e23-4267-926e-9463e171f71e,14/04/2015 09:24:38,7,115972.0
16101,4a5cf927-5e23-4267-926e-9463e171f71e,14/04/2015 08:24:38,96,115965.0
16102,4a5cf927-5e23-4267-926e-9463e171f71e,14/04/2015 07:24:36,0,115869.0
16103,4a5cf927-5e23-4267-926e-9463e171f71e,14/04/2015 06:24:36,0,115869.0
16104,4a5cf927-5e23-4267-926e-9463e171f71e,14/04/2015 05:24:36,0,115869.0
16105,4a5cf927-5e23-4267-926e-9463e171f71e,14/04/2015 04:24:36,0,115869.0
16106,4a5cf927-5e23-4267-926e-9463e171f71e,14/04/2015 03:24:38,0,115869.0
16107,4a5cf927-5e23-4267-926e-9463e171f71e,14/04/2015 02:24:38,0,115869.0
16108,4a5cf927-5e23-4267-926e-9463e171f71e,14/04/2015 01:24:38,0,115869.0
16109,4a5cf927-5e23-4267-926e-9463e171f71e,14/04/2015 00:24:38,28,115869.0
16110,4a5cf927-5e23-4267-926e-9463e171f71e,13/04/2015 23:24:36,4,115841.0
16111,4a5cf927-5e23-4267-926e-9463e171f71e,13/04/2015 22:24:36,15,115837.0
16112,4a5cf927-5e23-4267-926e-9463e171f71e,13/04/2015 21:24:36,22,115822.0
16113,4a5cf927-5e23-4267-926e-9463e171f71e,13/04/2015 20:24:36,0,115800.0
16114,4a5cf927-5e23-4267-926e-9463e171f71e,13/04/2015 19:24:38,0,115800.0
16115,4a5cf927-5e23-4267-926e-9463e171f71e,13/04/2015 18:24:38,15,115800.0
16116,4a5cf927-5e23-4267-926e-9463e171f71e,13/04/2015 17:24:38,7,115785.0
16117,4a5cf927-5e23-4267-926e-9463e171f71e,13/04/2015 16:24:38,16,115778.0
16118,4a5cf927-5e23-4267-926e-9463e171f71e,13/04/2015 15:24:37,16,115762.0
16119,4a5cf927-5e23-4267-926e-9463e171f71e,13/04/2015 14:24:37,1,115746.0
16120,4a5cf927-5e23-4267-926e-9463e171f71e,13/04/2015 13:24:37,0,115745.0
16121,4a5cf927-5e23-4267-926e-9463e171f71e,13/04/2015 12:24:37,159,115745.0
16122,4a5cf927-5e23-4267-926e-9463e171f71e,13/04/2015 07:24:37,0,115586.0
16123,4a5cf927-5e23-4267-926e-9463e171f71e,13/04/2015 06:24:37,0,115586.0
16124,4a5cf927-5e23-4267-926e-9463e171f71e,13/04/2015 05:24:37,0,115586.0
16125,4a5cf927-5e23-4267-926e-9463e171f71e,13/04/2015 04:24:37,0,115586.0
16126,4a5cf927-5e23-4267-926e-9463e171f71e,13/04/2015 03:24:39,0,115586.0
16127,4a5cf927-5e23-4267-926e-9463e171f71e,13/04/2015 02:24:39,0,115586.0
16128,4a5cf927-5e23-4267-926e-9463e171f71e,13/04/2015 01:24:39,1,115586.0
16129,4a5cf927-5e23-4267-926e-9463e171f71e,13/04/2015 00:24:39,48,115585.0
16130,4a5cf927-5e23-4267-926e-9463e171f71e,12/4/2015 23:24,5,115537.0
16131,4a5cf927-5e23-4267-926e-9463e171f71e,12/4/2015 22:24,27,115532.0
16132,4a5cf927-5e23-4267-926e-9463e171f71e,12/4/2015 21:24,0,115505.0
16133,4a5cf927-5e23-4267-926e-9463e171f71e,12/4/2015 20:24,0,115505.0
16134,4a5cf927-5e23-4267-926e-9463e171f71e,12/4/2015 19:24,0,115505.0
16135,4a5cf927-5e23-4267-926e-9463e171f71e,12/4/2015 18:24,1,115505.0
16136,4a5cf927-5e23-4267-926e-9463e171f71e,12/4/2015 17:24,0,115504.0
16137,4a5cf927-5e23-4267-926e-9463e171f71e,12/4/2015 16:24,0,115504.0
16138,4a5cf927-5e23-4267-926e-9463e171f71e,12/4/2015 15:24,8,115504.0
16139,4a5cf927-5e23-4267-926e-9463e171f71e,12/4/2015 14:24,0,115496.0
16140,4a5cf927-5e23-4267-926e-9463e171f71e,12/4/2015 13:24,1,115496.0
16141,4a5cf927-5e23-4267-926e-9463e171f71e,12/4/2015 12:24,129,115495.0
16142,4a5cf927-5e23-4267-926e-9463e171f71e,12/4/2015 7:24,0,115366.0
16143,4a5cf927-5e23-4267-926e-9463e171f71e,12/4/2015 6:24,0,115366.0
16144,4a5cf927-5e23-4267-926e-9463e171f71e,12/4/2015 5:24,0,115366.0
16145,4a5cf927-5e23-4267-926e-9463e171f71e,12/4/2015 4:24,0,115366.0
16146,4a5cf927-5e23-4267-926e-9463e171f71e,12/4/2015 3:24,3,115366.0
16147,4a5cf927-5e23-4267-926e-9463e171f71e,12/4/2015 2:24,0,115363.0
16148,4a5cf927-5e23-4267-926e-9463e171f71e,12/4/2015 1:24,0,115363.0
16149,4a5cf927-5e23-4267-926e-9463e171f71e,12/4/2015 0:24,1,115363.0
16150,4a5cf927-5e23-4267-926e-9463e171f71e,11/4/2015 23:24,18,115362.0
16151,4a5cf927-5e23-4267-926e-9463e171f71e,11/4/2015 22:24,1,115344.0
16152,4a5cf927-5e23-4267-926e-9463e171f71e,11/4/2015 21:24,0,115343.0
16153,4a5cf927-5e23-4267-926e-9463e171f71e,11/4/2015 20:24,0,115343.0
16154,4a5cf927-5e23-4267-926e-9463e171f71e,11/4/2015 19:24,0,115343.0
16155,4a5cf927-5e23-4267-926e-9463e171f71e,11/4/2015 18:24,0,115343.0
16156,4a5cf927-5e23-4267-926e-9463e171f71e,11/4/2015 17:24,0,115343.0
16157,4a5cf927-5e23-4267-926e-9463e171f71e,11/4/2015 16:24,6,115343.0
16158,4a5cf927-5e23-4267-926e-9463e171f71e,11/4/2015 15:24,11,115337.0
16159,4a5cf927-5e23-4267-926e-9463e171f71e,11/4/2015 14:24,13,115326.0
16160,4a5cf927-5e23-4267-926e-9463e171f71e,11/4/2015 13:24,1,115313.0
16161,4a5cf927-5e23-4267-926e-9463e171f71e,11/4/2015 12:24,180,115312.0
16162,4a5cf927-5e23-4267-926e-9463e171f71e,11/4/2015 7:24,0,115132.0
16163,4a5cf927-5e23-4267-926e-9463e171f71e,11/4/2015 6:24,0,115132.0
16164,4a5cf927-5e23-4267-926e-9463e171f71e,11/4/2015 5:24,0,115132.0
16165,4a5cf927-5e23-4267-926e-9463e171f71e,11/4/2015 4:24,1,115132.0
16166,4a5cf927-5e23-4267-926e-9463e171f71e,11/4/2015 3:24,0,115131.0
16167,4a5cf927-5e23-4267-926e-9463e171f71e,11/4/2015 2:24,0,115131.0
16168,4a5cf927-5e23-4267-926e-9463e171f71e,11/4/2015 1:24,0,115131.0
16169,4a5cf927-5e23-4267-926e-9463e171f71e,11/4/2015 0:24,3,115131.0
16170,4a5cf927-5e23-4267-926e-9463e171f71e,10/4/2015 23:24,21,115128.0
16171,4a5cf927-5e23-4267-926e-9463e171f71e,10/4/2015 22:24,6,115107.0
16172,4a5cf927-5e23-4267-926e-9463e171f71e,10/4/2015 21:24,4,115101.0
16173,4a5cf927-5e23-4267-926e-9463e171f71e,10/4/2015 20:24,0,115097.0
16174,4a5cf927-5e23-4267-926e-9463e171f71e,10/4/2015 19:24,3,115097.0
16175,4a5cf927-5e23-4267-926e-9463e171f71e,10/4/2015 18:24,1,115094.0
16176,4a5cf927-5e23-4267-926e-9463e171f71e,10/4/2015 17:24,0,115093.0
16177,4a5cf927-5e23-4267-926e-9463e171f71e,10/4/2015 16:24,28,115093.0
16178,4a5cf927-5e23-4267-926e-9463e171f71e,10/4/2015 11:24,39,115065.0
16179,4a5cf927-5e23-4267-926e-9463e171f71e,10/4/2015 10:24,22,115026.0
16180,4a5cf927-5e23-4267-926e-9463e171f71e,10/4/2015 9:24,12,115004.0
16181,4a5cf927-5e23-4267-926e-9463e171f71e,10/4/2015 8:24,77,114992.0
16182,4a5cf927-5e23-4267-926e-9463e171f71e,10/4/2015 7:24,0,114915.0
16183,4a5cf927-5e23-4267-926e-9463e171f71e,10/4/2015 6:24,0,114915.0
16184,4a5cf927-5e23-4267-926e-9463e171f71e,10/4/2015 5:24,0,114915.0
16185,4a5cf927-5e23-4267-926e-9463e171f71e,10/4/2015 4:24,0,114915.0
16186,4a5cf927-5e23-4267-926e-9463e171f71e,10/4/2015 3:24,0,114915.0
16187,4a5cf927-5e23-4267-926e-9463e171f71e,10/4/2015 2:24,1,114915.0
16188,4a5cf927-5e23-4267-926e-9463e171f71e,10/4/2015 1:24,8,114914.0
16189,4a5cf927-5e23-4267-926e-9463e171f71e,10/4/2015 0:24,0,114906.0
16190,4a5cf927-5e23-4267-926e-9463e171f71e,9/4/2015 23:24,0,114906.0
16191,4a5cf927-5e23-4267-926e-9463e171f71e,9/4/2015 22:24,0,114906.0
16192,4a5cf927-5e23-4267-926e-9463e171f71e,9/4/2015 21:24,0,114906.0
16193,4a5cf927-5e23-4267-926e-9463e171f71e,9/4/2015 20:24,18,114906.0
16194,4a5cf927-5e23-4267-926e-9463e171f71e,9/4/2015 19:24,40,114888.0
16195,4a5cf927-5e23-4267-926e-9463e171f71e,9/4/2015 18:24,8,114848.0
16196,4a5cf927-5e23-4267-926e-9463e171f71e,9/4/2015 17:24,15,114840.0
16197,4a5cf927-5e23-4267-926e-9463e171f71e,9/4/2015 16:24,9,114825.0
16198,4a5cf927-5e23-4267-926e-9463e171f71e,9/4/2015 15:24,9,114816.0
16199,4a5cf927-5e23-4267-926e-9463e171f71e,9/4/2015 14:24,0,114807.0
16200,4a5cf927-5e23-4267-926e-9463e171f71e,9/4/2015 13:24,0,114807.0
16201,4a5cf927-5e23-4267-926e-9463e171f71e,9/4/2015 12:24,190,114807.0
16202,4a5cf927-5e23-4267-926e-9463e171f71e,9/4/2015 7:24,1,114617.0
16203,4a5cf927-5e23-4267-926e-9463e171f71e,9/4/2015 6:24,1,114616.0
16204,4a5cf927-5e23-4267-926e-9463e171f71e,9/4/2015 5:24,0,114615.0
16205,4a5cf927-5e23-4267-926e-9463e171f71e,9/4/2015 4:24,0,114615.0
16206,4a5cf927-5e23-4267-926e-9463e171f71e,9/4/2015 3:24,0,114615.0
16207,4a5cf927-5e23-4267-926e-9463e171f71e,9/4/2015 2:24,0,114615.0
16208,4a5cf927-5e23-4267-926e-9463e171f71e,9/4/2015 1:24,1,114615.0
16209,4a5cf927-5e23-4267-926e-9463e171f71e,9/4/2015 0:24,2,114614.0
16210,4a5cf927-5e23-4267-926e-9463e171f71e,8/4/2015 23:24,6,114612.0
16211,4a5cf927-5e23-4267-926e-9463e171f71e,8/4/2015 22:24,10,114606.0
16212,4a5cf927-5e23-4267-926e-9463e171f71e,8/4/2015 21:24,0,114596.0
16213,4a5cf927-5e23-4267-926e-9463e171f71e,8/4/2015 20:24,0,114596.0
16214,4a5cf927-5e23-4267-926e-9463e171f71e,8/4/2015 19:24,0,114596.0
16215,4a5cf927-5e23-4267-926e-9463e171f71e,8/4/2015 18:24,15,114596.0
16216,4a5cf927-5e23-4267-926e-9463e171f71e,8/4/2015 17:24,4,114581.0
16217,4a5cf927-5e23-4267-926e-9463e171f71e,8/4/2015 16:24,11,114577.0
16218,4a5cf927-5e23-4267-926e-9463e171f71e,8/4/2015 15:24,3,114566.0
16219,4a5cf927-5e23-4267-926e-9463e171f71e,8/4/2015 14:24,4,114563.0
16220,4a5cf927-5e23-4267-926e-9463e171f71e,8/4/2015 13:24,2,114559.0
16221,4a5cf927-5e23-4267-926e-9463e171f71e,8/4/2015 12:24,4,114557.0
16222,4a5cf927-5e23-4267-926e-9463e171f71e,8/4/2015 11:24,10,114553.0
16223,4a5cf927-5e23-4267-926e-9463e171f71e,8/4/2015 10:24,66,114543.0
16224,4a5cf927-5e23-4267-926e-9463e171f71e,8/4/2015 9:24,14,114477.0
16225,4a5cf927-5e23-4267-926e-9463e171f71e,8/4/2015 8:24,94,114463.0
16226,4a5cf927-5e23-4267-926e-9463e171f71e,8/4/2015 7:24,0,114369.0
16227,4a5cf927-5e23-4267-926e-9463e171f71e,8/4/2015 6:24,0,114369.0
16228,4a5cf927-5e23-4267-926e-9463e171f71e,8/4/2015 5:24,0,114369.0
16229,4a5cf927-5e23-4267-926e-9463e171f71e,8/4/2015 4:24,0,114369.0
16230,4a5cf927-5e23-4267-926e-9463e171f71e,8/4/2015 3:24,0,114369.0
16231,4a5cf927-5e23-4267-926e-9463e171f71e,8/4/2015 2:24,0,114369.0
16232,4a5cf927-5e23-4267-926e-9463e171f71e,8/4/2015 1:24,0,114369.0
16233,4a5cf927-5e23-4267-926e-9463e171f71e,8/4/2015 0:24,6,114369.0
16234,4a5cf927-5e23-4267-926e-9463e171f71e,7/4/2015 23:24,0,114363.0
16235,4a5cf927-5e23-4267-926e-9463e171f71e,7/4/2015 22:24,8,114363.0
16236,4a5cf927-5e23-4267-926e-9463e171f71e,7/4/2015 21:24,0,114355.0
16237,4a5cf927-5e23-4267-926e-9463e171f71e,7/4/2015 20:24,35,114355.0
16238,4a5cf927-5e23-4267-926e-9463e171f71e,7/4/2015 15:24,9,114320.0
16239,4a5cf927-5e23-4267-926e-9463e171f71e,7/4/2015 14:24,0,114311.0
16240,4a5cf927-5e23-4267-926e-9463e171f71e,7/4/2015 13:24,0,114311.0
16241,4a5cf927-5e23-4267-926e-9463e171f71e,7/4/2015 12:24,0,114311.0
16242,4a5cf927-5e23-4267-926e-9463e171f71e,7/4/2015 11:25,13,114311.0
16243,4a5cf927-5e23-4267-926e-9463e171f71e,7/4/2015 10:25,26,114298.0
16244,4a5cf927-5e23-4267-926e-9463e171f71e,7/4/2015 9:25,47,114272.0
16245,4a5cf927-5e23-4267-926e-9463e171f71e,7/4/2015 8:25,93,114225.0
16246,4a5cf927-5e23-4267-926e-9463e171f71e,7/4/2015 7:24,0,114132.0
16247,4a5cf927-5e23-4267-926e-9463e171f71e,7/4/2015 6:24,0,114132.0
16248,4a5cf927-5e23-4267-926e-9463e171f71e,7/4/2015 5:24,0,114132.0
16249,4a5cf927-5e23-4267-926e-9463e171f71e,7/4/2015 4:24,0,114132.0
16250,4a5cf927-5e23-4267-926e-9463e171f71e,7/4/2015 3:24,0,114132.0
16251,4a5cf927-5e23-4267-926e-9463e171f71e,7/4/2015 2:24,0,114132.0
16252,4a5cf927-5e23-4267-926e-9463e171f71e,7/4/2015 1:24,0,114132.0
16253,4a5cf927-5e23-4267-926e-9463e171f71e,7/4/2015 0:24,4,114132.0
16254,4a5cf927-5e23-4267-926e-9463e171f71e,6/4/2015 23:24,14,114128.0
16255,4a5cf927-5e23-4267-926e-9463e171f71e,6/4/2015 22:24,11,114114.0
16256,4a5cf927-5e23-4267-926e-9463e171f71e,6/4/2015 21:24,17,114103.0
16257,4a5cf927-5e23-4267-926e-9463e171f71e,6/4/2015 20:24,20,114086.0
16258,4a5cf927-5e23-4267-926e-9463e171f71e,6/4/2015 19:24,6,114066.0
16259,4a5cf927-5e23-4267-926e-9463e171f71e,6/4/2015 18:24,0,114060.0
16260,4a5cf927-5e23-4267-926e-9463e171f71e,6/4/2015 17:24,0,114060.0
16261,4a5cf927-5e23-4267-926e-9463e171f71e,6/4/2015 16:24,0,114060.0
16262,4a5cf927-5e23-4267-926e-9463e171f71e,6/4/2015 15:24,0,114060.0
16263,4a5cf927-5e23-4267-926e-9463e171f71e,6/4/2015 14:24,56,114060.0
16264,4a5cf927-5e23-4267-926e-9463e171f71e,6/4/2015 13:24,9,114004.0
16265,4a5cf927-5e23-4267-926e-9463e171f71e,6/4/2015 12:24,16,113995.0
16266,4a5cf927-5e23-4267-926e-9463e171f71e,6/4/2015 11:24,34,113979.0
16267,4a5cf927-5e23-4267-926e-9463e171f71e,6/4/2015 10:24,79,113945.0
16268,4a5cf927-5e23-4267-926e-9463e171f71e,6/4/2015 9:24,29,113866.0
16269,4a5cf927-5e23-4267-926e-9463e171f71e,6/4/2015 8:24,0,113837.0
16270,4a5cf927-5e23-4267-926e-9463e171f71e,6/4/2015 7:24,0,113837.0
16271,4a5cf927-5e23-4267-926e-9463e171f71e,6/4/2015 6:24,0,113837.0
16272,4a5cf927-5e23-4267-926e-9463e171f71e,6/4/2015 5:24,0,113837.0
16273,4a5cf927-5e23-4267-926e-9463e171f71e,6/4/2015 4:24,0,113837.0
16274,4a5cf927-5e23-4267-926e-9463e171f71e,6/4/2015 3:24,0,113837.0
16275,4a5cf927-5e23-4267-926e-9463e171f71e,6/4/2015 2:24,0,113837.0
16276,4a5cf927-5e23-4267-926e-9463e171f71e,6/4/2015 1:24,0,113837.0
16277,4a5cf927-5e23-4267-926e-9463e171f71e,6/4/2015 0:24,7,113837.0
16278,4a5cf927-5e23-4267-926e-9463e171f71e,5/4/2015 23:25,0,113830.0
16279,4a5cf927-5e23-4267-926e-9463e171f71e,5/4/2015 22:25,0,113830.0
16280,4a5cf927-5e23-4267-926e-9463e171f71e,5/4/2015 21:25,0,113830.0
16281,4a5cf927-5e23-4267-926e-9463e171f71e,5/4/2015 20:25,0,113830.0
16282,4a5cf927-5e23-4267-926e-9463e171f71e,5/4/2015 19:24,8,113830.0
16283,4a5cf927-5e23-4267-926e-9463e171f71e,5/4/2015 18:24,0,113822.0
16284,4a5cf927-5e23-4267-926e-9463e171f71e,5/4/2015 17:24,4,113822.0
16285,4a5cf927-5e23-4267-926e-9463e171f71e,5/4/2015 16:24,6,113818.0
16286,4a5cf927-5e23-4267-926e-9463e171f71e,5/4/2015 15:24,0,113812.0
16287,4a5cf927-5e23-4267-926e-9463e171f71e,5/4/2015 14:24,0,113812.0
16288,4a5cf927-5e23-4267-926e-9463e171f71e,5/4/2015 13:24,0,113812.0
16289,4a5cf927-5e23-4267-926e-9463e171f71e,5/4/2015 12:24,23,113812.0
16290,4a5cf927-5e23-4267-926e-9463e171f71e,5/4/2015 11:25,71,113789.0
16291,4a5cf927-5e23-4267-926e-9463e171f71e,5/4/2015 10:25,23,113718.0
16292,4a5cf927-5e23-4267-926e-9463e171f71e,5/4/2015 9:25,0,113695.0
16293,4a5cf927-5e23-4267-926e-9463e171f71e,5/4/2015 8:25,13,113695.0
16294,4a5cf927-5e23-4267-926e-9463e171f71e,5/4/2015 7:24,0,113682.0
16295,4a5cf927-5e23-4267-926e-9463e171f71e,5/4/2015 6:24,0,113682.0
16296,4a5cf927-5e23-4267-926e-9463e171f71e,5/4/2015 5:24,0,113682.0
16297,4a5cf927-5e23-4267-926e-9463e171f71e,5/4/2015 4:24,14,113682.0
16298,4a5cf927-5e23-4267-926e-9463e171f71e,5/4/2015 3:25,0,113668.0
16299,4a5cf927-5e23-4267-926e-9463e171f71e,5/4/2015 2:25,0,113668.0
16300,4a5cf927-5e23-4267-926e-9463e171f71e,5/4/2015 1:25,1,113668.0
16301,4a5cf927-5e23-4267-926e-9463e171f71e,5/4/2015 0:25,16,113667.0
16302,4a5cf927-5e23-4267-926e-9463e171f71e,4/4/2015 23:24,6,113651.0
16303,4a5cf927-5e23-4267-926e-9463e171f71e,4/4/2015 22:24,0,113645.0
16304,4a5cf927-5e23-4267-926e-9463e171f71e,4/4/2015 21:24,0,113645.0
16305,4a5cf927-5e23-4267-926e-9463e171f71e,4/4/2015 20:24,17,113645.0
16306,4a5cf927-5e23-4267-926e-9463e171f71e,4/4/2015 15:25,3,113628.0
16307,4a5cf927-5e23-4267-926e-9463e171f71e,4/4/2015 14:25,5,113625.0
16308,4a5cf927-5e23-4267-926e-9463e171f71e,4/4/2015 13:25,0,113620.0
16309,4a5cf927-5e23-4267-926e-9463e171f71e,4/4/2015 12:25,61,113620.0
16310,4a5cf927-5e23-4267-926e-9463e171f71e,4/4/2015 11:25,34,113559.0
16311,4a5cf927-5e23-4267-926e-9463e171f71e,4/4/2015 10:25,81,113525.0
16312,4a5cf927-5e23-4267-926e-9463e171f71e,4/4/2015 9:25,6,113444.0
16313,4a5cf927-5e23-4267-926e-9463e171f71e,4/4/2015 8:25,0,113438.0
16314,4a5cf927-5e23-4267-926e-9463e171f71e,4/4/2015 7:25,1,113438.0
16315,4a5cf927-5e23-4267-926e-9463e171f71e,4/4/2015 6:25,0,113437.0
16316,4a5cf927-5e23-4267-926e-9463e171f71e,4/4/2015 5:25,0,113437.0
16317,4a5cf927-5e23-4267-926e-9463e171f71e,4/4/2015 4:25,30,113437.0
16318,4a5cf927-5e23-4267-926e-9463e171f71e,3/4/2015 19:25,0,113407.0
16319,4a5cf927-5e23-4267-926e-9463e171f71e,3/4/2015 18:25,0,113407.0
16320,4a5cf927-5e23-4267-926e-9463e171f71e,3/4/2015 17:25,11,113407.0
16321,4a5cf927-5e23-4267-926e-9463e171f71e,3/4/2015 16:25,1,113396.0
16322,4a5cf927-5e23-4267-926e-9463e171f71e,3/4/2015 15:25,0,113395.0
16323,4a5cf927-5e23-4267-926e-9463e171f71e,3/4/2015 14:25,0,113395.0
16324,4a5cf927-5e23-4267-926e-9463e171f71e,3/4/2015 13:25,1,113395.0
16325,4a5cf927-5e23-4267-926e-9463e171f71e,3/4/2015 12:25,0,113394.0
16326,4a5cf927-5e23-4267-926e-9463e171f71e,3/4/2015 11:25,17,113394.0
16327,4a5cf927-5e23-4267-926e-9463e171f71e,3/4/2015 10:25,22,113377.0
16328,4a5cf927-5e23-4267-926e-9463e171f71e,3/4/2015 9:25,76,113355.0
16329,4a5cf927-5e23-4267-926e-9463e171f71e,3/4/2015 8:25,0,113279.0
16330,4a5cf927-5e23-4267-926e-9463e171f71e,3/4/2015 7:25,0,113279.0
16331,4a5cf927-5e23-4267-926e-9463e171f71e,3/4/2015 6:25,0,113279.0
16332,4a5cf927-5e23-4267-926e-9463e171f71e,3/4/2015 5:25,0,113279.0
16333,4a5cf927-5e23-4267-926e-9463e171f71e,3/4/2015 4:25,0,113279.0
16334,4a5cf927-5e23-4267-926e-9463e171f71e,3/4/2015 3:25,8,113279.0
16335,4a5cf927-5e23-4267-926e-9463e171f71e,3/4/2015 2:25,5,113271.0
16336,4a5cf927-5e23-4267-926e-9463e171f71e,3/4/2015 1:25,0,113266.0
16337,4a5cf927-5e23-4267-926e-9463e171f71e,3/4/2015 0:25,0,113266.0
16338,4a5cf927-5e23-4267-926e-9463e171f71e,2/4/2015 23:25,0,113266.0
16339,4a5cf927-5e23-4267-926e-9463e171f71e,2/4/2015 22:25,0,113266.0
16340,4a5cf927-5e23-4267-926e-9463e171f71e,2/4/2015 21:25,0,113266.0
16341,4a5cf927-5e23-4267-926e-9463e171f71e,2/4/2015 20:25,1,113266.0
16342,4a5cf927-5e23-4267-926e-9463e171f71e,2/4/2015 19:25,22,113265.0
16343,4a5cf927-5e23-4267-926e-9463e171f71e,2/4/2015 18:25,61,113243.0
16344,4a5cf927-5e23-4267-926e-9463e171f71e,2/4/2015 17:25,17,113182.0
16345,4a5cf927-5e23-4267-926e-9463e171f71e,2/4/2015 16:25,26,113165.0
16346,4a5cf927-5e23-4267-926e-9463e171f71e,2/4/2015 15:25,3,113139.0
16347,4a5cf927-5e23-4267-926e-9463e171f71e,2/4/2015 14:25,0,113136.0
16348,4a5cf927-5e23-4267-926e-9463e171f71e,2/4/2015 13:25,0,113136.0
16349,4a5cf927-5e23-4267-926e-9463e171f71e,2/4/2015 12:25,12,113136.0
16350,4a5cf927-5e23-4267-926e-9463e171f71e,2/4/2015 11:25,21,113124.0
16351,4a5cf927-5e23-4267-926e-9463e171f71e,2/4/2015 10:25,72,113103.0
16352,4a5cf927-5e23-4267-926e-9463e171f71e,2/4/2015 9:25,14,113031.0
16353,4a5cf927-5e23-4267-926e-9463e171f71e,2/4/2015 8:25,0,113017.0
16354,4a5cf927-5e23-4267-926e-9463e171f71e,2/4/2015 7:25,0,113017.0
16355,4a5cf927-5e23-4267-926e-9463e171f71e,2/4/2015 6:25,0,113017.0
16356,4a5cf927-5e23-4267-926e-9463e171f71e,2/4/2015 5:25,1,113017.0
16357,4a5cf927-5e23-4267-926e-9463e171f71e,2/4/2015 4:25,50,113016.0
16358,4a5cf927-5e23-4267-926e-9463e171f71e,1/4/2015 19:25,2,112966.0
16359,4a5cf927-5e23-4267-926e-9463e171f71e,1/4/2015 18:25,0,112964.0
16360,4a5cf927-5e23-4267-926e-9463e171f71e,1/4/2015 17:25,32,112964.0
16361,4a5cf927-5e23-4267-926e-9463e171f71e,1/4/2015 16:25,7,112932.0
16362,4a5cf927-5e23-4267-926e-9463e171f71e,1/4/2015 15:25,16,112925.0
16363,4a5cf927-5e23-4267-926e-9463e171f71e,1/4/2015 14:25,5,112909.0
16364,4a5cf927-5e23-4267-926e-9463e171f71e,1/4/2015 13:25,0,112904.0
16365,4a5cf927-5e23-4267-926e-9463e171f71e,1/4/2015 12:25,159,112904.0
16366,4a5cf927-5e23-4267-926e-9463e171f71e,1/4/2015 7:25,0,112745.0
16367,4a5cf927-5e23-4267-926e-9463e171f71e,1/4/2015 6:25,0,112745.0
16368,4a5cf927-5e23-4267-926e-9463e171f71e,1/4/2015 5:25,0,112745.0
16369,4a5cf927-5e23-4267-926e-9463e171f71e,1/4/2015 4:25,0,112745.0
16370,4a5cf927-5e23-4267-926e-9463e171f71e,1/4/2015 3:25,0,112745.0
16371,4a5cf927-5e23-4267-926e-9463e171f71e,1/4/2015 2:25,0,112745.0
16372,4a5cf927-5e23-4267-926e-9463e171f71e,1/4/2015 1:25,4,112745.0
16373,4a5cf927-5e23-4267-926e-9463e171f71e,1/4/2015 0:25,4,112741.0
16374,4a5cf927-5e23-4267-926e-9463e171f71e,31/03/2015 23:25:10,18,112737.0
16375,4a5cf927-5e23-4267-926e-9463e171f71e,31/03/2015 22:25:10,9,112719.0
16376,4a5cf927-5e23-4267-926e-9463e171f71e,31/03/2015 21:25:10,0,112710.0
16377,4a5cf927-5e23-4267-926e-9463e171f71e,31/03/2015 20:25:10,2,112710.0
16378,4a5cf927-5e23-4267-926e-9463e171f71e,31/03/2015 19:25:09,19,112708.0
16379,4a5cf927-5e23-4267-926e-9463e171f71e,31/03/2015 18:25:09,1,112689.0
16380,4a5cf927-5e23-4267-926e-9463e171f71e,31/03/2015 17:25:09,7,112688.0
16381,4a5cf927-5e23-4267-926e-9463e171f71e,31/03/2015 16:25:09,9,112681.0
16382,4a5cf927-5e23-4267-926e-9463e171f71e,31/03/2015 15:25:07,14,112672.0
16383,4a5cf927-5e23-4267-926e-9463e171f71e,31/03/2015 14:25:07,8,112658.0
16384,4a5cf927-5e23-4267-926e-9463e171f71e,31/03/2015 13:25:07,7,112650.0
16385,4a5cf927-5e23-4267-926e-9463e171f71e,31/03/2015 12:25:07,0,112643.0
16386,4a5cf927-5e23-4267-926e-9463e171f71e,31/03/2015 11:25:10,22,112643.0
16387,4a5cf927-5e23-4267-926e-9463e171f71e,31/03/2015 10:25:10,123,112621.0
16388,4a5cf927-5e23-4267-926e-9463e171f71e,31/03/2015 09:25:10,76,112498.0
16389,4a5cf927-5e23-4267-926e-9463e171f71e,31/03/2015 08:25:10,0,112422.0
16390,4a5cf927-5e23-4267-926e-9463e171f71e,31/03/2015 07:25:10,0,112422.0
16391,4a5cf927-5e23-4267-926e-9463e171f71e,31/03/2015 06:25:10,0,112422.0
16392,4a5cf927-5e23-4267-926e-9463e171f71e,31/03/2015 05:25:10,0,112422.0
16393,4a5cf927-5e23-4267-926e-9463e171f71e,31/03/2015 04:25:10,0,112422.0
16394,4a5cf927-5e23-4267-926e-9463e171f71e,31/03/2015 03:25:10,0,112422.0
16395,4a5cf927-5e23-4267-926e-9463e171f71e,31/03/2015 02:25:10,0,112422.0
16396,4a5cf927-5e23-4267-926e-9463e171f71e,31/03/2015 01:25:10,3,112422.0
16397,4a5cf927-5e23-4267-926e-9463e171f71e,31/03/2015 00:25:10,6,112419.0
16398,4a5cf927-5e23-4267-926e-9463e171f71e,30/03/2015 23:25:09,7,112413.0
16399,4a5cf927-5e23-4267-926e-9463e171f71e,30/03/2015 22:25:09,1,112406.0
16400,4a5cf927-5e23-4267-926e-9463e171f71e,30/03/2015 21:25:09,3,112405.0
16401,4a5cf927-5e23-4267-926e-9463e171f71e,30/03/2015 20:25:09,10,112402.0
16402,4a5cf927-5e23-4267-926e-9463e171f71e,30/03/2015 19:25:11,2,112392.0
16403,4a5cf927-5e23-4267-926e-9463e171f71e,30/03/2015 18:25:11,10,112390.0
16404,4a5cf927-5e23-4267-926e-9463e171f71e,30/03/2015 17:25:11,16,112380.0
16405,4a5cf927-5e23-4267-926e-9463e171f71e,30/03/2015 16:25:11,45,112364.0
16406,4a5cf927-5e23-4267-926e-9463e171f71e,30/03/2015 11:25:12,26,112319.0
16407,4a5cf927-5e23-4267-926e-9463e171f71e,30/03/2015 10:25:12,77,112293.0
16408,4a5cf927-5e23-4267-926e-9463e171f71e,30/03/2015 09:25:12,0,112216.0
16409,4a5cf927-5e23-4267-926e-9463e171f71e,30/03/2015 08:25:12,1,112216.0
16410,4a5cf927-5e23-4267-926e-9463e171f71e,30/03/2015 07:25:11,0,112215.0
16411,4a5cf927-5e23-4267-926e-9463e171f71e,30/03/2015 06:25:11,0,112215.0
16412,4a5cf927-5e23-4267-926e-9463e171f71e,30/03/2015 05:25:11,0,112215.0
16413,4a5cf927-5e23-4267-926e-9463e171f71e,30/03/2015 04:25:11,0,112215.0
16414,4a5cf927-5e23-4267-926e-9463e171f71e,30/03/2015 03:25:13,0,112215.0
16415,4a5cf927-5e23-4267-926e-9463e171f71e,30/03/2015 02:25:13,0,112215.0
16416,4a5cf927-5e23-4267-926e-9463e171f71e,30/03/2015 01:25:13,0,112215.0
16417,4a5cf927-5e23-4267-926e-9463e171f71e,30/03/2015 00:25:13,28,112215.0
16418,4a5cf927-5e23-4267-926e-9463e171f71e,29/03/2015 23:25:12,2,112187.0
16419,4a5cf927-5e23-4267-926e-9463e171f71e,29/03/2015 22:25:12,18,112185.0
16420,4a5cf927-5e23-4267-926e-9463e171f71e,29/03/2015 21:25:12,0,112167.0
16421,4a5cf927-5e23-4267-926e-9463e171f71e,29/03/2015 20:25:12,31,112167.0
16422,4a5cf927-5e23-4267-926e-9463e171f71e,29/03/2015 15:25:12,7,112136.0
16423,4a5cf927-5e23-4267-926e-9463e171f71e,29/03/2015 14:25:12,0,112129.0
16424,4a5cf927-5e23-4267-926e-9463e171f71e,29/03/2015 13:25:12,0,112129.0
16425,4a5cf927-5e23-4267-926e-9463e171f71e,29/03/2015 12:25:12,13,112129.0
16426,4a5cf927-5e23-4267-926e-9463e171f71e,29/03/2015 11:25:14,32,112116.0
16427,4a5cf927-5e23-4267-926e-9463e171f71e,29/03/2015 10:25:14,89,112084.0
16428,4a5cf927-5e23-4267-926e-9463e171f71e,29/03/2015 09:25:14,0,111995.0
16429,4a5cf927-5e23-4267-926e-9463e171f71e,29/03/2015 08:25:14,0,111995.0
16430,4a5cf927-5e23-4267-926e-9463e171f71e,29/03/2015 07:25:14,0,111995.0
16431,4a5cf927-5e23-4267-926e-9463e171f71e,29/03/2015 06:25:14,0,111995.0
16432,4a5cf927-5e23-4267-926e-9463e171f71e,29/03/2015 05:25:14,1,111995.0
16433,4a5cf927-5e23-4267-926e-9463e171f71e,29/03/2015 04:25:14,0,111994.0
16434,4a5cf927-5e23-4267-926e-9463e171f71e,29/03/2015 03:25:18,0,111994.0
16435,4a5cf927-5e23-4267-926e-9463e171f71e,29/03/2015 01:25:18,0,111994.0
16436,4a5cf927-5e23-4267-926e-9463e171f71e,29/03/2015 00:25:18,0,111994.0
16437,4a5cf927-5e23-4267-926e-9463e171f71e,28/03/2015 23:25:18,3,111994.0
16438,4a5cf927-5e23-4267-926e-9463e171f71e,28/03/2015 22:25:15,10,111991.0
16439,4a5cf927-5e23-4267-926e-9463e171f71e,28/03/2015 21:25:15,0,111981.0
16440,4a5cf927-5e23-4267-926e-9463e171f71e,28/03/2015 20:25:15,0,111981.0
16441,4a5cf927-5e23-4267-926e-9463e171f71e,28/03/2015 19:25:15,0,111981.0
16442,4a5cf927-5e23-4267-926e-9463e171f71e,28/03/2015 18:25:17,0,111981.0
16443,4a5cf927-5e23-4267-926e-9463e171f71e,28/03/2015 17:25:17,1,111981.0
16444,4a5cf927-5e23-4267-926e-9463e171f71e,28/03/2015 16:25:17,6,111980.0
16445,4a5cf927-5e23-4267-926e-9463e171f71e,28/03/2015 15:25:17,14,111974.0
16446,4a5cf927-5e23-4267-926e-9463e171f71e,28/03/2015 14:25:15,5,111960.0
16447,4a5cf927-5e23-4267-926e-9463e171f71e,28/03/2015 13:25:15,19,111955.0
16448,4a5cf927-5e23-4267-926e-9463e171f71e,28/03/2015 12:25:15,63,111936.0
16449,4a5cf927-5e23-4267-926e-9463e171f71e,28/03/2015 11:25:15,14,111873.0
16450,4a5cf927-5e23-4267-926e-9463e171f71e,28/03/2015 10:25:18,74,111859.0
16451,4a5cf927-5e23-4267-926e-9463e171f71e,28/03/2015 09:25:18,0,111785.0
16452,4a5cf927-5e23-4267-926e-9463e171f71e,28/03/2015 08:25:18,0,111785.0
16453,4a5cf927-5e23-4267-926e-9463e171f71e,28/03/2015 07:25:18,0,111785.0
16454,4a5cf927-5e23-4267-926e-9463e171f71e,28/03/2015 06:25:17,0,111785.0
16455,4a5cf927-5e23-4267-926e-9463e171f71e,28/03/2015 05:25:17,0,111785.0
16456,4a5cf927-5e23-4267-926e-9463e171f71e,28/03/2015 04:25:17,0,111785.0
16457,4a5cf927-5e23-4267-926e-9463e171f71e,28/03/2015 03:25:17,0,111785.0
16458,4a5cf927-5e23-4267-926e-9463e171f71e,28/03/2015 02:25:18,0,111785.0
16459,4a5cf927-5e23-4267-926e-9463e171f71e,28/03/2015 01:25:18,8,111785.0
16460,4a5cf927-5e23-4267-926e-9463e171f71e,28/03/2015 00:25:18,24,111777.0
16461,4a5cf927-5e23-4267-926e-9463e171f71e,27/03/2015 23:25:18,0,111753.0
16462,4a5cf927-5e23-4267-926e-9463e171f71e,27/03/2015 22:25:16,5,111753.0
16463,4a5cf927-5e23-4267-926e-9463e171f71e,27/03/2015 21:25:16,0,111748.0
16464,4a5cf927-5e23-4267-926e-9463e171f71e,27/03/2015 20:25:16,0,111748.0
16465,4a5cf927-5e23-4267-926e-9463e171f71e,27/03/2015 19:25:16,0,111748.0
16466,4a5cf927-5e23-4267-926e-9463e171f71e,27/03/2015 18:25:18,8,111748.0
16467,4a5cf927-5e23-4267-926e-9463e171f71e,27/03/2015 17:25:18,5,111740.0
16468,4a5cf927-5e23-4267-926e-9463e171f71e,27/03/2015 16:25:18,15,111735.0
16469,4a5cf927-5e23-4267-926e-9463e171f71e,27/03/2015 15:25:18,8,111720.0
16470,4a5cf927-5e23-4267-926e-9463e171f71e,27/03/2015 14:25:17,0,111712.0
16471,4a5cf927-5e23-4267-926e-9463e171f71e,27/03/2015 13:25:17,0,111712.0
16472,4a5cf927-5e23-4267-926e-9463e171f71e,27/03/2015 12:25:17,0,111712.0
16473,4a5cf927-5e23-4267-926e-9463e171f71e,27/03/2015 11:25:17,20,111712.0
16474,4a5cf927-5e23-4267-926e-9463e171f71e,27/03/2015 10:25:19,17,111692.0
16475,4a5cf927-5e23-4267-926e-9463e171f71e,27/03/2015 09:25:19,0,111675.0
16476,4a5cf927-5e23-4267-926e-9463e171f71e,27/03/2015 08:25:19,73,111675.0
16477,4a5cf927-5e23-4267-926e-9463e171f71e,27/03/2015 07:25:19,0,111602.0
16478,4a5cf927-5e23-4267-926e-9463e171f71e,27/03/2015 06:25:19,0,111602.0
16479,4a5cf927-5e23-4267-926e-9463e171f71e,27/03/2015 05:25:19,0,111602.0
16480,4a5cf927-5e23-4267-926e-9463e171f71e,27/03/2015 04:25:19,0,111602.0
16481,4a5cf927-5e23-4267-926e-9463e171f71e,27/03/2015 03:25:19,0,111602.0
16482,4a5cf927-5e23-4267-926e-9463e171f71e,27/03/2015 02:25:21,0,111602.0
16483,4a5cf927-5e23-4267-926e-9463e171f71e,27/03/2015 01:25:21,3,111602.0
16484,4a5cf927-5e23-4267-926e-9463e171f71e,27/03/2015 00:25:21,0,111599.0
16485,4a5cf927-5e23-4267-926e-9463e171f71e,26/03/2015 23:25:21,5,111599.0
16486,4a5cf927-5e23-4267-926e-9463e171f71e,26/03/2015 22:25:20,3,111594.0
16487,4a5cf927-5e23-4267-926e-9463e171f71e,26/03/2015 21:25:20,3,111591.0
16488,4a5cf927-5e23-4267-926e-9463e171f71e,26/03/2015 20:25:20,0,111588.0
16489,4a5cf927-5e23-4267-926e-9463e171f71e,26/03/2015 19:25:20,0,111588.0
16490,4a5cf927-5e23-4267-926e-9463e171f71e,26/03/2015 18:25:23,5,111588.0
16491,4a5cf927-5e23-4267-926e-9463e171f71e,26/03/2015 17:25:23,2,111583.0
16492,4a5cf927-5e23-4267-926e-9463e171f71e,26/03/2015 16:25:23,3,111581.0
16493,4a5cf927-5e23-4267-926e-9463e171f71e,26/03/2015 15:25:23,25,111578.0
16494,4a5cf927-5e23-4267-926e-9463e171f71e,26/03/2015 14:25:21,81,111553.0
16495,4a5cf927-5e23-4267-926e-9463e171f71e,26/03/2015 13:25:21,18,111472.0
16496,4a5cf927-5e23-4267-926e-9463e171f71e,26/03/2015 12:25:21,13,111454.0
16497,4a5cf927-5e23-4267-926e-9463e171f71e,26/03/2015 11:25:21,90,111441.0
16498,4a5cf927-5e23-4267-926e-9463e171f71e,26/03/2015 10:25:24,21,111351.0
16499,4a5cf927-5e23-4267-926e-9463e171f71e,26/03/2015 09:25:24,4,111330.0
16500,4a5cf927-5e23-4267-926e-9463e171f71e,26/03/2015 08:25:24,0,111326.0
16501,4a5cf927-5e23-4267-926e-9463e171f71e,26/03/2015 07:25:24,0,111326.0
16502,4a5cf927-5e23-4267-926e-9463e171f71e,26/03/2015 06:25:20,0,111326.0
16503,4a5cf927-5e23-4267-926e-9463e171f71e,26/03/2015 05:25:20,0,111326.0
16504,4a5cf927-5e23-4267-926e-9463e171f71e,26/03/2015 04:25:20,0,111326.0
16505,4a5cf927-5e23-4267-926e-9463e171f71e,26/03/2015 03:25:20,0,111326.0
16506,4a5cf927-5e23-4267-926e-9463e171f71e,26/03/2015 02:25:24,0,111326.0
16507,4a5cf927-5e23-4267-926e-9463e171f71e,26/03/2015 01:25:24,1,111326.0
16508,4a5cf927-5e23-4267-926e-9463e171f71e,26/03/2015 00:25:24,2,111325.0
16509,4a5cf927-5e23-4267-926e-9463e171f71e,25/03/2015 23:25:24,2,111323.0
16510,4a5cf927-5e23-4267-926e-9463e171f71e,25/03/2015 22:25:24,15,111321.0
16511,4a5cf927-5e23-4267-926e-9463e171f71e,25/03/2015 21:25:24,8,111306.0
16512,4a5cf927-5e23-4267-926e-9463e171f71e,25/03/2015 20:25:24,0,111298.0
16513,4a5cf927-5e23-4267-926e-9463e171f71e,25/03/2015 19:25:24,16,111298.0
16514,4a5cf927-5e23-4267-926e-9463e171f71e,25/03/2015 18:25:23,0,111282.0
16515,4a5cf927-5e23-4267-926e-9463e171f71e,25/03/2015 17:25:23,17,111282.0
16516,4a5cf927-5e23-4267-926e-9463e171f71e,25/03/2015 16:25:23,33,111265.0
16517,4a5cf927-5e23-4267-926e-9463e171f71e,25/03/2015 15:25:23,5,111232.0
16518,4a5cf927-5e23-4267-926e-9463e171f71e,25/03/2015 14:25:22,22,111227.0
16519,4a5cf927-5e23-4267-926e-9463e171f71e,25/03/2015 13:25:22,12,111205.0
16520,4a5cf927-5e23-4267-926e-9463e171f71e,25/03/2015 12:25:22,8,111193.0
16521,4a5cf927-5e23-4267-926e-9463e171f71e,25/03/2015 11:25:22,42,111185.0
16522,4a5cf927-5e23-4267-926e-9463e171f71e,25/03/2015 10:25:25,36,111143.0
16523,4a5cf927-5e23-4267-926e-9463e171f71e,25/03/2015 09:25:25,78,111107.0
16524,4a5cf927-5e23-4267-926e-9463e171f71e,25/03/2015 08:25:25,0,111029.0
16525,4a5cf927-5e23-4267-926e-9463e171f71e,25/03/2015 07:25:25,0,111029.0
16526,4a5cf927-5e23-4267-926e-9463e171f71e,25/03/2015 06:25:24,0,111029.0
16527,4a5cf927-5e23-4267-926e-9463e171f71e,25/03/2015 05:25:24,0,111029.0
16528,4a5cf927-5e23-4267-926e-9463e171f71e,25/03/2015 04:25:24,0,111029.0
16529,4a5cf927-5e23-4267-926e-9463e171f71e,25/03/2015 03:25:24,0,111029.0
16530,4a5cf927-5e23-4267-926e-9463e171f71e,25/03/2015 02:25:25,0,111029.0
16531,4a5cf927-5e23-4267-926e-9463e171f71e,25/03/2015 01:25:25,4,111029.0
16532,4a5cf927-5e23-4267-926e-9463e171f71e,25/03/2015 00:25:25,0,111025.0
16533,4a5cf927-5e23-4267-926e-9463e171f71e,24/03/2015 23:25:25,3,111025.0
16534,4a5cf927-5e23-4267-926e-9463e171f71e,24/03/2015 22:25:24,16,111022.0
16535,4a5cf927-5e23-4267-926e-9463e171f71e,24/03/2015 21:25:24,6,111006.0
16536,4a5cf927-5e23-4267-926e-9463e171f71e,24/03/2015 20:25:24,0,111000.0
16537,4a5cf927-5e23-4267-926e-9463e171f71e,24/03/2015 19:25:24,0,111000.0
16538,4a5cf927-5e23-4267-926e-9463e171f71e,24/03/2015 18:25:26,3,111000.0
16539,4a5cf927-5e23-4267-926e-9463e171f71e,24/03/2015 17:25:26,1,110997.0
16540,4a5cf927-5e23-4267-926e-9463e171f71e,24/03/2015 16:25:26,24,110996.0
16541,4a5cf927-5e23-4267-926e-9463e171f71e,24/03/2015 15:25:26,59,110972.0
16542,4a5cf927-5e23-4267-926e-9463e171f71e,24/03/2015 10:25:21,54,110913.0
16543,4a5cf927-5e23-4267-926e-9463e171f71e,24/03/2015 09:25:21,85,110859.0
16544,4a5cf927-5e23-4267-926e-9463e171f71e,24/03/2015 08:25:21,0,110774.0
16545,4a5cf927-5e23-4267-926e-9463e171f71e,24/03/2015 07:25:21,0,110774.0
16546,4a5cf927-5e23-4267-926e-9463e171f71e,24/03/2015 06:25:25,0,110774.0
16547,4a5cf927-5e23-4267-926e-9463e171f71e,24/03/2015 05:25:25,0,110774.0
16548,4a5cf927-5e23-4267-926e-9463e171f71e,24/03/2015 04:25:25,0,110774.0
16549,4a5cf927-5e23-4267-926e-9463e171f71e,24/03/2015 03:25:25,0,110774.0
16550,4a5cf927-5e23-4267-926e-9463e171f71e,24/03/2015 02:25:28,0,110774.0
16551,4a5cf927-5e23-4267-926e-9463e171f71e,24/03/2015 01:25:28,0,110774.0
16552,4a5cf927-5e23-4267-926e-9463e171f71e,24/03/2015 00:25:28,12,110774.0
16553,4a5cf927-5e23-4267-926e-9463e171f71e,23/03/2015 23:25:28,0,110762.0
16554,4a5cf927-5e23-4267-926e-9463e171f71e,23/03/2015 22:25:28,5,110762.0
16555,4a5cf927-5e23-4267-926e-9463e171f71e,23/03/2015 21:25:28,0,110757.0
16556,4a5cf927-5e23-4267-926e-9463e171f71e,23/03/2015 20:25:28,0,110757.0
16557,4a5cf927-5e23-4267-926e-9463e171f71e,23/03/2015 19:25:28,18,110757.0
16558,4a5cf927-5e23-4267-926e-9463e171f71e,23/03/2015 18:25:27,2,110739.0
16559,4a5cf927-5e23-4267-926e-9463e171f71e,23/03/2015 17:25:27,4,110737.0
16560,4a5cf927-5e23-4267-926e-9463e171f71e,23/03/2015 16:25:27,16,110733.0
16561,4a5cf927-5e23-4267-926e-9463e171f71e,23/03/2015 15:25:27,8,110717.0
16562,4a5cf927-5e23-4267-926e-9463e171f71e,23/03/2015 14:25:27,0,110709.0
16563,4a5cf927-5e23-4267-926e-9463e171f71e,23/03/2015 13:25:27,0,110709.0
16564,4a5cf927-5e23-4267-926e-9463e171f71e,23/03/2015 12:25:27,19,110709.0
16565,4a5cf927-5e23-4267-926e-9463e171f71e,23/03/2015 11:25:27,14,110690.0
16566,4a5cf927-5e23-4267-926e-9463e171f71e,23/03/2015 10:25:30,22,110676.0
16567,4a5cf927-5e23-4267-926e-9463e171f71e,23/03/2015 09:25:30,68,110654.0
16568,4a5cf927-5e23-4267-926e-9463e171f71e,23/03/2015 08:25:30,0,110586.0
16569,4a5cf927-5e23-4267-926e-9463e171f71e,23/03/2015 07:25:30,0,110586.0
16570,4a5cf927-5e23-4267-926e-9463e171f71e,23/03/2015 06:25:27,0,110586.0
16571,4a5cf927-5e23-4267-926e-9463e171f71e,23/03/2015 05:25:27,0,110586.0
16572,4a5cf927-5e23-4267-926e-9463e171f71e,23/03/2015 04:25:27,0,110586.0
16573,4a5cf927-5e23-4267-926e-9463e171f71e,23/03/2015 03:25:27,0,110586.0
16574,4a5cf927-5e23-4267-926e-9463e171f71e,23/03/2015 02:25:32,0,110586.0
16575,4a5cf927-5e23-4267-926e-9463e171f71e,23/03/2015 01:25:32,0,110586.0
16576,4a5cf927-5e23-4267-926e-9463e171f71e,23/03/2015 00:25:32,7,110586.0
16577,4a5cf927-5e23-4267-926e-9463e171f71e,22/03/2015 23:25:32,2,110579.0
16578,4a5cf927-5e23-4267-926e-9463e171f71e,22/03/2015 22:25:29,0,110577.0
16579,4a5cf927-5e23-4267-926e-9463e171f71e,22/03/2015 21:25:29,0,110577.0
16580,4a5cf927-5e23-4267-926e-9463e171f71e,22/03/2015 20:25:29,5,110577.0
16581,4a5cf927-5e23-4267-926e-9463e171f71e,22/03/2015 19:25:29,72,110572.0
16582,4a5cf927-5e23-4267-926e-9463e171f71e,22/03/2015 18:25:31,3,110500.0
16583,4a5cf927-5e23-4267-926e-9463e171f71e,22/03/2015 17:25:31,0,110497.0
16584,4a5cf927-5e23-4267-926e-9463e171f71e,22/03/2015 16:25:31,36,110497.0
16585,4a5cf927-5e23-4267-926e-9463e171f71e,22/03/2015 15:25:31,3,110461.0
16586,4a5cf927-5e23-4267-926e-9463e171f71e,22/03/2015 14:25:30,10,110458.0
16587,4a5cf927-5e23-4267-926e-9463e171f71e,22/03/2015 13:25:30,53,110448.0
16588,4a5cf927-5e23-4267-926e-9463e171f71e,22/03/2015 12:25:30,32,110395.0
16589,4a5cf927-5e23-4267-926e-9463e171f71e,22/03/2015 11:25:30,55,110363.0
16590,4a5cf927-5e23-4267-926e-9463e171f71e,22/03/2015 10:25:31,18,110308.0
16591,4a5cf927-5e23-4267-926e-9463e171f71e,22/03/2015 09:25:31,1,110290.0
16592,4a5cf927-5e23-4267-926e-9463e171f71e,22/03/2015 08:25:31,0,110289.0
16593,4a5cf927-5e23-4267-926e-9463e171f71e,22/03/2015 07:25:31,0,110289.0
16594,4a5cf927-5e23-4267-926e-9463e171f71e,22/03/2015 06:25:33,0,110289.0
16595,4a5cf927-5e23-4267-926e-9463e171f71e,22/03/2015 05:25:33,0,110289.0
16596,4a5cf927-5e23-4267-926e-9463e171f71e,22/03/2015 04:25:33,0,110289.0
16597,4a5cf927-5e23-4267-926e-9463e171f71e,22/03/2015 03:25:33,0,110289.0
16598,4a5cf927-5e23-4267-926e-9463e171f71e,22/03/2015 02:25:32,0,110289.0
16599,4a5cf927-5e23-4267-926e-9463e171f71e,22/03/2015 01:25:32,6,110289.0
16600,4a5cf927-5e23-4267-926e-9463e171f71e,22/03/2015 00:25:32,1,110283.0
16601,4a5cf927-5e23-4267-926e-9463e171f71e,21/03/2015 23:25:32,11,110282.0
16602,4a5cf927-5e23-4267-926e-9463e171f71e,21/03/2015 22:25:31,10,110271.0
16603,4a5cf927-5e23-4267-926e-9463e171f71e,21/03/2015 21:25:31,4,110261.0
16604,4a5cf927-5e23-4267-926e-9463e171f71e,21/03/2015 20:25:31,0,110257.0
16605,4a5cf927-5e23-4267-926e-9463e171f71e,21/03/2015 19:25:31,3,110257.0
16606,4a5cf927-5e23-4267-926e-9463e171f71e,21/03/2015 18:25:34,0,110254.0
16607,4a5cf927-5e23-4267-926e-9463e171f71e,21/03/2015 17:25:34,0,110254.0
16608,4a5cf927-5e23-4267-926e-9463e171f71e,21/03/2015 16:25:34,6,110254.0
16609,4a5cf927-5e23-4267-926e-9463e171f71e,21/03/2015 15:25:34,6,110248.0
16610,4a5cf927-5e23-4267-926e-9463e171f71e,21/03/2015 14:25:31,10,110242.0
16611,4a5cf927-5e23-4267-926e-9463e171f71e,21/03/2015 13:25:31,4,110232.0
16612,4a5cf927-5e23-4267-926e-9463e171f71e,21/03/2015 12:25:31,12,110228.0
16613,4a5cf927-5e23-4267-926e-9463e171f71e,21/03/2015 11:25:31,9,110216.0
16614,4a5cf927-5e23-4267-926e-9463e171f71e,21/03/2015 10:25:33,15,110207.0
16615,4a5cf927-5e23-4267-926e-9463e171f71e,21/03/2015 09:25:33,10,110192.0
16616,4a5cf927-5e23-4267-926e-9463e171f71e,21/03/2015 08:25:33,75,110182.0
16617,4a5cf927-5e23-4267-926e-9463e171f71e,21/03/2015 07:25:33,0,110107.0
16618,4a5cf927-5e23-4267-926e-9463e171f71e,21/03/2015 06:25:32,0,110107.0
16619,4a5cf927-5e23-4267-926e-9463e171f71e,21/03/2015 05:25:32,0,110107.0
16620,4a5cf927-5e23-4267-926e-9463e171f71e,21/03/2015 04:25:32,0,110107.0
16621,4a5cf927-5e23-4267-926e-9463e171f71e,21/03/2015 03:25:32,0,110107.0
16622,4a5cf927-5e23-4267-926e-9463e171f71e,21/03/2015 02:25:34,0,110107.0
16623,4a5cf927-5e23-4267-926e-9463e171f71e,21/03/2015 01:25:34,11,110107.0
16624,4a5cf927-5e23-4267-926e-9463e171f71e,21/03/2015 00:25:34,0,110096.0
16625,4a5cf927-5e23-4267-926e-9463e171f71e,20/03/2015 23:25:34,19,110096.0
16626,4a5cf927-5e23-4267-926e-9463e171f71e,20/03/2015 18:25:37,0,110077.0
16627,4a5cf927-5e23-4267-926e-9463e171f71e,20/03/2015 17:25:37,18,110077.0
16628,4a5cf927-5e23-4267-926e-9463e171f71e,20/03/2015 16:25:37,26,110059.0
16629,4a5cf927-5e23-4267-926e-9463e171f71e,20/03/2015 15:25:37,5,110033.0
16630,4a5cf927-5e23-4267-926e-9463e171f71e,20/03/2015 14:25:34,4,110028.0
16631,4a5cf927-5e23-4267-926e-9463e171f71e,20/03/2015 13:25:34,7,110024.0
16632,4a5cf927-5e23-4267-926e-9463e171f71e,20/03/2015 12:25:34,30,110017.0
16633,4a5cf927-5e23-4267-926e-9463e171f71e,20/03/2015 11:25:34,10,109987.0
16634,4a5cf927-5e23-4267-926e-9463e171f71e,20/03/2015 10:25:36,8,109977.0
16635,4a5cf927-5e23-4267-926e-9463e171f71e,20/03/2015 09:25:36,16,109969.0
16636,4a5cf927-5e23-4267-926e-9463e171f71e,20/03/2015 08:25:36,73,109953.0
16637,4a5cf927-5e23-4267-926e-9463e171f71e,20/03/2015 07:25:36,0,109880.0
16638,4a5cf927-5e23-4267-926e-9463e171f71e,20/03/2015 06:25:35,0,109880.0
16639,4a5cf927-5e23-4267-926e-9463e171f71e,20/03/2015 05:25:35,0,109880.0
16640,4a5cf927-5e23-4267-926e-9463e171f71e,20/03/2015 04:25:35,0,109880.0
16641,4a5cf927-5e23-4267-926e-9463e171f71e,20/03/2015 03:25:35,0,109880.0
16642,4a5cf927-5e23-4267-926e-9463e171f71e,20/03/2015 02:25:38,0,109880.0
16643,4a5cf927-5e23-4267-926e-9463e171f71e,20/03/2015 01:25:38,0,109880.0
16644,4a5cf927-5e23-4267-926e-9463e171f71e,20/03/2015 00:25:38,3,109880.0
16645,4a5cf927-5e23-4267-926e-9463e171f71e,19/03/2015 23:25:38,10,109877.0
16646,4a5cf927-5e23-4267-926e-9463e171f71e,19/03/2015 22:25:35,8,109867.0
16647,4a5cf927-5e23-4267-926e-9463e171f71e,19/03/2015 21:25:35,0,109859.0
16648,4a5cf927-5e23-4267-926e-9463e171f71e,19/03/2015 20:25:35,0,109859.0
16649,4a5cf927-5e23-4267-926e-9463e171f71e,19/03/2015 19:25:35,2,109859.0
16650,4a5cf927-5e23-4267-926e-9463e171f71e,19/03/2015 18:25:39,0,109857.0
16651,4a5cf927-5e23-4267-926e-9463e171f71e,19/03/2015 17:25:39,0,109857.0
16652,4a5cf927-5e23-4267-926e-9463e171f71e,19/03/2015 16:25:39,1,109857.0
16653,4a5cf927-5e23-4267-926e-9463e171f71e,19/03/2015 15:25:39,8,109856.0
16654,4a5cf927-5e23-4267-926e-9463e171f71e,19/03/2015 14:25:38,0,109848.0
16655,4a5cf927-5e23-4267-926e-9463e171f71e,19/03/2015 13:25:38,0,109848.0
16656,4a5cf927-5e23-4267-926e-9463e171f71e,19/03/2015 12:25:38,24,109848.0
16657,4a5cf927-5e23-4267-926e-9463e171f71e,19/03/2015 11:25:38,19,109824.0
16658,4a5cf927-5e23-4267-926e-9463e171f71e,19/03/2015 10:25:39,82,109805.0
16659,4a5cf927-5e23-4267-926e-9463e171f71e,19/03/2015 09:25:39,0,109723.0
16660,4a5cf927-5e23-4267-926e-9463e171f71e,19/03/2015 08:25:39,0,109723.0
16661,4a5cf927-5e23-4267-926e-9463e171f71e,19/03/2015 07:25:39,0,109723.0
16662,4a5cf927-5e23-4267-926e-9463e171f71e,19/03/2015 02:25:39,0,109723.0
16663,4a5cf927-5e23-4267-926e-9463e171f71e,19/03/2015 01:25:39,0,109723.0
16664,4a5cf927-5e23-4267-926e-9463e171f71e,19/03/2015 00:25:39,0,109723.0
16665,4a5cf927-5e23-4267-926e-9463e171f71e,18/03/2015 23:25:39,1,109723.0
16666,4a5cf927-5e23-4267-926e-9463e171f71e,18/03/2015 22:25:38,0,109722.0
16667,4a5cf927-5e23-4267-926e-9463e171f71e,18/03/2015 21:25:38,12,109722.0
16668,4a5cf927-5e23-4267-926e-9463e171f71e,18/03/2015 20:25:38,0,109710.0
16669,4a5cf927-5e23-4267-926e-9463e171f71e,18/03/2015 19:25:38,6,109710.0
16670,4a5cf927-5e23-4267-926e-9463e171f71e,18/03/2015 18:25:40,7,109704.0
16671,4a5cf927-5e23-4267-926e-9463e171f71e,18/03/2015 17:25:40,11,109697.0
16672,4a5cf927-5e23-4267-926e-9463e171f71e,18/03/2015 16:25:40,33,109686.0
16673,4a5cf927-5e23-4267-926e-9463e171f71e,18/03/2015 15:25:40,12,109653.0
16674,4a5cf927-5e23-4267-926e-9463e171f71e,18/03/2015 14:25:38,16,109641.0
16675,4a5cf927-5e23-4267-926e-9463e171f71e,18/03/2015 13:25:38,24,109625.0
16676,4a5cf927-5e23-4267-926e-9463e171f71e,18/03/2015 12:25:38,30,109601.0
16677,4a5cf927-5e23-4267-926e-9463e171f71e,18/03/2015 11:25:38,17,109571.0
16678,4a5cf927-5e23-4267-926e-9463e171f71e,18/03/2015 10:25:41,29,109554.0
16679,4a5cf927-5e23-4267-926e-9463e171f71e,18/03/2015 09:25:41,10,109525.0
16680,4a5cf927-5e23-4267-926e-9463e171f71e,18/03/2015 08:25:41,69,109515.0
16681,4a5cf927-5e23-4267-926e-9463e171f71e,18/03/2015 07:25:41,0,109446.0
16682,4a5cf927-5e23-4267-926e-9463e171f71e,18/03/2015 02:25:42,0,109446.0
16683,4a5cf927-5e23-4267-926e-9463e171f71e,18/03/2015 01:25:42,3,109446.0
16684,4a5cf927-5e23-4267-926e-9463e171f71e,18/03/2015 00:25:42,6,109443.0
16685,4a5cf927-5e23-4267-926e-9463e171f71e,17/03/2015 23:25:42,19,109437.0
16686,4a5cf927-5e23-4267-926e-9463e171f71e,17/03/2015 22:25:42,4,109418.0
16687,4a5cf927-5e23-4267-926e-9463e171f71e,17/03/2015 21:25:42,24,109414.0
16688,4a5cf927-5e23-4267-926e-9463e171f71e,17/03/2015 20:25:42,0,109390.0
16689,4a5cf927-5e23-4267-926e-9463e171f71e,17/03/2015 19:25:42,74,109390.0
16690,4a5cf927-5e23-4267-926e-9463e171f71e,17/03/2015 14:25:42,10,109316.0
16691,4a5cf927-5e23-4267-926e-9463e171f71e,17/03/2015 13:25:42,0,109306.0
16692,4a5cf927-5e23-4267-926e-9463e171f71e,17/03/2015 12:25:42,0,109306.0
16693,4a5cf927-5e23-4267-926e-9463e171f71e,17/03/2015 11:25:42,13,109306.0
16694,4a5cf927-5e23-4267-926e-9463e171f71e,17/03/2015 10:25:43,59,109293.0
16695,4a5cf927-5e23-4267-926e-9463e171f71e,17/03/2015 09:25:43,24,109234.0
16696,4a5cf927-5e23-4267-926e-9463e171f71e,17/03/2015 08:25:43,70,109210.0
16697,4a5cf927-5e23-4267-926e-9463e171f71e,17/03/2015 07:25:43,0,109140.0
16698,4a5cf927-5e23-4267-926e-9463e171f71e,17/03/2015 06:25:43,0,109140.0
16699,4a5cf927-5e23-4267-926e-9463e171f71e,17/03/2015 05:25:43,0,109140.0
16700,4a5cf927-5e23-4267-926e-9463e171f71e,17/03/2015 04:25:43,0,109140.0
16701,4a5cf927-5e23-4267-926e-9463e171f71e,17/03/2015 03:25:43,0,109140.0
16702,4a5cf927-5e23-4267-926e-9463e171f71e,17/03/2015 02:25:43,0,109140.0
16703,4a5cf927-5e23-4267-926e-9463e171f71e,17/03/2015 01:25:43,0,109140.0
16704,4a5cf927-5e23-4267-926e-9463e171f71e,17/03/2015 00:25:43,12,109140.0
16705,4a5cf927-5e23-4267-926e-9463e171f71e,16/03/2015 23:25:43,17,109128.0
16706,4a5cf927-5e23-4267-926e-9463e171f71e,16/03/2015 22:25:44,12,109111.0
16707,4a5cf927-5e23-4267-926e-9463e171f71e,16/03/2015 21:25:44,4,109099.0
16708,4a5cf927-5e23-4267-926e-9463e171f71e,16/03/2015 20:25:44,1,109095.0
16709,4a5cf927-5e23-4267-926e-9463e171f71e,16/03/2015 19:25:44,9,109094.0
16710,4a5cf927-5e23-4267-926e-9463e171f71e,16/03/2015 18:25:45,0,109085.0
16711,4a5cf927-5e23-4267-926e-9463e171f71e,16/03/2015 17:25:45,0,109085.0
16712,4a5cf927-5e23-4267-926e-9463e171f71e,16/03/2015 16:25:45,22,109085.0
16713,4a5cf927-5e23-4267-926e-9463e171f71e,16/03/2015 15:25:45,5,109063.0
16714,4a5cf927-5e23-4267-926e-9463e171f71e,16/03/2015 14:25:45,0,109058.0
16715,4a5cf927-5e23-4267-926e-9463e171f71e,16/03/2015 13:25:45,4,109058.0
16716,4a5cf927-5e23-4267-926e-9463e171f71e,16/03/2015 12:25:45,3,109054.0
16717,4a5cf927-5e23-4267-926e-9463e171f71e,16/03/2015 11:25:45,15,109051.0
16718,4a5cf927-5e23-4267-926e-9463e171f71e,16/03/2015 10:25:47,75,109036.0
16719,4a5cf927-5e23-4267-926e-9463e171f71e,16/03/2015 09:25:47,10,108961.0
16720,4a5cf927-5e23-4267-926e-9463e171f71e,16/03/2015 08:25:47,74,108951.0
16721,4a5cf927-5e23-4267-926e-9463e171f71e,16/03/2015 07:25:47,38,108877.0
16722,4a5cf927-5e23-4267-926e-9463e171f71e,15/03/2015 22:25:46,7,108839.0
16723,4a5cf927-5e23-4267-926e-9463e171f71e,15/03/2015 21:25:46,19,108832.0
16724,4a5cf927-5e23-4267-926e-9463e171f71e,15/03/2015 20:25:46,9,108813.0
16725,4a5cf927-5e23-4267-926e-9463e171f71e,15/03/2015 19:25:46,15,108804.0
16726,4a5cf927-5e23-4267-926e-9463e171f71e,15/03/2015 18:25:48,0,108789.0
16727,4a5cf927-5e23-4267-926e-9463e171f71e,15/03/2015 17:25:48,23,108789.0
16728,4a5cf927-5e23-4267-926e-9463e171f71e,15/03/2015 16:25:48,18,108766.0
16729,4a5cf927-5e23-4267-926e-9463e171f71e,15/03/2015 15:25:48,41,108748.0
16730,4a5cf927-5e23-4267-926e-9463e171f71e,15/03/2015 14:25:46,10,108707.0
16731,4a5cf927-5e23-4267-926e-9463e171f71e,15/03/2015 13:25:46,0,108697.0
16732,4a5cf927-5e23-4267-926e-9463e171f71e,15/03/2015 12:25:46,11,108697.0
16733,4a5cf927-5e23-4267-926e-9463e171f71e,15/03/2015 11:25:46,18,108686.0
16734,4a5cf927-5e23-4267-926e-9463e171f71e,15/03/2015 10:25:47,31,108668.0
16735,4a5cf927-5e23-4267-926e-9463e171f71e,15/03/2015 09:25:47,64,108637.0
16736,4a5cf927-5e23-4267-926e-9463e171f71e,15/03/2015 08:25:47,0,108573.0
16737,4a5cf927-5e23-4267-926e-9463e171f71e,15/03/2015 07:25:47,0,108573.0
16738,4a5cf927-5e23-4267-926e-9463e171f71e,15/03/2015 06:25:46,0,108573.0
16739,4a5cf927-5e23-4267-926e-9463e171f71e,15/03/2015 05:25:46,0,108573.0
16740,4a5cf927-5e23-4267-926e-9463e171f71e,15/03/2015 04:25:46,0,108573.0
16741,4a5cf927-5e23-4267-926e-9463e171f71e,15/03/2015 03:25:46,51,108573.0
16742,4a5cf927-5e23-4267-926e-9463e171f71e,14/03/2015 22:25:47,5,108522.0
16743,4a5cf927-5e23-4267-926e-9463e171f71e,14/03/2015 21:25:47,0,108517.0
16744,4a5cf927-5e23-4267-926e-9463e171f71e,14/03/2015 20:25:47,0,108517.0
16745,4a5cf927-5e23-4267-926e-9463e171f71e,14/03/2015 19:25:47,13,108517.0
16746,4a5cf927-5e23-4267-926e-9463e171f71e,14/03/2015 14:25:49,8,108504.0
16747,4a5cf927-5e23-4267-926e-9463e171f71e,14/03/2015 13:25:49,32,108496.0
16748,4a5cf927-5e23-4267-926e-9463e171f71e,14/03/2015 12:25:49,6,108464.0
16749,4a5cf927-5e23-4267-926e-9463e171f71e,14/03/2015 11:25:49,87,108458.0
16750,4a5cf927-5e23-4267-926e-9463e171f71e,14/03/2015 10:25:51,9,108371.0
16751,4a5cf927-5e23-4267-926e-9463e171f71e,14/03/2015 09:25:51,9,108362.0
16752,4a5cf927-5e23-4267-926e-9463e171f71e,14/03/2015 08:25:51,76,108353.0
16753,4a5cf927-5e23-4267-926e-9463e171f71e,14/03/2015 07:25:51,0,108277.0
16754,4a5cf927-5e23-4267-926e-9463e171f71e,14/03/2015 06:25:49,0,108277.0
16755,4a5cf927-5e23-4267-926e-9463e171f71e,14/03/2015 05:25:49,0,108277.0
16756,4a5cf927-5e23-4267-926e-9463e171f71e,14/03/2015 04:25:49,0,108277.0
16757,4a5cf927-5e23-4267-926e-9463e171f71e,14/03/2015 03:25:49,0,108277.0
16758,4a5cf927-5e23-4267-926e-9463e171f71e,14/03/2015 02:25:52,0,108277.0
16759,4a5cf927-5e23-4267-926e-9463e171f71e,14/03/2015 01:25:52,0,108277.0
16760,4a5cf927-5e23-4267-926e-9463e171f71e,14/03/2015 00:25:52,0,108277.0
16761,4a5cf927-5e23-4267-926e-9463e171f71e,13/03/2015 23:25:52,9,108277.0
16762,4a5cf927-5e23-4267-926e-9463e171f71e,13/03/2015 22:25:51,9,108268.0
16763,4a5cf927-5e23-4267-926e-9463e171f71e,13/03/2015 21:25:51,6,108259.0
16764,4a5cf927-5e23-4267-926e-9463e171f71e,13/03/2015 20:25:51,2,108253.0
16765,4a5cf927-5e23-4267-926e-9463e171f71e,13/03/2015 19:25:51,6,108251.0
16766,4a5cf927-5e23-4267-926e-9463e171f71e,13/03/2015 18:25:52,4,108245.0
16767,4a5cf927-5e23-4267-926e-9463e171f71e,13/03/2015 17:25:52,0,108241.0
16768,4a5cf927-5e23-4267-926e-9463e171f71e,13/03/2015 16:25:52,21,108241.0
16769,4a5cf927-5e23-4267-926e-9463e171f71e,13/03/2015 15:25:52,11,108220.0
16770,4a5cf927-5e23-4267-926e-9463e171f71e,13/03/2015 14:25:51,5,108209.0
16771,4a5cf927-5e23-4267-926e-9463e171f71e,13/03/2015 13:25:51,0,108204.0
16772,4a5cf927-5e23-4267-926e-9463e171f71e,13/03/2015 12:25:51,0,108204.0
16773,4a5cf927-5e23-4267-926e-9463e171f71e,13/03/2015 11:25:51,22,108204.0
16774,4a5cf927-5e23-4267-926e-9463e171f71e,13/03/2015 10:26:03,98,108182.0
16775,4a5cf927-5e23-4267-926e-9463e171f71e,13/03/2015 09:26:03,5,108084.0
16776,4a5cf927-5e23-4267-926e-9463e171f71e,13/03/2015 08:26:03,0,108079.0
16777,4a5cf927-5e23-4267-926e-9463e171f71e,13/03/2015 07:26:03,4,108079.0
16778,4a5cf927-5e23-4267-926e-9463e171f71e,12/3/2015 22:25,5,108075.0
16779,4a5cf927-5e23-4267-926e-9463e171f71e,12/3/2015 21:25,4,108070.0
16780,4a5cf927-5e23-4267-926e-9463e171f71e,12/3/2015 20:25,0,108066.0
16781,4a5cf927-5e23-4267-926e-9463e171f71e,12/3/2015 19:25,0,108066.0
16782,4a5cf927-5e23-4267-926e-9463e171f71e,12/3/2015 18:25,0,108066.0
16783,4a5cf927-5e23-4267-926e-9463e171f71e,12/3/2015 17:25,31,108066.0
16784,4a5cf927-5e23-4267-926e-9463e171f71e,12/3/2015 16:25,4,108035.0
16785,4a5cf927-5e23-4267-926e-9463e171f71e,12/3/2015 15:25,28,108031.0
16786,4a5cf927-5e23-4267-926e-9463e171f71e,12/3/2015 14:25,33,108003.0
16787,4a5cf927-5e23-4267-926e-9463e171f71e,12/3/2015 13:25,15,107970.0
16788,4a5cf927-5e23-4267-926e-9463e171f71e,12/3/2015 12:25,0,107955.0
16789,4a5cf927-5e23-4267-926e-9463e171f71e,12/3/2015 11:25,78,107955.0
16790,4a5cf927-5e23-4267-926e-9463e171f71e,12/3/2015 10:25,14,107877.0
16791,4a5cf927-5e23-4267-926e-9463e171f71e,12/3/2015 9:25,64,107863.0
16792,4a5cf927-5e23-4267-926e-9463e171f71e,12/3/2015 8:25,0,107799.0
16793,4a5cf927-5e23-4267-926e-9463e171f71e,12/3/2015 7:25,0,107799.0
16794,4a5cf927-5e23-4267-926e-9463e171f71e,12/3/2015 6:25,0,107799.0
16795,4a5cf927-5e23-4267-926e-9463e171f71e,12/3/2015 5:25,0,107799.0
16796,4a5cf927-5e23-4267-926e-9463e171f71e,12/3/2015 4:25,0,107799.0
16797,4a5cf927-5e23-4267-926e-9463e171f71e,12/3/2015 3:25,0,107799.0
16798,4a5cf927-5e23-4267-926e-9463e171f71e,12/3/2015 2:25,0,107799.0
16799,4a5cf927-5e23-4267-926e-9463e171f71e,12/3/2015 1:25,0,107799.0
16800,4a5cf927-5e23-4267-926e-9463e171f71e,12/3/2015 0:25,0,107799.0
16801,4a5cf927-5e23-4267-926e-9463e171f71e,11/3/2015 23:25,21,107799.0
16802,4a5cf927-5e23-4267-926e-9463e171f71e,11/3/2015 22:25,12,107778.0
16803,4a5cf927-5e23-4267-926e-9463e171f71e,11/3/2015 21:25,0,107766.0
16804,4a5cf927-5e23-4267-926e-9463e171f71e,11/3/2015 20:25,0,107766.0
16805,4a5cf927-5e23-4267-926e-9463e171f71e,11/3/2015 19:25,1,107766.0
16806,4a5cf927-5e23-4267-926e-9463e171f71e,11/3/2015 18:26,5,107765.0
16807,4a5cf927-5e23-4267-926e-9463e171f71e,11/3/2015 17:26,2,107760.0
16808,4a5cf927-5e23-4267-926e-9463e171f71e,11/3/2015 16:26,11,107758.0
16809,4a5cf927-5e23-4267-926e-9463e171f71e,11/3/2015 15:26,136,107747.0
16810,4a5cf927-5e23-4267-926e-9463e171f71e,11/3/2015 10:25,31,107611.0
16811,4a5cf927-5e23-4267-926e-9463e171f71e,11/3/2015 9:25,0,107580.0
16812,4a5cf927-5e23-4267-926e-9463e171f71e,11/3/2015 8:25,0,107580.0
16813,4a5cf927-5e23-4267-926e-9463e171f71e,11/3/2015 7:25,0,107580.0
16814,4a5cf927-5e23-4267-926e-9463e171f71e,11/3/2015 6:25,0,107580.0
16815,4a5cf927-5e23-4267-926e-9463e171f71e,11/3/2015 5:25,0,107580.0
16816,4a5cf927-5e23-4267-926e-9463e171f71e,11/3/2015 4:25,0,107580.0
16817,4a5cf927-5e23-4267-926e-9463e171f71e,11/3/2015 3:25,0,107580.0
16818,4a5cf927-5e23-4267-926e-9463e171f71e,11/3/2015 2:25,0,107580.0
16819,4a5cf927-5e23-4267-926e-9463e171f71e,11/3/2015 1:25,0,107580.0
16820,4a5cf927-5e23-4267-926e-9463e171f71e,11/3/2015 0:25,4,107580.0
16821,4a5cf927-5e23-4267-926e-9463e171f71e,10/3/2015 23:25,2,107576.0
16822,4a5cf927-5e23-4267-926e-9463e171f71e,10/3/2015 22:25,18,107574.0
16823,4a5cf927-5e23-4267-926e-9463e171f71e,10/3/2015 21:25,4,107556.0
16824,4a5cf927-5e23-4267-926e-9463e171f71e,10/3/2015 20:25,0,107552.0
16825,4a5cf927-5e23-4267-926e-9463e171f71e,10/3/2015 19:25,63,107552.0
16826,4a5cf927-5e23-4267-926e-9463e171f71e,10/3/2015 14:25,1,107489.0
16827,4a5cf927-5e23-4267-926e-9463e171f71e,10/3/2015 13:25,0,107488.0
16828,4a5cf927-5e23-4267-926e-9463e171f71e,10/3/2015 12:25,4,107488.0
16829,4a5cf927-5e23-4267-926e-9463e171f71e,10/3/2015 11:25,11,107484.0
16830,4a5cf927-5e23-4267-926e-9463e171f71e,10/3/2015 10:25,76,107473.0
16831,4a5cf927-5e23-4267-926e-9463e171f71e,10/3/2015 9:25,108,107397.0
16832,4a5cf927-5e23-4267-926e-9463e171f71e,10/3/2015 8:25,0,107289.0
16833,4a5cf927-5e23-4267-926e-9463e171f71e,10/3/2015 7:25,0,107289.0
16834,4a5cf927-5e23-4267-926e-9463e171f71e,10/3/2015 6:25,0,107289.0
16835,4a5cf927-5e23-4267-926e-9463e171f71e,10/3/2015 5:25,0,107289.0
16836,4a5cf927-5e23-4267-926e-9463e171f71e,10/3/2015 4:25,0,107289.0
16837,4a5cf927-5e23-4267-926e-9463e171f71e,10/3/2015 3:25,0,107289.0
16838,4a5cf927-5e23-4267-926e-9463e171f71e,10/3/2015 2:26,0,107289.0
16839,4a5cf927-5e23-4267-926e-9463e171f71e,10/3/2015 1:26,2,107289.0
16840,4a5cf927-5e23-4267-926e-9463e171f71e,10/3/2015 0:26,0,107287.0
16841,4a5cf927-5e23-4267-926e-9463e171f71e,9/3/2015 23:26,0,107287.0
16842,4a5cf927-5e23-4267-926e-9463e171f71e,9/3/2015 22:26,7,107287.0
16843,4a5cf927-5e23-4267-926e-9463e171f71e,9/3/2015 21:26,10,107280.0
16844,4a5cf927-5e23-4267-926e-9463e171f71e,9/3/2015 20:26,0,107270.0
16845,4a5cf927-5e23-4267-926e-9463e171f71e,9/3/2015 19:26,8,107270.0
16846,4a5cf927-5e23-4267-926e-9463e171f71e,9/3/2015 18:26,0,107262.0
16847,4a5cf927-5e23-4267-926e-9463e171f71e,9/3/2015 17:26,0,107262.0
16848,4a5cf927-5e23-4267-926e-9463e171f71e,9/3/2015 16:26,4,107262.0
16849,4a5cf927-5e23-4267-926e-9463e171f71e,9/3/2015 15:26,101,107258.0
16850,4a5cf927-5e23-4267-926e-9463e171f71e,9/3/2015 10:26,11,107157.0
16851,4a5cf927-5e23-4267-926e-9463e171f71e,9/3/2015 9:26,27,107146.0
16852,4a5cf927-5e23-4267-926e-9463e171f71e,9/3/2015 8:26,86,107119.0
16853,4a5cf927-5e23-4267-926e-9463e171f71e,9/3/2015 7:26,7,107033.0
16854,4a5cf927-5e23-4267-926e-9463e171f71e,8/3/2015 22:26,4,107026.0
16855,4a5cf927-5e23-4267-926e-9463e171f71e,8/3/2015 21:26,0,107022.0
16856,4a5cf927-5e23-4267-926e-9463e171f71e,8/3/2015 20:26,22,107022.0
16857,4a5cf927-5e23-4267-926e-9463e171f71e,8/3/2015 19:26,1,107000.0
16858,4a5cf927-5e23-4267-926e-9463e171f71e,8/3/2015 18:26,4,106999.0
16859,4a5cf927-5e23-4267-926e-9463e171f71e,8/3/2015 17:26,0,106995.0
16860,4a5cf927-5e23-4267-926e-9463e171f71e,8/3/2015 16:26,1,106995.0
16861,4a5cf927-5e23-4267-926e-9463e171f71e,8/3/2015 15:26,0,106994.0
16862,4a5cf927-5e23-4267-926e-9463e171f71e,8/3/2015 14:26,4,106994.0
16863,4a5cf927-5e23-4267-926e-9463e171f71e,8/3/2015 13:26,58,106990.0
16864,4a5cf927-5e23-4267-926e-9463e171f71e,8/3/2015 12:26,6,106932.0
16865,4a5cf927-5e23-4267-926e-9463e171f71e,8/3/2015 11:26,19,106926.0
16866,4a5cf927-5e23-4267-926e-9463e171f71e,8/3/2015 10:26,45,106907.0
16867,4a5cf927-5e23-4267-926e-9463e171f71e,8/3/2015 9:26,0,106862.0
16868,4a5cf927-5e23-4267-926e-9463e171f71e,8/3/2015 8:26,0,106862.0
16869,4a5cf927-5e23-4267-926e-9463e171f71e,8/3/2015 7:26,0,106862.0
16870,4a5cf927-5e23-4267-926e-9463e171f71e,8/3/2015 6:26,0,106862.0
16871,4a5cf927-5e23-4267-926e-9463e171f71e,8/3/2015 5:26,0,106862.0
16872,4a5cf927-5e23-4267-926e-9463e171f71e,8/3/2015 4:26,0,106862.0
16873,4a5cf927-5e23-4267-926e-9463e171f71e,8/3/2015 3:26,18,106862.0
16874,4a5cf927-5e23-4267-926e-9463e171f71e,8/3/2015 2:26,7,106844.0
16875,4a5cf927-5e23-4267-926e-9463e171f71e,8/3/2015 1:26,0,106837.0
16876,4a5cf927-5e23-4267-926e-9463e171f71e,8/3/2015 0:26,5,106837.0
16877,4a5cf927-5e23-4267-926e-9463e171f71e,7/3/2015 23:26,10,106832.0
16878,4a5cf927-5e23-4267-926e-9463e171f71e,7/3/2015 22:26,0,106822.0
16879,4a5cf927-5e23-4267-926e-9463e171f71e,7/3/2015 21:26,0,106822.0
16880,4a5cf927-5e23-4267-926e-9463e171f71e,7/3/2015 20:26,0,106822.0
16881,4a5cf927-5e23-4267-926e-9463e171f71e,7/3/2015 19:26,135,106822.0
16882,4a5cf927-5e23-4267-926e-9463e171f71e,7/3/2015 10:26,97,106687.0
16883,4a5cf927-5e23-4267-926e-9463e171f71e,7/3/2015 9:26,7,106590.0
16884,4a5cf927-5e23-4267-926e-9463e171f71e,7/3/2015 8:26,7,106583.0
16885,4a5cf927-5e23-4267-926e-9463e171f71e,7/3/2015 7:26,0,106576.0
16886,4a5cf927-5e23-4267-926e-9463e171f71e,7/3/2015 6:26,0,106576.0
16887,4a5cf927-5e23-4267-926e-9463e171f71e,7/3/2015 5:26,0,106576.0
16888,4a5cf927-5e23-4267-926e-9463e171f71e,7/3/2015 4:26,0,106576.0
16889,4a5cf927-5e23-4267-926e-9463e171f71e,7/3/2015 3:26,0,106576.0
16890,4a5cf927-5e23-4267-926e-9463e171f71e,7/3/2015 2:26,0,106576.0
16891,4a5cf927-5e23-4267-926e-9463e171f71e,7/3/2015 1:26,3,106576.0
16892,4a5cf927-5e23-4267-926e-9463e171f71e,7/3/2015 0:26,0,106573.0
16893,4a5cf927-5e23-4267-926e-9463e171f71e,6/3/2015 23:26,18,106573.0
16894,4a5cf927-5e23-4267-926e-9463e171f71e,6/3/2015 22:26,25,106555.0
16895,4a5cf927-5e23-4267-926e-9463e171f71e,6/3/2015 21:26,2,106530.0
16896,4a5cf927-5e23-4267-926e-9463e171f71e,6/3/2015 20:26,26,106528.0
16897,4a5cf927-5e23-4267-926e-9463e171f71e,6/3/2015 19:26,7,106502.0
16898,4a5cf927-5e23-4267-926e-9463e171f71e,6/3/2015 18:26,6,106495.0
16899,4a5cf927-5e23-4267-926e-9463e171f71e,6/3/2015 17:26,8,106489.0
16900,4a5cf927-5e23-4267-926e-9463e171f71e,6/3/2015 16:26,37,106481.0
16901,4a5cf927-5e23-4267-926e-9463e171f71e,6/3/2015 15:26,4,106444.0
16902,4a5cf927-5e23-4267-926e-9463e171f71e,6/3/2015 14:26,0,106440.0
16903,4a5cf927-5e23-4267-926e-9463e171f71e,6/3/2015 13:26,16,106440.0
16904,4a5cf927-5e23-4267-926e-9463e171f71e,6/3/2015 12:26,75,106424.0
16905,4a5cf927-5e23-4267-926e-9463e171f71e,6/3/2015 11:26,14,106349.0
16906,4a5cf927-5e23-4267-926e-9463e171f71e,6/3/2015 10:26,38,106335.0
16907,4a5cf927-5e23-4267-926e-9463e171f71e,6/3/2015 9:26,10,106297.0
16908,4a5cf927-5e23-4267-926e-9463e171f71e,6/3/2015 8:26,7,106287.0
16909,4a5cf927-5e23-4267-926e-9463e171f71e,6/3/2015 7:26,40,106280.0
16910,4a5cf927-5e23-4267-926e-9463e171f71e,5/3/2015 22:26,5,106240.0
16911,4a5cf927-5e23-4267-926e-9463e171f71e,5/3/2015 21:26,0,106235.0
16912,4a5cf927-5e23-4267-926e-9463e171f71e,5/3/2015 20:26,0,106235.0
16913,4a5cf927-5e23-4267-926e-9463e171f71e,5/3/2015 19:26,0,106235.0
16914,4a5cf927-5e23-4267-926e-9463e171f71e,5/3/2015 18:26,2,106235.0
16915,4a5cf927-5e23-4267-926e-9463e171f71e,5/3/2015 17:26,0,106233.0
16916,4a5cf927-5e23-4267-926e-9463e171f71e,5/3/2015 16:26,11,106233.0
16917,4a5cf927-5e23-4267-926e-9463e171f71e,5/3/2015 15:26,13,106222.0
16918,4a5cf927-5e23-4267-926e-9463e171f71e,5/3/2015 14:26,9,106209.0
16919,4a5cf927-5e23-4267-926e-9463e171f71e,5/3/2015 13:26,0,106200.0
16920,4a5cf927-5e23-4267-926e-9463e171f71e,5/3/2015 12:26,12,106200.0
16921,4a5cf927-5e23-4267-926e-9463e171f71e,5/3/2015 11:26,28,106188.0
16922,4a5cf927-5e23-4267-926e-9463e171f71e,5/3/2015 10:26,85,106160.0
16923,4a5cf927-5e23-4267-926e-9463e171f71e,5/3/2015 9:26,9,106075.0
16924,4a5cf927-5e23-4267-926e-9463e171f71e,5/3/2015 8:26,0,106066.0
16925,4a5cf927-5e23-4267-926e-9463e171f71e,5/3/2015 7:26,0,106066.0
16926,4a5cf927-5e23-4267-926e-9463e171f71e,5/3/2015 6:26,10,106066.0
16927,4a5cf927-5e23-4267-926e-9463e171f71e,5/3/2015 5:26,0,106056.0
16928,4a5cf927-5e23-4267-926e-9463e171f71e,5/3/2015 4:26,0,106056.0
16929,4a5cf927-5e23-4267-926e-9463e171f71e,5/3/2015 3:26,0,106056.0
16930,4a5cf927-5e23-4267-926e-9463e171f71e,5/3/2015 1:10,0,106056.0
16931,4a5cf927-5e23-4267-926e-9463e171f71e,5/3/2015 0:10,3,106056.0
16932,4a5cf927-5e23-4267-926e-9463e171f71e,4/3/2015 23:10,74,106053.0
16933,4a5cf927-5e23-4267-926e-9463e171f71e,4/3/2015 22:10,4,105979.0
16934,4a5cf927-5e23-4267-926e-9463e171f71e,4/3/2015 21:10,0,105975.0
16935,4a5cf927-5e23-4267-926e-9463e171f71e,4/3/2015 20:10,9,105975.0
16936,4a5cf927-5e23-4267-926e-9463e171f71e,4/3/2015 19:10,0,105966.0
16937,4a5cf927-5e23-4267-926e-9463e171f71e,4/3/2015 18:10,4,105966.0
16938,4a5cf927-5e23-4267-926e-9463e171f71e,4/3/2015 17:10,0,105962.0
16939,4a5cf927-5e23-4267-926e-9463e171f71e,4/3/2015 16:10,15,105962.0
16940,4a5cf927-5e23-4267-926e-9463e171f71e,4/3/2015 15:10,16,105947.0
16941,4a5cf927-5e23-4267-926e-9463e171f71e,4/3/2015 14:10,148,105931.0
16942,4a5cf927-5e23-4267-926e-9463e171f71e,4/3/2015 9:10,6,105783.0
16943,4a5cf927-5e23-4267-926e-9463e171f71e,4/3/2015 8:10,0,105777.0
16944,4a5cf927-5e23-4267-926e-9463e171f71e,4/3/2015 7:10,0,105777.0
16945,4a5cf927-5e23-4267-926e-9463e171f71e,4/3/2015 6:10,0,105777.0
16946,4a5cf927-5e23-4267-926e-9463e171f71e,4/3/2015 2:26,0,105777.0
16947,4a5cf927-5e23-4267-926e-9463e171f71e,4/3/2015 1:26,0,105777.0
16948,4a5cf927-5e23-4267-926e-9463e171f71e,4/3/2015 0:26,8,105777.0
16949,4a5cf927-5e23-4267-926e-9463e171f71e,3/3/2015 23:26,0,105769.0
16950,4a5cf927-5e23-4267-926e-9463e171f71e,3/3/2015 22:26,3,105769.0
16951,4a5cf927-5e23-4267-926e-9463e171f71e,3/3/2015 21:26,9,105766.0
16952,4a5cf927-5e23-4267-926e-9463e171f71e,3/3/2015 20:26,0,105757.0
16953,4a5cf927-5e23-4267-926e-9463e171f71e,3/3/2015 19:26,197,105757.0
16954,4a5cf927-5e23-4267-926e-9463e171f71e,3/3/2015 10:26,10,105560.0
16955,4a5cf927-5e23-4267-926e-9463e171f71e,3/3/2015 9:26,8,105550.0
16956,4a5cf927-5e23-4267-926e-9463e171f71e,3/3/2015 8:26,5,105542.0
16957,4a5cf927-5e23-4267-926e-9463e171f71e,3/3/2015 7:26,0,105537.0
16958,4a5cf927-5e23-4267-926e-9463e171f71e,3/3/2015 6:26,0,105537.0
16959,4a5cf927-5e23-4267-926e-9463e171f71e,3/3/2015 5:26,0,105537.0
16960,4a5cf927-5e23-4267-926e-9463e171f71e,3/3/2015 4:26,0,105537.0
16961,4a5cf927-5e23-4267-926e-9463e171f71e,3/3/2015 3:26,0,105537.0
16962,4a5cf927-5e23-4267-926e-9463e171f71e,3/3/2015 2:26,0,105537.0
16963,4a5cf927-5e23-4267-926e-9463e171f71e,3/3/2015 1:26,0,105537.0
16964,4a5cf927-5e23-4267-926e-9463e171f71e,3/3/2015 0:26,13,105537.0
16965,4a5cf927-5e23-4267-926e-9463e171f71e,2/3/2015 23:26,1,105524.0
16966,4a5cf927-5e23-4267-926e-9463e171f71e,2/3/2015 22:26,8,105523.0
16967,4a5cf927-5e23-4267-926e-9463e171f71e,2/3/2015 21:26,0,105515.0
16968,4a5cf927-5e23-4267-926e-9463e171f71e,2/3/2015 20:26,0,105515.0
16969,4a5cf927-5e23-4267-926e-9463e171f71e,2/3/2015 19:26,6,105515.0
16970,4a5cf927-5e23-4267-926e-9463e171f71e,2/3/2015 18:26,7,105509.0
16971,4a5cf927-5e23-4267-926e-9463e171f71e,2/3/2015 17:26,0,105502.0
16972,4a5cf927-5e23-4267-926e-9463e171f71e,2/3/2015 16:26,2,105502.0
16973,4a5cf927-5e23-4267-926e-9463e171f71e,2/3/2015 15:26,48,105500.0
16974,4a5cf927-5e23-4267-926e-9463e171f71e,2/3/2015 14:26,39,105452.0
16975,4a5cf927-5e23-4267-926e-9463e171f71e,2/3/2015 13:26,89,105413.0
16976,4a5cf927-5e23-4267-926e-9463e171f71e,2/3/2015 12:26,69,105324.0
16977,4a5cf927-5e23-4267-926e-9463e171f71e,2/3/2015 11:26,25,105255.0
16978,4a5cf927-5e23-4267-926e-9463e171f71e,2/3/2015 6:26,0,105230.0
16979,4a5cf927-5e23-4267-926e-9463e171f71e,2/3/2015 5:26,0,105230.0
16980,4a5cf927-5e23-4267-926e-9463e171f71e,2/3/2015 4:26,0,105230.0
16981,4a5cf927-5e23-4267-926e-9463e171f71e,2/3/2015 3:26,13,105230.0
16982,4a5cf927-5e23-4267-926e-9463e171f71e,2/3/2015 2:26,17,105217.0
16983,4a5cf927-5e23-4267-926e-9463e171f71e,2/3/2015 1:26,11,105200.0
16984,4a5cf927-5e23-4267-926e-9463e171f71e,2/3/2015 0:26,0,105189.0
16985,4a5cf927-5e23-4267-926e-9463e171f71e,1/3/2015 23:26,5,105189.0
16986,4a5cf927-5e23-4267-926e-9463e171f71e,1/3/2015 22:26,4,105184.0
16987,4a5cf927-5e23-4267-926e-9463e171f71e,1/3/2015 21:26,2,105180.0
16988,4a5cf927-5e23-4267-926e-9463e171f71e,1/3/2015 20:26,4,105178.0
16989,4a5cf927-5e23-4267-926e-9463e171f71e,1/3/2015 19:26,33,105174.0
16990,4a5cf927-5e23-4267-926e-9463e171f71e,1/3/2015 18:26,19,105141.0
16991,4a5cf927-5e23-4267-926e-9463e171f71e,1/3/2015 17:26,0,105122.0
16992,4a5cf927-5e23-4267-926e-9463e171f71e,1/3/2015 16:26,0,105122.0
16993,4a5cf927-5e23-4267-926e-9463e171f71e,1/3/2015 15:26,5,105122.0
16994,4a5cf927-5e23-4267-926e-9463e171f71e,1/3/2015 14:26,8,105117.0
16995,4a5cf927-5e23-4267-926e-9463e171f71e,1/3/2015 13:26,77,105109.0
16996,4a5cf927-5e23-4267-926e-9463e171f71e,1/3/2015 12:26,47,105032.0
16997,4a5cf927-5e23-4267-926e-9463e171f71e,1/3/2015 11:26,20,104985.0
16998,4a5cf927-5e23-4267-926e-9463e171f71e,1/3/2015 10:26,0,104965.0
16999,4a5cf927-5e23-4267-926e-9463e171f71e,1/3/2015 9:26,0,104965.0
17000,4a5cf927-5e23-4267-926e-9463e171f71e,1/3/2015 8:26,0,104965.0
17001,4a5cf927-5e23-4267-926e-9463e171f71e,1/3/2015 7:26,0,104965.0
17002,4a5cf927-5e23-4267-926e-9463e171f71e,1/3/2015 6:26,0,104965.0
17003,4a5cf927-5e23-4267-926e-9463e171f71e,1/3/2015 5:26,0,104965.0
17004,4a5cf927-5e23-4267-926e-9463e171f71e,1/3/2015 4:26,0,104965.0
17005,4a5cf927-5e23-4267-926e-9463e171f71e,1/3/2015 3:26,3,104965.0
17006,4a5cf927-5e23-4267-926e-9463e171f71e,1/3/2015 2:26,0,104962.0
17007,4a5cf927-5e23-4267-926e-9463e171f71e,1/3/2015 1:26,6,104962.0
17008,4a5cf927-5e23-4267-926e-9463e171f71e,1/3/2015 0:26,3,104956.0
17009,4a5cf927-5e23-4267-926e-9463e171f71e,28/02/2015 23:26:22,55,104953.0
17010,4a5cf927-5e23-4267-926e-9463e171f71e,28/02/2015 14:26:21,11,104898.0
17011,4a5cf927-5e23-4267-926e-9463e171f71e,28/02/2015 13:26:21,0,104887.0
17012,4a5cf927-5e23-4267-926e-9463e171f71e,28/02/2015 12:26:21,0,104887.0
17013,4a5cf927-5e23-4267-926e-9463e171f71e,28/02/2015 11:26:21,4,104887.0
17014,4a5cf927-5e23-4267-926e-9463e171f71e,28/02/2015 10:26:27,16,104883.0
17015,4a5cf927-5e23-4267-926e-9463e171f71e,28/02/2015 09:26:27,80,104867.0
17016,4a5cf927-5e23-4267-926e-9463e171f71e,28/02/2015 08:26:27,80,104787.0
17017,4a5cf927-5e23-4267-926e-9463e171f71e,28/02/2015 07:26:27,0,104707.0
17018,4a5cf927-5e23-4267-926e-9463e171f71e,28/02/2015 06:26:25,0,104707.0
17019,4a5cf927-5e23-4267-926e-9463e171f71e,28/02/2015 05:26:25,0,104707.0
17020,4a5cf927-5e23-4267-926e-9463e171f71e,28/02/2015 04:26:25,0,104707.0
17021,4a5cf927-5e23-4267-926e-9463e171f71e,28/02/2015 03:26:25,24,104707.0
17022,4a5cf927-5e23-4267-926e-9463e171f71e,27/02/2015 22:26:23,4,104683.0
17023,4a5cf927-5e23-4267-926e-9463e171f71e,27/02/2015 21:26:23,0,104679.0
17024,4a5cf927-5e23-4267-926e-9463e171f71e,27/02/2015 20:26:23,0,104679.0
17025,4a5cf927-5e23-4267-926e-9463e171f71e,27/02/2015 19:26:23,9,104679.0
17026,4a5cf927-5e23-4267-926e-9463e171f71e,27/02/2015 18:26:25,0,104670.0
17027,4a5cf927-5e23-4267-926e-9463e171f71e,27/02/2015 17:26:25,0,104670.0
17028,4a5cf927-5e23-4267-926e-9463e171f71e,27/02/2015 16:26:25,4,104670.0
17029,4a5cf927-5e23-4267-926e-9463e171f71e,27/02/2015 15:26:25,15,104666.0
17030,4a5cf927-5e23-4267-926e-9463e171f71e,27/02/2015 14:26:29,7,104651.0
17031,4a5cf927-5e23-4267-926e-9463e171f71e,27/02/2015 13:26:29,4,104644.0
17032,4a5cf927-5e23-4267-926e-9463e171f71e,27/02/2015 12:26:29,86,104640.0
17033,4a5cf927-5e23-4267-926e-9463e171f71e,27/02/2015 11:26:29,37,104554.0
17034,4a5cf927-5e23-4267-926e-9463e171f71e,27/02/2015 10:26:26,46,104517.0
17035,4a5cf927-5e23-4267-926e-9463e171f71e,27/02/2015 09:26:26,14,104471.0
17036,4a5cf927-5e23-4267-926e-9463e171f71e,27/02/2015 08:26:26,0,104457.0
17037,4a5cf927-5e23-4267-926e-9463e171f71e,27/02/2015 07:26:26,0,104457.0
17038,4a5cf927-5e23-4267-926e-9463e171f71e,27/02/2015 06:26:25,0,104457.0
17039,4a5cf927-5e23-4267-926e-9463e171f71e,27/02/2015 05:26:25,0,104457.0
17040,4a5cf927-5e23-4267-926e-9463e171f71e,27/02/2015 04:26:25,0,104457.0
17041,4a5cf927-5e23-4267-926e-9463e171f71e,27/02/2015 03:26:25,0,104457.0
17042,4a5cf927-5e23-4267-926e-9463e171f71e,27/02/2015 02:26:26,3,104457.0
17043,4a5cf927-5e23-4267-926e-9463e171f71e,27/02/2015 01:26:26,0,104454.0
17044,4a5cf927-5e23-4267-926e-9463e171f71e,27/02/2015 00:26:26,4,104454.0
17045,4a5cf927-5e23-4267-926e-9463e171f71e,26/02/2015 23:26:26,5,104450.0
17046,4a5cf927-5e23-4267-926e-9463e171f71e,26/02/2015 22:26:26,0,104445.0
17047,4a5cf927-5e23-4267-926e-9463e171f71e,26/02/2015 21:26:26,0,104445.0
17048,4a5cf927-5e23-4267-926e-9463e171f71e,26/02/2015 20:26:26,0,104445.0
17049,4a5cf927-5e23-4267-926e-9463e171f71e,26/02/2015 19:26:26,0,104445.0
17050,4a5cf927-5e23-4267-926e-9463e171f71e,26/02/2015 18:26:32,0,104445.0
17051,4a5cf927-5e23-4267-926e-9463e171f71e,26/02/2015 17:26:32,0,104445.0
17052,4a5cf927-5e23-4267-926e-9463e171f71e,26/02/2015 16:26:32,0,104445.0
17053,4a5cf927-5e23-4267-926e-9463e171f71e,26/02/2015 15:26:32,12,104445.0
17054,4a5cf927-5e23-4267-926e-9463e171f71e,26/02/2015 14:26:27,25,104433.0
17055,4a5cf927-5e23-4267-926e-9463e171f71e,26/02/2015 13:26:27,9,104408.0
17056,4a5cf927-5e23-4267-926e-9463e171f71e,26/02/2015 12:26:27,23,104399.0
17057,4a5cf927-5e23-4267-926e-9463e171f71e,26/02/2015 11:26:27,106,104376.0
17058,4a5cf927-5e23-4267-926e-9463e171f71e,26/02/2015 10:26:29,32,104270.0
17059,4a5cf927-5e23-4267-926e-9463e171f71e,26/02/2015 09:26:29,13,104238.0
17060,4a5cf927-5e23-4267-926e-9463e171f71e,26/02/2015 08:26:29,73,104225.0
17061,4a5cf927-5e23-4267-926e-9463e171f71e,26/02/2015 07:26:29,0,104152.0
17062,4a5cf927-5e23-4267-926e-9463e171f71e,26/02/2015 06:26:28,0,104152.0
17063,4a5cf927-5e23-4267-926e-9463e171f71e,26/02/2015 05:26:28,0,104152.0
17064,4a5cf927-5e23-4267-926e-9463e171f71e,26/02/2015 04:26:28,0,104152.0
17065,4a5cf927-5e23-4267-926e-9463e171f71e,26/02/2015 03:26:28,0,104152.0
17066,4a5cf927-5e23-4267-926e-9463e171f71e,26/02/2015 02:26:31,0,104152.0
17067,4a5cf927-5e23-4267-926e-9463e171f71e,26/02/2015 01:26:31,0,104152.0
17068,4a5cf927-5e23-4267-926e-9463e171f71e,26/02/2015 00:26:31,23,104152.0
17069,4a5cf927-5e23-4267-926e-9463e171f71e,25/02/2015 23:26:31,32,104129.0
17070,4a5cf927-5e23-4267-926e-9463e171f71e,25/02/2015 18:26:31,20,104097.0
17071,4a5cf927-5e23-4267-926e-9463e171f71e,25/02/2015 17:26:31,0,104077.0
17072,4a5cf927-5e23-4267-926e-9463e171f71e,25/02/2015 16:26:31,17,104077.0
17073,4a5cf927-5e23-4267-926e-9463e171f71e,25/02/2015 15:26:31,7,104060.0
17074,4a5cf927-5e23-4267-926e-9463e171f71e,25/02/2015 14:26:29,27,104053.0
17075,4a5cf927-5e23-4267-926e-9463e171f71e,25/02/2015 13:26:29,40,104026.0
17076,4a5cf927-5e23-4267-926e-9463e171f71e,25/02/2015 12:26:29,23,103986.0
17077,4a5cf927-5e23-4267-926e-9463e171f71e,25/02/2015 11:26:29,1,103963.0
17078,4a5cf927-5e23-4267-926e-9463e171f71e,25/02/2015 10:26:31,33,103962.0
17079,4a5cf927-5e23-4267-926e-9463e171f71e,25/02/2015 09:26:31,23,103929.0
17080,4a5cf927-5e23-4267-926e-9463e171f71e,25/02/2015 08:26:31,86,103906.0
17081,4a5cf927-5e23-4267-926e-9463e171f71e,25/02/2015 07:26:31,0,103820.0
17082,4a5cf927-5e23-4267-926e-9463e171f71e,25/02/2015 02:26:31,0,103820.0
17083,4a5cf927-5e23-4267-926e-9463e171f71e,25/02/2015 01:26:31,0,103820.0
17084,4a5cf927-5e23-4267-926e-9463e171f71e,25/02/2015 00:26:31,3,103820.0
17085,4a5cf927-5e23-4267-926e-9463e171f71e,24/02/2015 23:26:31,0,103817.0
17086,4a5cf927-5e23-4267-926e-9463e171f71e,24/02/2015 22:26:30,10,103817.0
17087,4a5cf927-5e23-4267-926e-9463e171f71e,24/02/2015 21:26:30,4,103807.0
17088,4a5cf927-5e23-4267-926e-9463e171f71e,24/02/2015 20:26:30,0,103803.0
17089,4a5cf927-5e23-4267-926e-9463e171f71e,24/02/2015 19:26:30,9,103803.0
17090,4a5cf927-5e23-4267-926e-9463e171f71e,24/02/2015 18:26:33,0,103794.0
17091,4a5cf927-5e23-4267-926e-9463e171f71e,24/02/2015 17:26:33,8,103794.0
17092,4a5cf927-5e23-4267-926e-9463e171f71e,24/02/2015 16:26:33,6,103786.0
17093,4a5cf927-5e23-4267-926e-9463e171f71e,24/02/2015 15:26:33,14,103780.0
17094,4a5cf927-5e23-4267-926e-9463e171f71e,24/02/2015 14:26:32,9,103766.0
17095,4a5cf927-5e23-4267-926e-9463e171f71e,24/02/2015 13:26:32,8,103757.0
17096,4a5cf927-5e23-4267-926e-9463e171f71e,24/02/2015 12:26:32,0,103749.0
17097,4a5cf927-5e23-4267-926e-9463e171f71e,24/02/2015 11:26:32,179,103749.0
17098,4a5cf927-5e23-4267-926e-9463e171f71e,23/02/2015 22:26:32,5,103570.0
17099,4a5cf927-5e23-4267-926e-9463e171f71e,23/02/2015 21:26:32,0,103565.0
17100,4a5cf927-5e23-4267-926e-9463e171f71e,23/02/2015 20:26:32,0,103565.0
17101,4a5cf927-5e23-4267-926e-9463e171f71e,23/02/2015 19:26:32,6,103565.0
17102,4a5cf927-5e23-4267-926e-9463e171f71e,23/02/2015 18:26:36,0,103559.0
17103,4a5cf927-5e23-4267-926e-9463e171f71e,23/02/2015 17:26:36,4,103559.0
17104,4a5cf927-5e23-4267-926e-9463e171f71e,23/02/2015 16:26:36,11,103555.0
17105,4a5cf927-5e23-4267-926e-9463e171f71e,23/02/2015 15:26:36,13,103544.0
17106,4a5cf927-5e23-4267-926e-9463e171f71e,23/02/2015 14:26:34,5,103531.0
17107,4a5cf927-5e23-4267-926e-9463e171f71e,23/02/2015 13:26:34,0,103526.0
17108,4a5cf927-5e23-4267-926e-9463e171f71e,23/02/2015 12:26:34,0,103526.0
17109,4a5cf927-5e23-4267-926e-9463e171f71e,23/02/2015 11:26:34,126,103526.0
17110,4a5cf927-5e23-4267-926e-9463e171f71e,23/02/2015 06:26:36,1,103400.0
17111,4a5cf927-5e23-4267-926e-9463e171f71e,23/02/2015 05:26:36,0,103399.0
17112,4a5cf927-5e23-4267-926e-9463e171f71e,23/02/2015 04:26:36,0,103399.0
17113,4a5cf927-5e23-4267-926e-9463e171f71e,23/02/2015 03:26:36,0,103399.0
17114,4a5cf927-5e23-4267-926e-9463e171f71e,23/02/2015 02:26:37,0,103399.0
17115,4a5cf927-5e23-4267-926e-9463e171f71e,23/02/2015 01:26:37,0,103399.0
17116,4a5cf927-5e23-4267-926e-9463e171f71e,23/02/2015 00:26:37,13,103399.0
17117,4a5cf927-5e23-4267-926e-9463e171f71e,22/02/2015 23:26:37,6,103386.0
17118,4a5cf927-5e23-4267-926e-9463e171f71e,22/02/2015 22:26:35,8,103380.0
17119,4a5cf927-5e23-4267-926e-9463e171f71e,22/02/2015 21:26:35,3,103372.0
17120,4a5cf927-5e23-4267-926e-9463e171f71e,22/02/2015 20:26:35,0,103369.0
17121,4a5cf927-5e23-4267-926e-9463e171f71e,22/02/2015 19:26:35,0,103369.0
17122,4a5cf927-5e23-4267-926e-9463e171f71e,22/02/2015 18:26:38,0,103369.0
17123,4a5cf927-5e23-4267-926e-9463e171f71e,22/02/2015 17:26:38,3,103369.0
17124,4a5cf927-5e23-4267-926e-9463e171f71e,22/02/2015 16:26:38,0,103366.0
17125,4a5cf927-5e23-4267-926e-9463e171f71e,22/02/2015 15:26:38,0,103366.0
17126,4a5cf927-5e23-4267-926e-9463e171f71e,22/02/2015 14:26:35,0,103366.0
17127,4a5cf927-5e23-4267-926e-9463e171f71e,22/02/2015 13:26:35,0,103366.0
17128,4a5cf927-5e23-4267-926e-9463e171f71e,22/02/2015 12:26:35,0,103366.0
17129,4a5cf927-5e23-4267-926e-9463e171f71e,22/02/2015 11:26:35,11,103366.0
17130,4a5cf927-5e23-4267-926e-9463e171f71e,22/02/2015 10:26:40,23,103355.0
17131,4a5cf927-5e23-4267-926e-9463e171f71e,22/02/2015 09:26:40,98,103332.0
17132,4a5cf927-5e23-4267-926e-9463e171f71e,22/02/2015 08:26:40,0,103234.0
17133,4a5cf927-5e23-4267-926e-9463e171f71e,22/02/2015 07:26:40,0,103234.0
17134,4a5cf927-5e23-4267-926e-9463e171f71e,22/02/2015 06:26:37,0,103234.0
17135,4a5cf927-5e23-4267-926e-9463e171f71e,22/02/2015 05:26:37,0,103234.0
17136,4a5cf927-5e23-4267-926e-9463e171f71e,22/02/2015 04:26:37,0,103234.0
17137,4a5cf927-5e23-4267-926e-9463e171f71e,22/02/2015 03:26:37,0,103234.0
17138,4a5cf927-5e23-4267-926e-9463e171f71e,22/02/2015 02:26:40,6,103234.0
17139,4a5cf927-5e23-4267-926e-9463e171f71e,22/02/2015 01:26:40,0,103228.0
17140,4a5cf927-5e23-4267-926e-9463e171f71e,22/02/2015 00:26:40,0,103228.0
17141,4a5cf927-5e23-4267-926e-9463e171f71e,21/02/2015 23:26:40,10,103228.0
17142,4a5cf927-5e23-4267-926e-9463e171f71e,21/02/2015 18:26:39,0,103218.0
17143,4a5cf927-5e23-4267-926e-9463e171f71e,21/02/2015 17:26:39,7,103218.0
17144,4a5cf927-5e23-4267-926e-9463e171f71e,21/02/2015 16:26:39,0,103211.0
17145,4a5cf927-5e23-4267-926e-9463e171f71e,21/02/2015 15:26:39,18,103211.0
17146,4a5cf927-5e23-4267-926e-9463e171f71e,21/02/2015 14:26:38,6,103193.0
17147,4a5cf927-5e23-4267-926e-9463e171f71e,21/02/2015 13:26:38,17,103187.0
17148,4a5cf927-5e23-4267-926e-9463e171f71e,21/02/2015 12:26:38,69,103170.0
17149,4a5cf927-5e23-4267-926e-9463e171f71e,21/02/2015 11:26:38,115,103101.0
17150,4a5cf927-5e23-4267-926e-9463e171f71e,21/02/2015 10:26:40,21,102986.0
17151,4a5cf927-5e23-4267-926e-9463e171f71e,21/02/2015 09:26:40,5,102965.0
17152,4a5cf927-5e23-4267-926e-9463e171f71e,21/02/2015 08:26:40,0,102960.0
17153,4a5cf927-5e23-4267-926e-9463e171f71e,21/02/2015 07:26:40,0,102960.0
17154,4a5cf927-5e23-4267-926e-9463e171f71e,21/02/2015 06:26:40,1,102960.0
17155,4a5cf927-5e23-4267-926e-9463e171f71e,21/02/2015 05:26:40,0,102959.0
17156,4a5cf927-5e23-4267-926e-9463e171f71e,21/02/2015 04:26:40,0,102959.0
17157,4a5cf927-5e23-4267-926e-9463e171f71e,21/02/2015 03:26:40,8,102959.0
17158,4a5cf927-5e23-4267-926e-9463e171f71e,20/02/2015 18:26:57,12,102951.0
17159,4a5cf927-5e23-4267-926e-9463e171f71e,20/02/2015 17:26:57,18,102939.0
17160,4a5cf927-5e23-4267-926e-9463e171f71e,20/02/2015 16:26:57,7,102921.0
17161,4a5cf927-5e23-4267-926e-9463e171f71e,20/02/2015 15:26:57,137,102914.0
17162,4a5cf927-5e23-4267-926e-9463e171f71e,20/02/2015 10:26:48,37,102777.0
17163,4a5cf927-5e23-4267-926e-9463e171f71e,20/02/2015 09:26:48,12,102740.0
17164,4a5cf927-5e23-4267-926e-9463e171f71e,20/02/2015 08:26:48,0,102728.0
17165,4a5cf927-5e23-4267-926e-9463e171f71e,20/02/2015 07:26:48,0,102728.0
17166,4a5cf927-5e23-4267-926e-9463e171f71e,20/02/2015 02:26:42,0,102728.0
17167,4a5cf927-5e23-4267-926e-9463e171f71e,20/02/2015 01:26:42,0,102728.0
17168,4a5cf927-5e23-4267-926e-9463e171f71e,20/02/2015 00:26:42,0,102728.0
17169,4a5cf927-5e23-4267-926e-9463e171f71e,19/02/2015 23:26:42,14,102728.0
17170,4a5cf927-5e23-4267-926e-9463e171f71e,19/02/2015 18:26:43,6,102714.0
17171,4a5cf927-5e23-4267-926e-9463e171f71e,19/02/2015 17:26:43,0,102708.0
17172,4a5cf927-5e23-4267-926e-9463e171f71e,19/02/2015 16:26:43,0,102708.0
17173,4a5cf927-5e23-4267-926e-9463e171f71e,19/02/2015 15:26:43,24,102708.0
17174,4a5cf927-5e23-4267-926e-9463e171f71e,19/02/2015 14:26:43,5,102684.0
17175,4a5cf927-5e23-4267-926e-9463e171f71e,19/02/2015 13:26:43,19,102679.0
17176,4a5cf927-5e23-4267-926e-9463e171f71e,19/02/2015 12:26:43,55,102660.0
17177,4a5cf927-5e23-4267-926e-9463e171f71e,19/02/2015 11:26:43,90,102605.0
17178,4a5cf927-5e23-4267-926e-9463e171f71e,19/02/2015 10:26:44,42,102515.0
17179,4a5cf927-5e23-4267-926e-9463e171f71e,19/02/2015 09:26:44,9,102473.0
17180,4a5cf927-5e23-4267-926e-9463e171f71e,19/02/2015 08:26:44,0,102464.0
17181,4a5cf927-5e23-4267-926e-9463e171f71e,19/02/2015 07:26:44,0,102464.0
17182,4a5cf927-5e23-4267-926e-9463e171f71e,19/02/2015 02:26:45,0,102464.0
17183,4a5cf927-5e23-4267-926e-9463e171f71e,19/02/2015 01:26:45,0,102464.0
17184,4a5cf927-5e23-4267-926e-9463e171f71e,19/02/2015 00:26:45,8,102464.0
17185,4a5cf927-5e23-4267-926e-9463e171f71e,18/02/2015 23:26:45,0,102456.0
17186,4a5cf927-5e23-4267-926e-9463e171f71e,18/02/2015 22:26:43,0,102456.0
17187,4a5cf927-5e23-4267-926e-9463e171f71e,18/02/2015 21:26:43,0,102456.0
17188,4a5cf927-5e23-4267-926e-9463e171f71e,18/02/2015 20:26:43,0,102456.0
17189,4a5cf927-5e23-4267-926e-9463e171f71e,18/02/2015 19:26:43,0,102456.0
17190,4a5cf927-5e23-4267-926e-9463e171f71e,18/02/2015 18:26:47,0,102456.0
17191,4a5cf927-5e23-4267-926e-9463e171f71e,18/02/2015 17:26:47,0,102456.0
17192,4a5cf927-5e23-4267-926e-9463e171f71e,18/02/2015 16:26:47,0,102456.0
17193,4a5cf927-5e23-4267-926e-9463e171f71e,18/02/2015 15:26:47,38,102456.0
17194,4a5cf927-5e23-4267-926e-9463e171f71e,18/02/2015 10:26:47,0,102418.0
17195,4a5cf927-5e23-4267-926e-9463e171f71e,18/02/2015 09:26:47,0,102418.0
17196,4a5cf927-5e23-4267-926e-9463e171f71e,18/02/2015 08:26:47,0,102418.0
17197,4a5cf927-5e23-4267-926e-9463e171f71e,18/02/2015 07:26:47,0,102418.0
17198,4a5cf927-5e23-4267-926e-9463e171f71e,18/02/2015 02:26:54,0,102418.0
17199,4a5cf927-5e23-4267-926e-9463e171f71e,18/02/2015 01:26:54,0,102418.0
17200,4a5cf927-5e23-4267-926e-9463e171f71e,18/02/2015 00:26:54,0,102418.0
17201,4a5cf927-5e23-4267-926e-9463e171f71e,17/02/2015 23:26:54,0,102418.0
17202,4a5cf927-5e23-4267-926e-9463e171f71e,17/02/2015 22:26:48,0,102418.0
17203,4a5cf927-5e23-4267-926e-9463e171f71e,17/02/2015 21:26:48,0,102418.0
17204,4a5cf927-5e23-4267-926e-9463e171f71e,17/02/2015 20:26:48,0,102418.0
17205,4a5cf927-5e23-4267-926e-9463e171f71e,17/02/2015 19:26:48,0,102418.0
17206,4a5cf927-5e23-4267-926e-9463e171f71e,17/02/2015 14:26:50,0,102418.0
17207,4a5cf927-5e23-4267-926e-9463e171f71e,17/02/2015 13:26:50,0,102418.0
17208,4a5cf927-5e23-4267-926e-9463e171f71e,17/02/2015 12:26:50,0,102418.0
17209,4a5cf927-5e23-4267-926e-9463e171f71e,17/02/2015 11:26:50,0,102418.0
17210,4a5cf927-5e23-4267-926e-9463e171f71e,17/02/2015 10:26:51,0,102418.0
17211,4a5cf927-5e23-4267-926e-9463e171f71e,17/02/2015 09:26:51,0,102418.0
17212,4a5cf927-5e23-4267-926e-9463e171f71e,17/02/2015 08:26:51,0,102418.0
17213,4a5cf927-5e23-4267-926e-9463e171f71e,17/02/2015 07:26:51,0,102418.0
17214,4a5cf927-5e23-4267-926e-9463e171f71e,17/02/2015 06:26:50,0,102418.0
17215,4a5cf927-5e23-4267-926e-9463e171f71e,17/02/2015 05:26:50,0,102418.0
17216,4a5cf927-5e23-4267-926e-9463e171f71e,17/02/2015 04:26:50,0,102418.0
17217,4a5cf927-5e23-4267-926e-9463e171f71e,17/02/2015 03:26:50,0,102418.0
17218,4a5cf927-5e23-4267-926e-9463e171f71e,17/02/2015 02:26:50,0,102418.0
17219,4a5cf927-5e23-4267-926e-9463e171f71e,17/02/2015 01:26:50,0,102418.0
17220,4a5cf927-5e23-4267-926e-9463e171f71e,17/02/2015 00:26:50,0,102418.0
17221,4a5cf927-5e23-4267-926e-9463e171f71e,16/02/2015 23:26:50,0,102418.0
17222,4a5cf927-5e23-4267-926e-9463e171f71e,16/02/2015 22:27:01,0,102418.0
17223,4a5cf927-5e23-4267-926e-9463e171f71e,16/02/2015 21:27:01,0,102418.0
17224,4a5cf927-5e23-4267-926e-9463e171f71e,16/02/2015 20:27:01,1,102418.0
17225,4a5cf927-5e23-4267-926e-9463e171f71e,16/02/2015 19:27:01,0,102417.0
17226,4a5cf927-5e23-4267-926e-9463e171f71e,16/02/2015 18:26:51,0,102417.0
17227,4a5cf927-5e23-4267-926e-9463e171f71e,16/02/2015 17:26:51,0,102417.0
17228,4a5cf927-5e23-4267-926e-9463e171f71e,16/02/2015 16:26:51,0,102417.0
17229,4a5cf927-5e23-4267-926e-9463e171f71e,16/02/2015 15:26:51,0,102417.0
17230,4a5cf927-5e23-4267-926e-9463e171f71e,16/02/2015 14:27:00,0,102417.0
17231,4a5cf927-5e23-4267-926e-9463e171f71e,16/02/2015 13:27:00,0,102417.0
17232,4a5cf927-5e23-4267-926e-9463e171f71e,16/02/2015 12:27:00,0,102417.0
17233,4a5cf927-5e23-4267-926e-9463e171f71e,16/02/2015 11:27:00,0,102417.0
17234,4a5cf927-5e23-4267-926e-9463e171f71e,16/02/2015 10:26:51,0,102417.0
17235,4a5cf927-5e23-4267-926e-9463e171f71e,16/02/2015 09:26:51,0,102417.0
17236,4a5cf927-5e23-4267-926e-9463e171f71e,16/02/2015 08:26:51,0,102417.0
17237,4a5cf927-5e23-4267-926e-9463e171f71e,16/02/2015 07:26:51,0,102417.0
17238,4a5cf927-5e23-4267-926e-9463e171f71e,16/02/2015 06:26:52,0,102417.0
17239,4a5cf927-5e23-4267-926e-9463e171f71e,16/02/2015 05:26:52,0,102417.0
17240,4a5cf927-5e23-4267-926e-9463e171f71e,16/02/2015 04:26:52,0,102417.0
17241,4a5cf927-5e23-4267-926e-9463e171f71e,16/02/2015 03:26:52,0,102417.0
17242,4a5cf927-5e23-4267-926e-9463e171f71e,16/02/2015 02:26:52,0,102417.0
17243,4a5cf927-5e23-4267-926e-9463e171f71e,16/02/2015 01:26:52,0,102417.0
17244,4a5cf927-5e23-4267-926e-9463e171f71e,16/02/2015 00:26:52,0,102417.0
17245,4a5cf927-5e23-4267-926e-9463e171f71e,15/02/2015 23:26:52,0,102417.0
17246,4a5cf927-5e23-4267-926e-9463e171f71e,15/02/2015 22:26:51,0,102417.0
17247,4a5cf927-5e23-4267-926e-9463e171f71e,15/02/2015 21:26:51,0,102417.0
17248,4a5cf927-5e23-4267-926e-9463e171f71e,15/02/2015 20:26:51,0,102417.0
17249,4a5cf927-5e23-4267-926e-9463e171f71e,15/02/2015 19:26:51,0,102417.0
17250,4a5cf927-5e23-4267-926e-9463e171f71e,15/02/2015 18:26:53,0,102417.0
17251,4a5cf927-5e23-4267-926e-9463e171f71e,15/02/2015 17:26:53,0,102417.0
17252,4a5cf927-5e23-4267-926e-9463e171f71e,15/02/2015 16:26:53,0,102417.0
17253,4a5cf927-5e23-4267-926e-9463e171f71e,15/02/2015 15:26:53,0,102417.0
17254,4a5cf927-5e23-4267-926e-9463e171f71e,15/02/2015 14:26:52,0,102417.0
17255,4a5cf927-5e23-4267-926e-9463e171f71e,15/02/2015 13:26:52,0,102417.0
17256,4a5cf927-5e23-4267-926e-9463e171f71e,15/02/2015 12:26:52,0,102417.0
17257,4a5cf927-5e23-4267-926e-9463e171f71e,15/02/2015 11:26:52,1,102417.0
17258,4a5cf927-5e23-4267-926e-9463e171f71e,15/02/2015 10:26:49,0,102416.0
17259,4a5cf927-5e23-4267-926e-9463e171f71e,15/02/2015 09:26:49,0,102416.0
17260,4a5cf927-5e23-4267-926e-9463e171f71e,15/02/2015 08:26:49,26,102416.0
17261,4a5cf927-5e23-4267-926e-9463e171f71e,15/02/2015 07:26:49,90,102390.0
17262,4a5cf927-5e23-4267-926e-9463e171f71e,15/02/2015 02:26:49,0,102300.0
17263,4a5cf927-5e23-4267-926e-9463e171f71e,15/02/2015 01:26:49,0,102300.0
17264,4a5cf927-5e23-4267-926e-9463e171f71e,15/02/2015 00:26:49,0,102300.0
17265,4a5cf927-5e23-4267-926e-9463e171f71e,14/02/2015 23:26:49,14,102300.0
17266,4a5cf927-5e23-4267-926e-9463e171f71e,14/02/2015 22:26:54,5,102286.0
17267,4a5cf927-5e23-4267-926e-9463e171f71e,14/02/2015 21:26:54,0,102281.0
17268,4a5cf927-5e23-4267-926e-9463e171f71e,14/02/2015 20:26:54,0,102281.0
17269,4a5cf927-5e23-4267-926e-9463e171f71e,14/02/2015 19:26:54,2,102281.0
17270,4a5cf927-5e23-4267-926e-9463e171f71e,14/02/2015 18:26:57,0,102279.0
17271,4a5cf927-5e23-4267-926e-9463e171f71e,14/02/2015 17:26:57,2,102279.0
17272,4a5cf927-5e23-4267-926e-9463e171f71e,14/02/2015 16:26:57,12,102277.0
17273,4a5cf927-5e23-4267-926e-9463e171f71e,14/02/2015 15:26:57,54,102265.0
17274,4a5cf927-5e23-4267-926e-9463e171f71e,14/02/2015 14:26:55,10,102211.0
17275,4a5cf927-5e23-4267-926e-9463e171f71e,14/02/2015 13:26:55,8,102201.0
17276,4a5cf927-5e23-4267-926e-9463e171f71e,14/02/2015 12:26:55,139,102193.0
17277,4a5cf927-5e23-4267-926e-9463e171f71e,14/02/2015 11:26:55,51,102054.0
17278,4a5cf927-5e23-4267-926e-9463e171f71e,14/02/2015 06:26:55,0,102003.0
17279,4a5cf927-5e23-4267-926e-9463e171f71e,14/02/2015 05:26:55,0,102003.0
17280,4a5cf927-5e23-4267-926e-9463e171f71e,14/02/2015 04:26:55,0,102003.0
17281,4a5cf927-5e23-4267-926e-9463e171f71e,14/02/2015 03:26:55,0,102003.0
17282,4a5cf927-5e23-4267-926e-9463e171f71e,14/02/2015 02:26:58,0,102003.0
17283,4a5cf927-5e23-4267-926e-9463e171f71e,14/02/2015 01:26:58,15,102003.0
17284,4a5cf927-5e23-4267-926e-9463e171f71e,14/02/2015 00:26:58,2,101988.0
17285,4a5cf927-5e23-4267-926e-9463e171f71e,13/02/2015 23:26:58,28,101986.0
17286,4a5cf927-5e23-4267-926e-9463e171f71e,13/02/2015 18:26:59,0,101958.0
17287,4a5cf927-5e23-4267-926e-9463e171f71e,13/02/2015 17:26:59,0,101958.0
17288,4a5cf927-5e23-4267-926e-9463e171f71e,13/02/2015 16:26:59,3,101958.0
17289,4a5cf927-5e23-4267-926e-9463e171f71e,13/02/2015 15:26:59,1,101955.0
17290,4a5cf927-5e23-4267-926e-9463e171f71e,13/02/2015 14:26:56,5,101954.0
17291,4a5cf927-5e23-4267-926e-9463e171f71e,13/02/2015 13:26:56,3,101949.0
17292,4a5cf927-5e23-4267-926e-9463e171f71e,13/02/2015 12:26:56,2,101946.0
17293,4a5cf927-5e23-4267-926e-9463e171f71e,13/02/2015 11:26:56,95,101944.0
17294,4a5cf927-5e23-4267-926e-9463e171f71e,13/02/2015 06:26:58,0,101849.0
17295,4a5cf927-5e23-4267-926e-9463e171f71e,13/02/2015 05:26:58,0,101849.0
17296,4a5cf927-5e23-4267-926e-9463e171f71e,13/02/2015 04:26:58,0,101849.0
17297,4a5cf927-5e23-4267-926e-9463e171f71e,13/02/2015 03:26:58,0,101849.0
17298,4a5cf927-5e23-4267-926e-9463e171f71e,13/02/2015 02:27:01,0,101849.0
17299,4a5cf927-5e23-4267-926e-9463e171f71e,13/02/2015 01:27:01,0,101849.0
17300,4a5cf927-5e23-4267-926e-9463e171f71e,13/02/2015 00:27:01,18,101849.0
17301,4a5cf927-5e23-4267-926e-9463e171f71e,12/2/2015 23:27,10,101831.0
17302,4a5cf927-5e23-4267-926e-9463e171f71e,12/2/2015 22:26,0,101821.0
17303,4a5cf927-5e23-4267-926e-9463e171f71e,12/2/2015 21:26,0,101821.0
17304,4a5cf927-5e23-4267-926e-9463e171f71e,12/2/2015 20:26,0,101821.0
17305,4a5cf927-5e23-4267-926e-9463e171f71e,12/2/2015 19:26,15,101821.0
17306,4a5cf927-5e23-4267-926e-9463e171f71e,12/2/2015 14:26,12,101806.0
17307,4a5cf927-5e23-4267-926e-9463e171f71e,12/2/2015 13:26,13,101794.0
17308,4a5cf927-5e23-4267-926e-9463e171f71e,12/2/2015 12:26,87,101781.0
17309,4a5cf927-5e23-4267-926e-9463e171f71e,12/2/2015 11:26,13,101694.0
17310,4a5cf927-5e23-4267-926e-9463e171f71e,12/2/2015 10:27,2,101681.0
17311,4a5cf927-5e23-4267-926e-9463e171f71e,12/2/2015 9:27,10,101679.0
17312,4a5cf927-5e23-4267-926e-9463e171f71e,12/2/2015 8:27,72,101669.0
17313,4a5cf927-5e23-4267-926e-9463e171f71e,12/2/2015 7:27,0,101597.0
17314,4a5cf927-5e23-4267-926e-9463e171f71e,12/2/2015 6:27,0,101597.0
17315,4a5cf927-5e23-4267-926e-9463e171f71e,12/2/2015 5:27,0,101597.0
17316,4a5cf927-5e23-4267-926e-9463e171f71e,12/2/2015 4:27,0,101597.0
17317,4a5cf927-5e23-4267-926e-9463e171f71e,12/2/2015 3:27,0,101597.0
17318,4a5cf927-5e23-4267-926e-9463e171f71e,12/2/2015 2:27,0,101597.0
17319,4a5cf927-5e23-4267-926e-9463e171f71e,12/2/2015 1:27,0,101597.0
17320,4a5cf927-5e23-4267-926e-9463e171f71e,12/2/2015 0:27,5,101597.0
17321,4a5cf927-5e23-4267-926e-9463e171f71e,11/2/2015 23:27,4,101592.0
17322,4a5cf927-5e23-4267-926e-9463e171f71e,11/2/2015 22:27,5,101588.0
17323,4a5cf927-5e23-4267-926e-9463e171f71e,11/2/2015 21:27,0,101583.0
17324,4a5cf927-5e23-4267-926e-9463e171f71e,11/2/2015 20:27,0,101583.0
17325,4a5cf927-5e23-4267-926e-9463e171f71e,11/2/2015 19:27,106,101583.0
17326,4a5cf927-5e23-4267-926e-9463e171f71e,11/2/2015 14:27,11,101477.0
17327,4a5cf927-5e23-4267-926e-9463e171f71e,11/2/2015 13:27,11,101466.0
17328,4a5cf927-5e23-4267-926e-9463e171f71e,11/2/2015 12:27,0,101455.0
17329,4a5cf927-5e23-4267-926e-9463e171f71e,11/2/2015 11:27,11,101455.0
17330,4a5cf927-5e23-4267-926e-9463e171f71e,11/2/2015 10:27,14,101444.0
17331,4a5cf927-5e23-4267-926e-9463e171f71e,11/2/2015 9:27,57,101430.0
17332,4a5cf927-5e23-4267-926e-9463e171f71e,11/2/2015 8:27,75,101373.0
17333,4a5cf927-5e23-4267-926e-9463e171f71e,11/2/2015 7:27,0,101298.0
17334,4a5cf927-5e23-4267-926e-9463e171f71e,11/2/2015 6:27,0,101298.0
17335,4a5cf927-5e23-4267-926e-9463e171f71e,11/2/2015 5:27,0,101298.0
17336,4a5cf927-5e23-4267-926e-9463e171f71e,11/2/2015 4:27,0,101298.0
17337,4a5cf927-5e23-4267-926e-9463e171f71e,11/2/2015 3:27,0,101298.0
17338,4a5cf927-5e23-4267-926e-9463e171f71e,11/2/2015 2:27,0,101298.0
17339,4a5cf927-5e23-4267-926e-9463e171f71e,11/2/2015 1:27,0,101298.0
17340,4a5cf927-5e23-4267-926e-9463e171f71e,11/2/2015 0:27,4,101298.0
17341,4a5cf927-5e23-4267-926e-9463e171f71e,10/2/2015 23:27,0,101294.0
17342,4a5cf927-5e23-4267-926e-9463e171f71e,10/2/2015 22:27,3,101294.0
17343,4a5cf927-5e23-4267-926e-9463e171f71e,10/2/2015 21:27,7,101291.0
17344,4a5cf927-5e23-4267-926e-9463e171f71e,10/2/2015 20:27,0,101284.0
17345,4a5cf927-5e23-4267-926e-9463e171f71e,10/2/2015 19:27,31,101284.0
17346,4a5cf927-5e23-4267-926e-9463e171f71e,10/2/2015 14:27,0,101253.0
17347,4a5cf927-5e23-4267-926e-9463e171f71e,10/2/2015 13:27,0,101253.0
17348,4a5cf927-5e23-4267-926e-9463e171f71e,10/2/2015 12:27,0,101253.0
17349,4a5cf927-5e23-4267-926e-9463e171f71e,10/2/2015 11:27,1,101253.0
17350,4a5cf927-5e23-4267-926e-9463e171f71e,10/2/2015 10:27,10,101252.0
17351,4a5cf927-5e23-4267-926e-9463e171f71e,10/2/2015 9:27,24,101242.0
17352,4a5cf927-5e23-4267-926e-9463e171f71e,10/2/2015 8:27,66,101218.0
17353,4a5cf927-5e23-4267-926e-9463e171f71e,10/2/2015 7:27,0,101152.0
17354,4a5cf927-5e23-4267-926e-9463e171f71e,10/2/2015 6:27,0,101152.0
17355,4a5cf927-5e23-4267-926e-9463e171f71e,10/2/2015 5:27,0,101152.0
17356,4a5cf927-5e23-4267-926e-9463e171f71e,10/2/2015 4:27,1,101152.0
17357,4a5cf927-5e23-4267-926e-9463e171f71e,10/2/2015 3:27,6,101151.0
17358,4a5cf927-5e23-4267-926e-9463e171f71e,9/2/2015 22:27,3,101145.0
17359,4a5cf927-5e23-4267-926e-9463e171f71e,9/2/2015 21:27,6,101142.0
17360,4a5cf927-5e23-4267-926e-9463e171f71e,9/2/2015 20:27,0,101136.0
17361,4a5cf927-5e23-4267-926e-9463e171f71e,9/2/2015 19:27,49,101136.0
17362,4a5cf927-5e23-4267-926e-9463e171f71e,9/2/2015 14:27,20,101087.0
17363,4a5cf927-5e23-4267-926e-9463e171f71e,9/2/2015 13:27,2,101067.0
17364,4a5cf927-5e23-4267-926e-9463e171f71e,9/2/2015 12:27,5,101065.0
17365,4a5cf927-5e23-4267-926e-9463e171f71e,9/2/2015 11:27,0,101060.0
17366,4a5cf927-5e23-4267-926e-9463e171f71e,9/2/2015 10:27,0,101060.0
17367,4a5cf927-5e23-4267-926e-9463e171f71e,9/2/2015 9:27,22,101060.0
17368,4a5cf927-5e23-4267-926e-9463e171f71e,9/2/2015 8:27,132,101038.0
17369,4a5cf927-5e23-4267-926e-9463e171f71e,9/2/2015 7:27,0,100906.0
17370,4a5cf927-5e23-4267-926e-9463e171f71e,9/2/2015 6:27,0,100906.0
17371,4a5cf927-5e23-4267-926e-9463e171f71e,9/2/2015 5:27,0,100906.0
17372,4a5cf927-5e23-4267-926e-9463e171f71e,9/2/2015 4:27,0,100906.0
17373,4a5cf927-5e23-4267-926e-9463e171f71e,9/2/2015 3:27,0,100906.0
17374,4a5cf927-5e23-4267-926e-9463e171f71e,9/2/2015 2:27,0,100906.0
17375,4a5cf927-5e23-4267-926e-9463e171f71e,9/2/2015 1:27,0,100906.0
17376,4a5cf927-5e23-4267-926e-9463e171f71e,9/2/2015 0:27,0,100906.0
17377,4a5cf927-5e23-4267-926e-9463e171f71e,8/2/2015 23:27,3,100906.0
17378,4a5cf927-5e23-4267-926e-9463e171f71e,8/2/2015 22:27,13,100903.0
17379,4a5cf927-5e23-4267-926e-9463e171f71e,8/2/2015 21:27,81,100890.0
17380,4a5cf927-5e23-4267-926e-9463e171f71e,8/2/2015 20:27,3,100809.0
17381,4a5cf927-5e23-4267-926e-9463e171f71e,8/2/2015 19:27,5,100806.0
17382,4a5cf927-5e23-4267-926e-9463e171f71e,8/2/2015 18:27,10,100801.0
17383,4a5cf927-5e23-4267-926e-9463e171f71e,8/2/2015 17:27,1,100791.0
17384,4a5cf927-5e23-4267-926e-9463e171f71e,8/2/2015 16:27,12,100790.0
17385,4a5cf927-5e23-4267-926e-9463e171f71e,8/2/2015 15:27,6,100778.0
17386,4a5cf927-5e23-4267-926e-9463e171f71e,8/2/2015 14:27,6,100772.0
17387,4a5cf927-5e23-4267-926e-9463e171f71e,8/2/2015 13:27,73,100766.0
17388,4a5cf927-5e23-4267-926e-9463e171f71e,8/2/2015 12:27,22,100693.0
17389,4a5cf927-5e23-4267-926e-9463e171f71e,8/2/2015 11:27,14,100671.0
17390,4a5cf927-5e23-4267-926e-9463e171f71e,8/2/2015 10:27,29,100657.0
17391,4a5cf927-5e23-4267-926e-9463e171f71e,8/2/2015 9:27,0,100628.0
17392,4a5cf927-5e23-4267-926e-9463e171f71e,8/2/2015 8:27,0,100628.0
17393,4a5cf927-5e23-4267-926e-9463e171f71e,8/2/2015 7:27,0,100628.0
17394,4a5cf927-5e23-4267-926e-9463e171f71e,8/2/2015 6:27,0,100628.0
17395,4a5cf927-5e23-4267-926e-9463e171f71e,8/2/2015 5:27,0,100628.0
17396,4a5cf927-5e23-4267-926e-9463e171f71e,8/2/2015 4:27,0,100628.0
17397,4a5cf927-5e23-4267-926e-9463e171f71e,8/2/2015 3:27,0,100628.0
17398,4a5cf927-5e23-4267-926e-9463e171f71e,8/2/2015 2:27,0,100628.0
17399,4a5cf927-5e23-4267-926e-9463e171f71e,8/2/2015 1:27,4,100628.0
17400,4a5cf927-5e23-4267-926e-9463e171f71e,8/2/2015 0:27,0,100624.0
17401,4a5cf927-5e23-4267-926e-9463e171f71e,7/2/2015 23:27,11,100624.0
17402,4a5cf927-5e23-4267-926e-9463e171f71e,7/2/2015 22:27,2,100613.0
17403,4a5cf927-5e23-4267-926e-9463e171f71e,7/2/2015 21:27,8,100611.0
17404,4a5cf927-5e23-4267-926e-9463e171f71e,7/2/2015 20:27,9,100603.0
17405,4a5cf927-5e23-4267-926e-9463e171f71e,7/2/2015 19:27,42,100594.0
17406,4a5cf927-5e23-4267-926e-9463e171f71e,7/2/2015 14:27,3,100552.0
17407,4a5cf927-5e23-4267-926e-9463e171f71e,7/2/2015 13:27,24,100549.0
17408,4a5cf927-5e23-4267-926e-9463e171f71e,7/2/2015 12:27,7,100525.0
17409,4a5cf927-5e23-4267-926e-9463e171f71e,7/2/2015 11:27,0,100518.0
17410,4a5cf927-5e23-4267-926e-9463e171f71e,7/2/2015 10:27,44,100518.0
17411,4a5cf927-5e23-4267-926e-9463e171f71e,7/2/2015 9:27,31,100474.0
17412,4a5cf927-5e23-4267-926e-9463e171f71e,7/2/2015 8:27,83,100443.0
17413,4a5cf927-5e23-4267-926e-9463e171f71e,7/2/2015 7:27,0,100360.0
17414,4a5cf927-5e23-4267-926e-9463e171f71e,7/2/2015 6:27,0,100360.0
17415,4a5cf927-5e23-4267-926e-9463e171f71e,7/2/2015 5:27,0,100360.0
17416,4a5cf927-5e23-4267-926e-9463e171f71e,7/2/2015 4:27,0,100360.0
17417,4a5cf927-5e23-4267-926e-9463e171f71e,7/2/2015 3:27,3,100360.0
17418,4a5cf927-5e23-4267-926e-9463e171f71e,6/2/2015 22:27,3,100357.0
17419,4a5cf927-5e23-4267-926e-9463e171f71e,6/2/2015 21:27,12,100354.0
17420,4a5cf927-5e23-4267-926e-9463e171f71e,6/2/2015 20:27,3,100342.0
17421,4a5cf927-5e23-4267-926e-9463e171f71e,6/2/2015 19:27,15,100339.0
17422,4a5cf927-5e23-4267-926e-9463e171f71e,6/2/2015 14:27,5,100324.0
17423,4a5cf927-5e23-4267-926e-9463e171f71e,6/2/2015 13:27,0,100319.0
17424,4a5cf927-5e23-4267-926e-9463e171f71e,6/2/2015 12:27,0,100319.0
17425,4a5cf927-5e23-4267-926e-9463e171f71e,6/2/2015 11:27,58,100319.0
17426,4a5cf927-5e23-4267-926e-9463e171f71e,6/2/2015 10:27,39,100261.0
17427,4a5cf927-5e23-4267-926e-9463e171f71e,6/2/2015 9:27,76,100222.0
17428,4a5cf927-5e23-4267-926e-9463e171f71e,6/2/2015 8:27,0,100146.0
17429,4a5cf927-5e23-4267-926e-9463e171f71e,6/2/2015 7:27,0,100146.0
17430,4a5cf927-5e23-4267-926e-9463e171f71e,6/2/2015 6:27,1,100146.0
17431,4a5cf927-5e23-4267-926e-9463e171f71e,6/2/2015 5:27,0,100145.0
17432,4a5cf927-5e23-4267-926e-9463e171f71e,6/2/2015 4:27,0,100145.0
17433,4a5cf927-5e23-4267-926e-9463e171f71e,6/2/2015 3:27,0,100145.0
17434,4a5cf927-5e23-4267-926e-9463e171f71e,6/2/2015 2:27,0,100145.0
17435,4a5cf927-5e23-4267-926e-9463e171f71e,6/2/2015 1:27,2,100145.0
17436,4a5cf927-5e23-4267-926e-9463e171f71e,6/2/2015 0:27,0,100143.0
17437,4a5cf927-5e23-4267-926e-9463e171f71e,5/2/2015 23:27,7,100143.0
17438,4a5cf927-5e23-4267-926e-9463e171f71e,5/2/2015 22:27,0,100136.0
17439,4a5cf927-5e23-4267-926e-9463e171f71e,5/2/2015 21:27,15,100136.0
17440,4a5cf927-5e23-4267-926e-9463e171f71e,5/2/2015 20:27,0,100121.0
17441,4a5cf927-5e23-4267-926e-9463e171f71e,5/2/2015 19:27,0,100121.0
17442,4a5cf927-5e23-4267-926e-9463e171f71e,5/2/2015 18:27,0,100121.0
17443,4a5cf927-5e23-4267-926e-9463e171f71e,5/2/2015 17:27,0,100121.0
17444,4a5cf927-5e23-4267-926e-9463e171f71e,5/2/2015 16:27,0,100121.0
17445,4a5cf927-5e23-4267-926e-9463e171f71e,5/2/2015 15:27,0,100121.0
17446,4a5cf927-5e23-4267-926e-9463e171f71e,5/2/2015 14:27,0,100121.0
17447,4a5cf927-5e23-4267-926e-9463e171f71e,5/2/2015 13:27,4,100121.0
17448,4a5cf927-5e23-4267-926e-9463e171f71e,5/2/2015 12:27,3,100117.0
17449,4a5cf927-5e23-4267-926e-9463e171f71e,5/2/2015 11:27,108,100114.0
17450,4a5cf927-5e23-4267-926e-9463e171f71e,5/2/2015 6:27,0,100006.0
17451,4a5cf927-5e23-4267-926e-9463e171f71e,5/2/2015 5:27,0,100006.0
17452,4a5cf927-5e23-4267-926e-9463e171f71e,5/2/2015 4:27,0,100006.0
17453,4a5cf927-5e23-4267-926e-9463e171f71e,5/2/2015 3:27,0,100006.0
17454,4a5cf927-5e23-4267-926e-9463e171f71e,5/2/2015 2:27,0,100006.0
17455,4a5cf927-5e23-4267-926e-9463e171f71e,5/2/2015 1:27,0,100006.0
17456,4a5cf927-5e23-4267-926e-9463e171f71e,5/2/2015 0:27,3,100006.0
17457,4a5cf927-5e23-4267-926e-9463e171f71e,4/2/2015 23:27,39,100003.0
17458,4a5cf927-5e23-4267-926e-9463e171f71e,4/2/2015 18:27,0,99964.0
17459,4a5cf927-5e23-4267-926e-9463e171f71e,4/2/2015 17:27,0,99964.0
17460,4a5cf927-5e23-4267-926e-9463e171f71e,4/2/2015 16:27,12,99964.0
17461,4a5cf927-5e23-4267-926e-9463e171f71e,4/2/2015 15:27,32,99952.0
17462,4a5cf927-5e23-4267-926e-9463e171f71e,4/2/2015 14:27,2,99920.0
17463,4a5cf927-5e23-4267-926e-9463e171f71e,4/2/2015 13:27,87,99918.0
17464,4a5cf927-5e23-4267-926e-9463e171f71e,4/2/2015 12:27,6,99831.0
17465,4a5cf927-5e23-4267-926e-9463e171f71e,4/2/2015 11:27,15,99825.0
17466,4a5cf927-5e23-4267-926e-9463e171f71e,4/2/2015 10:27,3,99810.0
17467,4a5cf927-5e23-4267-926e-9463e171f71e,4/2/2015 9:27,9,99807.0
17468,4a5cf927-5e23-4267-926e-9463e171f71e,4/2/2015 8:27,68,99798.0
17469,4a5cf927-5e23-4267-926e-9463e171f71e,4/2/2015 7:27,0,99730.0
17470,4a5cf927-5e23-4267-926e-9463e171f71e,4/2/2015 2:27,0,99730.0
17471,4a5cf927-5e23-4267-926e-9463e171f71e,4/2/2015 1:27,0,99730.0
17472,4a5cf927-5e23-4267-926e-9463e171f71e,4/2/2015 0:27,0,99730.0
17473,4a5cf927-5e23-4267-926e-9463e171f71e,3/2/2015 23:27,36,99730.0
17474,4a5cf927-5e23-4267-926e-9463e171f71e,3/2/2015 22:27,5,99694.0
17475,4a5cf927-5e23-4267-926e-9463e171f71e,3/2/2015 21:27,7,99689.0
17476,4a5cf927-5e23-4267-926e-9463e171f71e,3/2/2015 20:27,3,99682.0
17477,4a5cf927-5e23-4267-926e-9463e171f71e,3/2/2015 19:27,30,99679.0
17478,4a5cf927-5e23-4267-926e-9463e171f71e,3/2/2015 14:27,3,99649.0
17479,4a5cf927-5e23-4267-926e-9463e171f71e,3/2/2015 13:27,1,99646.0
17480,4a5cf927-5e23-4267-926e-9463e171f71e,3/2/2015 12:27,3,99645.0
17481,4a5cf927-5e23-4267-926e-9463e171f71e,3/2/2015 11:27,3,99642.0
17482,4a5cf927-5e23-4267-926e-9463e171f71e,3/2/2015 10:27,26,99639.0
17483,4a5cf927-5e23-4267-926e-9463e171f71e,3/2/2015 9:27,24,99613.0
17484,4a5cf927-5e23-4267-926e-9463e171f71e,3/2/2015 8:27,77,99589.0
17485,4a5cf927-5e23-4267-926e-9463e171f71e,3/2/2015 7:27,0,99512.0
17486,4a5cf927-5e23-4267-926e-9463e171f71e,3/2/2015 6:27,0,99512.0
17487,4a5cf927-5e23-4267-926e-9463e171f71e,3/2/2015 5:27,0,99512.0
17488,4a5cf927-5e23-4267-926e-9463e171f71e,3/2/2015 4:27,0,99512.0
17489,4a5cf927-5e23-4267-926e-9463e171f71e,3/2/2015 3:27,0,99512.0
17490,4a5cf927-5e23-4267-926e-9463e171f71e,3/2/2015 2:27,0,99512.0
17491,4a5cf927-5e23-4267-926e-9463e171f71e,3/2/2015 1:27,0,99512.0
17492,4a5cf927-5e23-4267-926e-9463e171f71e,3/2/2015 0:27,0,99512.0
17493,4a5cf927-5e23-4267-926e-9463e171f71e,2/2/2015 23:27,4,99512.0
17494,4a5cf927-5e23-4267-926e-9463e171f71e,2/2/2015 22:27,3,99508.0
17495,4a5cf927-5e23-4267-926e-9463e171f71e,2/2/2015 21:27,13,99505.0
17496,4a5cf927-5e23-4267-926e-9463e171f71e,2/2/2015 20:27,6,99492.0
17497,4a5cf927-5e23-4267-926e-9463e171f71e,2/2/2015 19:27,30,99486.0
17498,4a5cf927-5e23-4267-926e-9463e171f71e,2/2/2015 14:27,33,99456.0
17499,4a5cf927-5e23-4267-926e-9463e171f71e,2/2/2015 13:27,34,99423.0
17500,4a5cf927-5e23-4267-926e-9463e171f71e,2/2/2015 12:27,3,99389.0
17501,4a5cf927-5e23-4267-926e-9463e171f71e,2/2/2015 11:27,8,99386.0
17502,4a5cf927-5e23-4267-926e-9463e171f71e,2/2/2015 10:27,9,99378.0
17503,4a5cf927-5e23-4267-926e-9463e171f71e,2/2/2015 9:27,97,99369.0
17504,4a5cf927-5e23-4267-926e-9463e171f71e,2/2/2015 8:27,77,99272.0
17505,4a5cf927-5e23-4267-926e-9463e171f71e,2/2/2015 7:27,0,99195.0
17506,4a5cf927-5e23-4267-926e-9463e171f71e,2/2/2015 6:27,0,99195.0
17507,4a5cf927-5e23-4267-926e-9463e171f71e,2/2/2015 5:27,0,99195.0
17508,4a5cf927-5e23-4267-926e-9463e171f71e,2/2/2015 4:27,0,99195.0
17509,4a5cf927-5e23-4267-926e-9463e171f71e,2/2/2015 3:27,0,99195.0
17510,4a5cf927-5e23-4267-926e-9463e171f71e,2/2/2015 2:27,0,99195.0
17511,4a5cf927-5e23-4267-926e-9463e171f71e,2/2/2015 1:27,0,99195.0
17512,4a5cf927-5e23-4267-926e-9463e171f71e,2/2/2015 0:27,1,99195.0
17513,4a5cf927-5e23-4267-926e-9463e171f71e,1/2/2015 23:27,0,99194.0
17514,4a5cf927-5e23-4267-926e-9463e171f71e,1/2/2015 22:27,2,99194.0
17515,4a5cf927-5e23-4267-926e-9463e171f71e,1/2/2015 21:27,6,99192.0
17516,4a5cf927-5e23-4267-926e-9463e171f71e,1/2/2015 20:27,0,99186.0
17517,4a5cf927-5e23-4267-926e-9463e171f71e,1/2/2015 19:27,0,99186.0
17518,4a5cf927-5e23-4267-926e-9463e171f71e,1/2/2015 18:27,10,99186.0
17519,4a5cf927-5e23-4267-926e-9463e171f71e,1/2/2015 17:27,10,99176.0
17520,4a5cf927-5e23-4267-926e-9463e171f71e,1/2/2015 16:27,24,99166.0
17521,4a5cf927-5e23-4267-926e-9463e171f71e,1/2/2015 15:27,3,99142.0
17522,4a5cf927-5e23-4267-926e-9463e171f71e,1/2/2015 14:27,0,99139.0
17523,4a5cf927-5e23-4267-926e-9463e171f71e,1/2/2015 13:27,2,99139.0
17524,4a5cf927-5e23-4267-926e-9463e171f71e,1/2/2015 12:27,73,99137.0
17525,4a5cf927-5e23-4267-926e-9463e171f71e,1/2/2015 11:27,41,99064.0
17526,4a5cf927-5e23-4267-926e-9463e171f71e,1/2/2015 10:27,33,99023.0
17527,4a5cf927-5e23-4267-926e-9463e171f71e,1/2/2015 9:27,0,98990.0
17528,4a5cf927-5e23-4267-926e-9463e171f71e,1/2/2015 8:27,0,98990.0
17529,4a5cf927-5e23-4267-926e-9463e171f71e,1/2/2015 7:27,0,98990.0
17530,4a5cf927-5e23-4267-926e-9463e171f71e,1/2/2015 6:27,0,98990.0
17531,4a5cf927-5e23-4267-926e-9463e171f71e,1/2/2015 5:27,0,98990.0
17532,4a5cf927-5e23-4267-926e-9463e171f71e,1/2/2015 4:27,0,98990.0
17533,4a5cf927-5e23-4267-926e-9463e171f71e,1/2/2015 3:27,0,98990.0
17534,4a5cf927-5e23-4267-926e-9463e171f71e,1/2/2015 2:27,0,98990.0
17535,4a5cf927-5e23-4267-926e-9463e171f71e,1/2/2015 1:27,7,98990.0
17536,4a5cf927-5e23-4267-926e-9463e171f71e,1/2/2015 0:27,0,98983.0
17537,4a5cf927-5e23-4267-926e-9463e171f71e,31/01/2015 23:27:27,14,98983.0
17538,4a5cf927-5e23-4267-926e-9463e171f71e,31/01/2015 22:27:26,1,98969.0
17539,4a5cf927-5e23-4267-926e-9463e171f71e,31/01/2015 21:27:26,7,98968.0
17540,4a5cf927-5e23-4267-926e-9463e171f71e,31/01/2015 20:27:26,1,98961.0
17541,4a5cf927-5e23-4267-926e-9463e171f71e,31/01/2015 19:27:26,0,98960.0
17542,4a5cf927-5e23-4267-926e-9463e171f71e,31/01/2015 18:27:29,3,98960.0
17543,4a5cf927-5e23-4267-926e-9463e171f71e,31/01/2015 17:27:29,0,98957.0
17544,4a5cf927-5e23-4267-926e-9463e171f71e,31/01/2015 16:27:29,106,98957.0
17545,4a5cf927-5e23-4267-926e-9463e171f71e,31/01/2015 15:27:29,5,98851.0
17546,4a5cf927-5e23-4267-926e-9463e171f71e,31/01/2015 14:27:27,4,98846.0
17547,4a5cf927-5e23-4267-926e-9463e171f71e,31/01/2015 13:27:27,1,98842.0
17548,4a5cf927-5e23-4267-926e-9463e171f71e,31/01/2015 12:27:27,0,98841.0
17549,4a5cf927-5e23-4267-926e-9463e171f71e,31/01/2015 11:27:27,8,98841.0
17550,4a5cf927-5e23-4267-926e-9463e171f71e,31/01/2015 10:27:29,14,98833.0
17551,4a5cf927-5e23-4267-926e-9463e171f71e,31/01/2015 09:27:29,10,98819.0
17552,4a5cf927-5e23-4267-926e-9463e171f71e,31/01/2015 08:27:29,72,98809.0
17553,4a5cf927-5e23-4267-926e-9463e171f71e,31/01/2015 07:27:29,0,98737.0
17554,4a5cf927-5e23-4267-926e-9463e171f71e,31/01/2015 06:27:28,0,98737.0
17555,4a5cf927-5e23-4267-926e-9463e171f71e,31/01/2015 05:27:28,0,98737.0
17556,4a5cf927-5e23-4267-926e-9463e171f71e,31/01/2015 04:27:28,0,98737.0
17557,4a5cf927-5e23-4267-926e-9463e171f71e,31/01/2015 03:27:28,0,98737.0
17558,4a5cf927-5e23-4267-926e-9463e171f71e,31/01/2015 02:27:30,0,98737.0
17559,4a5cf927-5e23-4267-926e-9463e171f71e,31/01/2015 01:27:30,0,98737.0
17560,4a5cf927-5e23-4267-926e-9463e171f71e,31/01/2015 00:27:30,14,98737.0
17561,4a5cf927-5e23-4267-926e-9463e171f71e,30/01/2015 23:27:30,0,98723.0
17562,4a5cf927-5e23-4267-926e-9463e171f71e,30/01/2015 22:27:30,4,98723.0
17563,4a5cf927-5e23-4267-926e-9463e171f71e,30/01/2015 21:27:30,5,98719.0
17564,4a5cf927-5e23-4267-926e-9463e171f71e,30/01/2015 20:27:30,0,98714.0
17565,4a5cf927-5e23-4267-926e-9463e171f71e,30/01/2015 19:27:30,31,98714.0
17566,4a5cf927-5e23-4267-926e-9463e171f71e,30/01/2015 14:27:30,0,98683.0
17567,4a5cf927-5e23-4267-926e-9463e171f71e,30/01/2015 13:27:30,0,98683.0
17568,4a5cf927-5e23-4267-926e-9463e171f71e,30/01/2015 12:27:30,0,98683.0
17569,4a5cf927-5e23-4267-926e-9463e171f71e,30/01/2015 11:27:30,11,98683.0
17570,4a5cf927-5e23-4267-926e-9463e171f71e,30/01/2015 10:27:32,7,98672.0
17571,4a5cf927-5e23-4267-926e-9463e171f71e,30/01/2015 09:27:32,84,98665.0
17572,4a5cf927-5e23-4267-926e-9463e171f71e,30/01/2015 08:27:32,78,98581.0
17573,4a5cf927-5e23-4267-926e-9463e171f71e,30/01/2015 07:27:32,0,98503.0
17574,4a5cf927-5e23-4267-926e-9463e171f71e,30/01/2015 02:27:35,0,98503.0
17575,4a5cf927-5e23-4267-926e-9463e171f71e,30/01/2015 01:27:35,0,98503.0
17576,4a5cf927-5e23-4267-926e-9463e171f71e,30/01/2015 00:27:35,0,98503.0
17577,4a5cf927-5e23-4267-926e-9463e171f71e,29/01/2015 23:27:35,20,98503.0
17578,4a5cf927-5e23-4267-926e-9463e171f71e,29/01/2015 22:27:31,1,98483.0
17579,4a5cf927-5e23-4267-926e-9463e171f71e,29/01/2015 21:27:31,11,98482.0
17580,4a5cf927-5e23-4267-926e-9463e171f71e,29/01/2015 20:27:31,0,98471.0
17581,4a5cf927-5e23-4267-926e-9463e171f71e,29/01/2015 19:27:31,6,98471.0
17582,4a5cf927-5e23-4267-926e-9463e171f71e,29/01/2015 18:27:34,5,98465.0
17583,4a5cf927-5e23-4267-926e-9463e171f71e,29/01/2015 17:27:34,0,98460.0
17584,4a5cf927-5e23-4267-926e-9463e171f71e,29/01/2015 16:27:34,39,98460.0
17585,4a5cf927-5e23-4267-926e-9463e171f71e,29/01/2015 15:27:34,10,98421.0
17586,4a5cf927-5e23-4267-926e-9463e171f71e,29/01/2015 14:27:32,0,98411.0
17587,4a5cf927-5e23-4267-926e-9463e171f71e,29/01/2015 13:27:32,0,98411.0
17588,4a5cf927-5e23-4267-926e-9463e171f71e,29/01/2015 12:27:32,12,98411.0
17589,4a5cf927-5e23-4267-926e-9463e171f71e,29/01/2015 11:27:32,122,98399.0
17590,4a5cf927-5e23-4267-926e-9463e171f71e,29/01/2015 06:27:32,0,98277.0
17591,4a5cf927-5e23-4267-926e-9463e171f71e,29/01/2015 05:27:32,0,98277.0
17592,4a5cf927-5e23-4267-926e-9463e171f71e,29/01/2015 04:27:32,0,98277.0
17593,4a5cf927-5e23-4267-926e-9463e171f71e,29/01/2015 03:27:32,0,98277.0
17594,4a5cf927-5e23-4267-926e-9463e171f71e,29/01/2015 02:27:34,0,98277.0
17595,4a5cf927-5e23-4267-926e-9463e171f71e,29/01/2015 01:27:34,0,98277.0
17596,4a5cf927-5e23-4267-926e-9463e171f71e,29/01/2015 00:27:34,0,98277.0
17597,4a5cf927-5e23-4267-926e-9463e171f71e,28/01/2015 23:27:34,4,98277.0
17598,4a5cf927-5e23-4267-926e-9463e171f71e,28/01/2015 22:27:33,7,98273.0
17599,4a5cf927-5e23-4267-926e-9463e171f71e,28/01/2015 21:27:33,0,98266.0
17600,4a5cf927-5e23-4267-926e-9463e171f71e,28/01/2015 20:27:33,0,98266.0
17601,4a5cf927-5e23-4267-926e-9463e171f71e,28/01/2015 19:27:33,7,98266.0
17602,4a5cf927-5e23-4267-926e-9463e171f71e,28/01/2015 18:27:35,17,98259.0
17603,4a5cf927-5e23-4267-926e-9463e171f71e,28/01/2015 17:27:35,4,98242.0
17604,4a5cf927-5e23-4267-926e-9463e171f71e,28/01/2015 16:27:35,13,98238.0
17605,4a5cf927-5e23-4267-926e-9463e171f71e,28/01/2015 15:27:35,64,98225.0
17606,4a5cf927-5e23-4267-926e-9463e171f71e,28/01/2015 10:27:39,26,98161.0
17607,4a5cf927-5e23-4267-926e-9463e171f71e,28/01/2015 09:27:39,88,98135.0
17608,4a5cf927-5e23-4267-926e-9463e171f71e,28/01/2015 08:27:39,75,98047.0
17609,4a5cf927-5e23-4267-926e-9463e171f71e,28/01/2015 07:27:39,0,97972.0
17610,4a5cf927-5e23-4267-926e-9463e171f71e,28/01/2015 06:27:36,0,97972.0
17611,4a5cf927-5e23-4267-926e-9463e171f71e,28/01/2015 05:27:36,0,97972.0
17612,4a5cf927-5e23-4267-926e-9463e171f71e,28/01/2015 04:27:36,0,97972.0
17613,4a5cf927-5e23-4267-926e-9463e171f71e,28/01/2015 03:27:36,0,97972.0
17614,4a5cf927-5e23-4267-926e-9463e171f71e,28/01/2015 02:27:37,0,97972.0
17615,4a5cf927-5e23-4267-926e-9463e171f71e,28/01/2015 01:27:37,0,97972.0
17616,4a5cf927-5e23-4267-926e-9463e171f71e,28/01/2015 00:27:37,0,97972.0
17617,4a5cf927-5e23-4267-926e-9463e171f71e,27/01/2015 23:27:37,3,97972.0
17618,4a5cf927-5e23-4267-926e-9463e171f71e,27/01/2015 22:27:37,4,97969.0
17619,4a5cf927-5e23-4267-926e-9463e171f71e,27/01/2015 21:27:37,5,97965.0
17620,4a5cf927-5e23-4267-926e-9463e171f71e,27/01/2015 20:27:37,3,97960.0
17621,4a5cf927-5e23-4267-926e-9463e171f71e,27/01/2015 19:27:37,0,97957.0
17622,4a5cf927-5e23-4267-926e-9463e171f71e,27/01/2015 18:27:40,9,97957.0
17623,4a5cf927-5e23-4267-926e-9463e171f71e,27/01/2015 17:27:40,7,97948.0
17624,4a5cf927-5e23-4267-926e-9463e171f71e,27/01/2015 16:27:40,29,97941.0
17625,4a5cf927-5e23-4267-926e-9463e171f71e,27/01/2015 15:27:40,20,97912.0
17626,4a5cf927-5e23-4267-926e-9463e171f71e,27/01/2015 14:27:37,0,97892.0
17627,4a5cf927-5e23-4267-926e-9463e171f71e,27/01/2015 13:27:37,0,97892.0
17628,4a5cf927-5e23-4267-926e-9463e171f71e,27/01/2015 12:27:37,0,97892.0
17629,4a5cf927-5e23-4267-926e-9463e171f71e,27/01/2015 11:27:37,3,97892.0
17630,4a5cf927-5e23-4267-926e-9463e171f71e,27/01/2015 10:27:38,17,97889.0
17631,4a5cf927-5e23-4267-926e-9463e171f71e,27/01/2015 09:27:38,22,97872.0
17632,4a5cf927-5e23-4267-926e-9463e171f71e,27/01/2015 08:27:38,76,97850.0
17633,4a5cf927-5e23-4267-926e-9463e171f71e,27/01/2015 07:27:38,0,97774.0
17634,4a5cf927-5e23-4267-926e-9463e171f71e,27/01/2015 06:27:40,0,97774.0
17635,4a5cf927-5e23-4267-926e-9463e171f71e,27/01/2015 05:27:40,0,97774.0
17636,4a5cf927-5e23-4267-926e-9463e171f71e,27/01/2015 04:27:40,0,97774.0
17637,4a5cf927-5e23-4267-926e-9463e171f71e,27/01/2015 03:27:40,0,97774.0
17638,4a5cf927-5e23-4267-926e-9463e171f71e,27/01/2015 02:27:42,3,97774.0
17639,4a5cf927-5e23-4267-926e-9463e171f71e,27/01/2015 01:27:42,0,97771.0
17640,4a5cf927-5e23-4267-926e-9463e171f71e,27/01/2015 00:27:42,2,97771.0
17641,4a5cf927-5e23-4267-926e-9463e171f71e,26/01/2015 23:27:42,2,97769.0
17642,4a5cf927-5e23-4267-926e-9463e171f71e,26/01/2015 22:27:38,4,97767.0
17643,4a5cf927-5e23-4267-926e-9463e171f71e,26/01/2015 21:27:38,11,97763.0
17644,4a5cf927-5e23-4267-926e-9463e171f71e,26/01/2015 20:27:38,4,97752.0
17645,4a5cf927-5e23-4267-926e-9463e171f71e,26/01/2015 19:27:38,47,97748.0
17646,4a5cf927-5e23-4267-926e-9463e171f71e,26/01/2015 14:27:39,0,97701.0
17647,4a5cf927-5e23-4267-926e-9463e171f71e,26/01/2015 13:27:39,3,97701.0
17648,4a5cf927-5e23-4267-926e-9463e171f71e,26/01/2015 12:27:39,0,97698.0
17649,4a5cf927-5e23-4267-926e-9463e171f71e,26/01/2015 11:27:39,206,97698.0
17650,4a5cf927-5e23-4267-926e-9463e171f71e,26/01/2015 06:27:40,0,97492.0
17651,4a5cf927-5e23-4267-926e-9463e171f71e,26/01/2015 05:27:40,0,97492.0
17652,4a5cf927-5e23-4267-926e-9463e171f71e,26/01/2015 04:27:40,0,97492.0
17653,4a5cf927-5e23-4267-926e-9463e171f71e,26/01/2015 03:27:40,0,97492.0
17654,4a5cf927-5e23-4267-926e-9463e171f71e,26/01/2015 02:27:42,0,97492.0
17655,4a5cf927-5e23-4267-926e-9463e171f71e,26/01/2015 01:27:42,0,97492.0
17656,4a5cf927-5e23-4267-926e-9463e171f71e,26/01/2015 00:27:42,0,97492.0
17657,4a5cf927-5e23-4267-926e-9463e171f71e,25/01/2015 23:27:42,17,97492.0
17658,4a5cf927-5e23-4267-926e-9463e171f71e,25/01/2015 18:27:41,4,97475.0
17659,4a5cf927-5e23-4267-926e-9463e171f71e,25/01/2015 17:27:41,48,97471.0
17660,4a5cf927-5e23-4267-926e-9463e171f71e,25/01/2015 16:27:41,39,97423.0
17661,4a5cf927-5e23-4267-926e-9463e171f71e,25/01/2015 15:27:41,6,97384.0
17662,4a5cf927-5e23-4267-926e-9463e171f71e,25/01/2015 14:27:40,0,97378.0
17663,4a5cf927-5e23-4267-926e-9463e171f71e,25/01/2015 13:27:40,0,97378.0
17664,4a5cf927-5e23-4267-926e-9463e171f71e,25/01/2015 12:27:40,15,97378.0
17665,4a5cf927-5e23-4267-926e-9463e171f71e,25/01/2015 11:27:40,22,97363.0
17666,4a5cf927-5e23-4267-926e-9463e171f71e,25/01/2015 10:27:42,22,97341.0
17667,4a5cf927-5e23-4267-926e-9463e171f71e,25/01/2015 09:27:42,84,97319.0
17668,4a5cf927-5e23-4267-926e-9463e171f71e,25/01/2015 08:27:42,0,97235.0
17669,4a5cf927-5e23-4267-926e-9463e171f71e,25/01/2015 07:27:42,0,97235.0
17670,4a5cf927-5e23-4267-926e-9463e171f71e,25/01/2015 06:27:41,0,97235.0
17671,4a5cf927-5e23-4267-926e-9463e171f71e,25/01/2015 05:27:41,0,97235.0
17672,4a5cf927-5e23-4267-926e-9463e171f71e,25/01/2015 04:27:41,0,97235.0
17673,4a5cf927-5e23-4267-926e-9463e171f71e,25/01/2015 03:27:41,0,97235.0
17674,4a5cf927-5e23-4267-926e-9463e171f71e,25/01/2015 02:27:47,3,97235.0
17675,4a5cf927-5e23-4267-926e-9463e171f71e,25/01/2015 01:27:47,0,97232.0
17676,4a5cf927-5e23-4267-926e-9463e171f71e,25/01/2015 00:27:47,0,97232.0
17677,4a5cf927-5e23-4267-926e-9463e171f71e,24/01/2015 23:27:47,23,97232.0
17678,4a5cf927-5e23-4267-926e-9463e171f71e,24/01/2015 22:27:43,11,97209.0
17679,4a5cf927-5e23-4267-926e-9463e171f71e,24/01/2015 21:27:43,6,97198.0
17680,4a5cf927-5e23-4267-926e-9463e171f71e,24/01/2015 20:27:43,1,97192.0
17681,4a5cf927-5e23-4267-926e-9463e171f71e,24/01/2015 19:27:43,7,97191.0
17682,4a5cf927-5e23-4267-926e-9463e171f71e,24/01/2015 18:27:44,0,97184.0
17683,4a5cf927-5e23-4267-926e-9463e171f71e,24/01/2015 17:27:44,10,97184.0
17684,4a5cf927-5e23-4267-926e-9463e171f71e,24/01/2015 16:27:44,39,97174.0
17685,4a5cf927-5e23-4267-926e-9463e171f71e,24/01/2015 15:27:44,19,97135.0
17686,4a5cf927-5e23-4267-926e-9463e171f71e,24/01/2015 14:27:47,3,97116.0
17687,4a5cf927-5e23-4267-926e-9463e171f71e,24/01/2015 13:27:47,0,97113.0
17688,4a5cf927-5e23-4267-926e-9463e171f71e,24/01/2015 12:27:47,0,97113.0
17689,4a5cf927-5e23-4267-926e-9463e171f71e,24/01/2015 11:27:47,110,97113.0
17690,4a5cf927-5e23-4267-926e-9463e171f71e,24/01/2015 02:27:47,0,97003.0
17691,4a5cf927-5e23-4267-926e-9463e171f71e,24/01/2015 01:27:47,0,97003.0
17692,4a5cf927-5e23-4267-926e-9463e171f71e,24/01/2015 00:27:47,3,97003.0
17693,4a5cf927-5e23-4267-926e-9463e171f71e,23/01/2015 23:27:47,14,97000.0
17694,4a5cf927-5e23-4267-926e-9463e171f71e,23/01/2015 22:27:46,0,96986.0
17695,4a5cf927-5e23-4267-926e-9463e171f71e,23/01/2015 21:27:46,9,96986.0
17696,4a5cf927-5e23-4267-926e-9463e171f71e,23/01/2015 20:27:46,3,96977.0
17697,4a5cf927-5e23-4267-926e-9463e171f71e,23/01/2015 19:27:46,0,96974.0
17698,4a5cf927-5e23-4267-926e-9463e171f71e,23/01/2015 18:27:51,8,96974.0
17699,4a5cf927-5e23-4267-926e-9463e171f71e,23/01/2015 17:27:51,10,96966.0
17700,4a5cf927-5e23-4267-926e-9463e171f71e,23/01/2015 16:27:51,12,96956.0
17701,4a5cf927-5e23-4267-926e-9463e171f71e,23/01/2015 15:27:51,19,96944.0
17702,4a5cf927-5e23-4267-926e-9463e171f71e,23/01/2015 14:27:55,0,96925.0
17703,4a5cf927-5e23-4267-926e-9463e171f71e,23/01/2015 13:27:55,0,96925.0
17704,4a5cf927-5e23-4267-926e-9463e171f71e,23/01/2015 12:27:55,0,96925.0
17705,4a5cf927-5e23-4267-926e-9463e171f71e,23/01/2015 11:27:55,13,96925.0
17706,4a5cf927-5e23-4267-926e-9463e171f71e,23/01/2015 10:27:48,46,96912.0
17707,4a5cf927-5e23-4267-926e-9463e171f71e,23/01/2015 09:27:48,97,96866.0
17708,4a5cf927-5e23-4267-926e-9463e171f71e,23/01/2015 08:27:48,78,96769.0
17709,4a5cf927-5e23-4267-926e-9463e171f71e,23/01/2015 07:27:48,0,96691.0
17710,4a5cf927-5e23-4267-926e-9463e171f71e,23/01/2015 02:27:48,0,96691.0
17711,4a5cf927-5e23-4267-926e-9463e171f71e,23/01/2015 01:27:48,3,96691.0
17712,4a5cf927-5e23-4267-926e-9463e171f71e,23/01/2015 00:27:48,1,96688.0
17713,4a5cf927-5e23-4267-926e-9463e171f71e,22/01/2015 23:27:48,0,96687.0
17714,4a5cf927-5e23-4267-926e-9463e171f71e,22/01/2015 22:27:48,3,96687.0
17715,4a5cf927-5e23-4267-926e-9463e171f71e,22/01/2015 21:27:48,5,96684.0
17716,4a5cf927-5e23-4267-926e-9463e171f71e,22/01/2015 20:27:48,6,96679.0
17717,4a5cf927-5e23-4267-926e-9463e171f71e,22/01/2015 19:27:48,7,96673.0
17718,4a5cf927-5e23-4267-926e-9463e171f71e,22/01/2015 18:27:48,4,96666.0
17719,4a5cf927-5e23-4267-926e-9463e171f71e,22/01/2015 17:27:48,2,96662.0
17720,4a5cf927-5e23-4267-926e-9463e171f71e,22/01/2015 16:27:48,20,96660.0
17721,4a5cf927-5e23-4267-926e-9463e171f71e,22/01/2015 15:27:48,48,96640.0
17722,4a5cf927-5e23-4267-926e-9463e171f71e,22/01/2015 14:27:47,14,96592.0
17723,4a5cf927-5e23-4267-926e-9463e171f71e,22/01/2015 13:27:47,0,96578.0
17724,4a5cf927-5e23-4267-926e-9463e171f71e,22/01/2015 12:27:47,0,96578.0
17725,4a5cf927-5e23-4267-926e-9463e171f71e,22/01/2015 11:27:47,9,96578.0
17726,4a5cf927-5e23-4267-926e-9463e171f71e,22/01/2015 10:27:49,10,96569.0
17727,4a5cf927-5e23-4267-926e-9463e171f71e,22/01/2015 09:27:49,20,96559.0
17728,4a5cf927-5e23-4267-926e-9463e171f71e,22/01/2015 08:27:49,78,96539.0
17729,4a5cf927-5e23-4267-926e-9463e171f71e,22/01/2015 07:27:49,0,96461.0
17730,4a5cf927-5e23-4267-926e-9463e171f71e,22/01/2015 06:27:48,0,96461.0
17731,4a5cf927-5e23-4267-926e-9463e171f71e,22/01/2015 05:27:48,0,96461.0
17732,4a5cf927-5e23-4267-926e-9463e171f71e,22/01/2015 04:27:48,0,96461.0
17733,4a5cf927-5e23-4267-926e-9463e171f71e,22/01/2015 03:27:48,0,96461.0
17734,4a5cf927-5e23-4267-926e-9463e171f71e,22/01/2015 02:27:50,0,96461.0
17735,4a5cf927-5e23-4267-926e-9463e171f71e,22/01/2015 01:27:50,0,96461.0
17736,4a5cf927-5e23-4267-926e-9463e171f71e,22/01/2015 00:27:50,5,96461.0
17737,4a5cf927-5e23-4267-926e-9463e171f71e,21/01/2015 23:27:50,3,96456.0
17738,4a5cf927-5e23-4267-926e-9463e171f71e,21/01/2015 22:27:50,15,96453.0
17739,4a5cf927-5e23-4267-926e-9463e171f71e,21/01/2015 21:27:50,0,96438.0
17740,4a5cf927-5e23-4267-926e-9463e171f71e,21/01/2015 20:27:50,1,96438.0
17741,4a5cf927-5e23-4267-926e-9463e171f71e,21/01/2015 19:27:50,59,96437.0
17742,4a5cf927-5e23-4267-926e-9463e171f71e,21/01/2015 14:27:50,6,96378.0
17743,4a5cf927-5e23-4267-926e-9463e171f71e,21/01/2015 13:27:50,0,96372.0
17744,4a5cf927-5e23-4267-926e-9463e171f71e,21/01/2015 12:27:50,3,96372.0
17745,4a5cf927-5e23-4267-926e-9463e171f71e,21/01/2015 11:27:50,178,96369.0
17746,4a5cf927-5e23-4267-926e-9463e171f71e,21/01/2015 06:27:51,0,96191.0
17747,4a5cf927-5e23-4267-926e-9463e171f71e,21/01/2015 05:27:51,0,96191.0
17748,4a5cf927-5e23-4267-926e-9463e171f71e,21/01/2015 04:27:51,0,96191.0
17749,4a5cf927-5e23-4267-926e-9463e171f71e,21/01/2015 03:27:51,11,96191.0
17750,4a5cf927-5e23-4267-926e-9463e171f71e,21/01/2015 02:27:53,51,96180.0
17751,4a5cf927-5e23-4267-926e-9463e171f71e,21/01/2015 01:27:53,14,96129.0
17752,4a5cf927-5e23-4267-926e-9463e171f71e,21/01/2015 00:27:53,12,96115.0
17753,4a5cf927-5e23-4267-926e-9463e171f71e,20/01/2015 23:27:53,24,96103.0
17754,4a5cf927-5e23-4267-926e-9463e171f71e,20/01/2015 22:27:59,3,96079.0
17755,4a5cf927-5e23-4267-926e-9463e171f71e,20/01/2015 21:27:59,21,96076.0
17756,4a5cf927-5e23-4267-926e-9463e171f71e,20/01/2015 20:27:59,10,96055.0
17757,4a5cf927-5e23-4267-926e-9463e171f71e,20/01/2015 19:27:59,32,96045.0
17758,4a5cf927-5e23-4267-926e-9463e171f71e,20/01/2015 18:27:53,3,96013.0
17759,4a5cf927-5e23-4267-926e-9463e171f71e,20/01/2015 17:27:53,8,96010.0
17760,4a5cf927-5e23-4267-926e-9463e171f71e,20/01/2015 16:27:53,11,96002.0
17761,4a5cf927-5e23-4267-926e-9463e171f71e,20/01/2015 15:27:53,33,95991.0
17762,4a5cf927-5e23-4267-926e-9463e171f71e,20/01/2015 14:28:06,8,95958.0
17763,4a5cf927-5e23-4267-926e-9463e171f71e,20/01/2015 13:28:06,4,95950.0
17764,4a5cf927-5e23-4267-926e-9463e171f71e,20/01/2015 12:28:06,0,95946.0
17765,4a5cf927-5e23-4267-926e-9463e171f71e,20/01/2015 11:28:06,7,95946.0
17766,4a5cf927-5e23-4267-926e-9463e171f71e,20/01/2015 10:27:55,24,95939.0
17767,4a5cf927-5e23-4267-926e-9463e171f71e,20/01/2015 09:27:55,53,95915.0
17768,4a5cf927-5e23-4267-926e-9463e171f71e,20/01/2015 08:27:55,73,95862.0
17769,4a5cf927-5e23-4267-926e-9463e171f71e,20/01/2015 07:27:55,0,95789.0
17770,4a5cf927-5e23-4267-926e-9463e171f71e,20/01/2015 04:45:25,0,95789.0
17771,4a5cf927-5e23-4267-926e-9463e171f71e,20/01/2015 03:45:25,0,95789.0
17772,4a5cf927-5e23-4267-926e-9463e171f71e,20/01/2015 02:45:25,0,95789.0
17773,4a5cf927-5e23-4267-926e-9463e171f71e,20/01/2015 01:45:25,0,95789.0
17774,4a5cf927-5e23-4267-926e-9463e171f71e,20/01/2015 00:45:34,0,95789.0
17775,4a5cf927-5e23-4267-926e-9463e171f71e,19/01/2015 23:45:34,0,95789.0
17776,4a5cf927-5e23-4267-926e-9463e171f71e,19/01/2015 22:45:34,10,95789.0
17777,4a5cf927-5e23-4267-926e-9463e171f71e,19/01/2015 22:27:55,5,95779.0
17778,4a5cf927-5e23-4267-926e-9463e171f71e,19/01/2015 21:27:55,10,95774.0
17779,4a5cf927-5e23-4267-926e-9463e171f71e,19/01/2015 20:27:55,0,95764.0
17780,4a5cf927-5e23-4267-926e-9463e171f71e,19/01/2015 19:27:55,3,95764.0
17781,4a5cf927-5e23-4267-926e-9463e171f71e,19/01/2015 18:27:57,5,95761.0
17782,4a5cf927-5e23-4267-926e-9463e171f71e,19/01/2015 17:27:57,0,95756.0
17783,4a5cf927-5e23-4267-926e-9463e171f71e,19/01/2015 16:27:57,11,95756.0
17784,4a5cf927-5e23-4267-926e-9463e171f71e,19/01/2015 15:27:57,16,95745.0
17785,4a5cf927-5e23-4267-926e-9463e171f71e,19/01/2015 14:27:55,0,95729.0
17786,4a5cf927-5e23-4267-926e-9463e171f71e,19/01/2015 13:27:55,0,95729.0
17787,4a5cf927-5e23-4267-926e-9463e171f71e,19/01/2015 12:27:55,0,95729.0
17788,4a5cf927-5e23-4267-926e-9463e171f71e,19/01/2015 11:27:55,14,95729.0
17789,4a5cf927-5e23-4267-926e-9463e171f71e,19/01/2015 10:27:55,4,95715.0
17790,4a5cf927-5e23-4267-926e-9463e171f71e,19/01/2015 09:27:55,91,95711.0
17791,4a5cf927-5e23-4267-926e-9463e171f71e,19/01/2015 08:27:55,83,95620.0
17792,4a5cf927-5e23-4267-926e-9463e171f71e,19/01/2015 07:27:55,0,95537.0
17793,4a5cf927-5e23-4267-926e-9463e171f71e,19/01/2015 06:27:56,0,95537.0
17794,4a5cf927-5e23-4267-926e-9463e171f71e,19/01/2015 05:27:56,0,95537.0
17795,4a5cf927-5e23-4267-926e-9463e171f71e,19/01/2015 04:27:56,1,95537.0
17796,4a5cf927-5e23-4267-926e-9463e171f71e,19/01/2015 03:27:56,0,95536.0
17797,4a5cf927-5e23-4267-926e-9463e171f71e,19/01/2015 02:27:59,0,95536.0
17798,4a5cf927-5e23-4267-926e-9463e171f71e,19/01/2015 01:27:59,0,95536.0
17799,4a5cf927-5e23-4267-926e-9463e171f71e,19/01/2015 00:27:59,0,95536.0
17800,4a5cf927-5e23-4267-926e-9463e171f71e,18/01/2015 23:27:59,3,95536.0
17801,4a5cf927-5e23-4267-926e-9463e171f71e,18/01/2015 22:27:57,22,95533.0
17802,4a5cf927-5e23-4267-926e-9463e171f71e,18/01/2015 21:27:57,10,95511.0
17803,4a5cf927-5e23-4267-926e-9463e171f71e,18/01/2015 20:27:57,10,95501.0
17804,4a5cf927-5e23-4267-926e-9463e171f71e,18/01/2015 19:27:57,7,95491.0
17805,4a5cf927-5e23-4267-926e-9463e171f71e,18/01/2015 18:27:58,24,95484.0
17806,4a5cf927-5e23-4267-926e-9463e171f71e,18/01/2015 17:27:58,1,95460.0
17807,4a5cf927-5e23-4267-926e-9463e171f71e,18/01/2015 16:27:58,0,95459.0
17808,4a5cf927-5e23-4267-926e-9463e171f71e,18/01/2015 15:27:58,0,95459.0
17809,4a5cf927-5e23-4267-926e-9463e171f71e,18/01/2015 14:27:56,18,95459.0
17810,4a5cf927-5e23-4267-926e-9463e171f71e,18/01/2015 13:27:56,71,95441.0
17811,4a5cf927-5e23-4267-926e-9463e171f71e,18/01/2015 12:27:56,18,95370.0
17812,4a5cf927-5e23-4267-926e-9463e171f71e,18/01/2015 11:27:56,54,95352.0
17813,4a5cf927-5e23-4267-926e-9463e171f71e,18/01/2015 10:27:58,36,95298.0
17814,4a5cf927-5e23-4267-926e-9463e171f71e,18/01/2015 09:27:58,0,95262.0
17815,4a5cf927-5e23-4267-926e-9463e171f71e,18/01/2015 08:27:58,0,95262.0
17816,4a5cf927-5e23-4267-926e-9463e171f71e,18/01/2015 07:27:58,0,95262.0
17817,4a5cf927-5e23-4267-926e-9463e171f71e,18/01/2015 06:27:58,0,95262.0
17818,4a5cf927-5e23-4267-926e-9463e171f71e,18/01/2015 05:27:58,0,95262.0
17819,4a5cf927-5e23-4267-926e-9463e171f71e,18/01/2015 04:27:58,0,95262.0
17820,4a5cf927-5e23-4267-926e-9463e171f71e,18/01/2015 03:27:58,0,95262.0
17821,4a5cf927-5e23-4267-926e-9463e171f71e,18/01/2015 02:27:59,0,95262.0
17822,4a5cf927-5e23-4267-926e-9463e171f71e,18/01/2015 01:27:59,0,95262.0
17823,4a5cf927-5e23-4267-926e-9463e171f71e,18/01/2015 00:27:59,25,95262.0
17824,4a5cf927-5e23-4267-926e-9463e171f71e,17/01/2015 23:27:59,14,95237.0
17825,4a5cf927-5e23-4267-926e-9463e171f71e,17/01/2015 21:57:17,23,95223.0
17826,4a5cf927-5e23-4267-926e-9463e171f71e,17/01/2015 20:57:17,16,95200.0
17827,4a5cf927-5e23-4267-926e-9463e171f71e,17/01/2015 19:57:17,0,95184.0
17828,4a5cf927-5e23-4267-926e-9463e171f71e,17/01/2015 18:57:17,9,95184.0
17829,4a5cf927-5e23-4267-926e-9463e171f71e,17/01/2015 18:28:01,23,95175.0
17830,4a5cf927-5e23-4267-926e-9463e171f71e,17/01/2015 17:28:01,0,95152.0
17831,4a5cf927-5e23-4267-926e-9463e171f71e,17/01/2015 16:28:01,33,95152.0
17832,4a5cf927-5e23-4267-926e-9463e171f71e,17/01/2015 15:28:01,1,95119.0
17833,4a5cf927-5e23-4267-926e-9463e171f71e,17/01/2015 13:57:17,0,95118.0
17834,4a5cf927-5e23-4267-926e-9463e171f71e,17/01/2015 12:57:17,0,95118.0
17835,4a5cf927-5e23-4267-926e-9463e171f71e,17/01/2015 11:57:17,5,95118.0
17836,4a5cf927-5e23-4267-926e-9463e171f71e,17/01/2015 10:57:17,34,95113.0
17837,4a5cf927-5e23-4267-926e-9463e171f71e,17/01/2015 10:28:02,6,95079.0
17838,4a5cf927-5e23-4267-926e-9463e171f71e,17/01/2015 09:28:02,10,95073.0
17839,4a5cf927-5e23-4267-926e-9463e171f71e,17/01/2015 08:28:02,81,95063.0
17840,4a5cf927-5e23-4267-926e-9463e171f71e,17/01/2015 07:28:02,0,94982.0
17841,4a5cf927-5e23-4267-926e-9463e171f71e,17/01/2015 05:57:06,0,94982.0
17842,4a5cf927-5e23-4267-926e-9463e171f71e,17/01/2015 04:57:06,0,94982.0
17843,4a5cf927-5e23-4267-926e-9463e171f71e,17/01/2015 03:57:06,0,94982.0
17844,4a5cf927-5e23-4267-926e-9463e171f71e,17/01/2015 02:57:06,0,94982.0
17845,4a5cf927-5e23-4267-926e-9463e171f71e,17/01/2015 02:28:02,1,94982.0
17846,4a5cf927-5e23-4267-926e-9463e171f71e,17/01/2015 01:28:02,0,94981.0
17847,4a5cf927-5e23-4267-926e-9463e171f71e,17/01/2015 00:28:02,3,94981.0
17848,4a5cf927-5e23-4267-926e-9463e171f71e,16/01/2015 23:28:02,4,94978.0
17849,4a5cf927-5e23-4267-926e-9463e171f71e,16/01/2015 22:28:02,9,94974.0
17850,4a5cf927-5e23-4267-926e-9463e171f71e,16/01/2015 21:28:02,6,94965.0
17851,4a5cf927-5e23-4267-926e-9463e171f71e,16/01/2015 20:28:02,5,94959.0
17852,4a5cf927-5e23-4267-926e-9463e171f71e,16/01/2015 19:28:02,32,94954.0
17853,4a5cf927-5e23-4267-926e-9463e171f71e,16/01/2015 14:28:02,75,94922.0
17854,4a5cf927-5e23-4267-926e-9463e171f71e,16/01/2015 13:28:02,0,94847.0
17855,4a5cf927-5e23-4267-926e-9463e171f71e,16/01/2015 12:28:02,0,94847.0
17856,4a5cf927-5e23-4267-926e-9463e171f71e,16/01/2015 11:28:02,74,94847.0
17857,4a5cf927-5e23-4267-926e-9463e171f71e,16/01/2015 10:28:03,4,94773.0
17858,4a5cf927-5e23-4267-926e-9463e171f71e,16/01/2015 09:28:03,10,94769.0
17859,4a5cf927-5e23-4267-926e-9463e171f71e,16/01/2015 08:28:03,77,94759.0
17860,4a5cf927-5e23-4267-926e-9463e171f71e,16/01/2015 07:28:03,0,94682.0
17861,4a5cf927-5e23-4267-926e-9463e171f71e,16/01/2015 06:28:03,0,94682.0
17862,4a5cf927-5e23-4267-926e-9463e171f71e,16/01/2015 05:28:03,0,94682.0
17863,4a5cf927-5e23-4267-926e-9463e171f71e,16/01/2015 04:28:03,0,94682.0
17864,4a5cf927-5e23-4267-926e-9463e171f71e,16/01/2015 03:28:03,0,94682.0
17865,4a5cf927-5e23-4267-926e-9463e171f71e,16/01/2015 02:28:05,0,94682.0
17866,4a5cf927-5e23-4267-926e-9463e171f71e,16/01/2015 01:28:05,0,94682.0
17867,4a5cf927-5e23-4267-926e-9463e171f71e,16/01/2015 00:28:05,14,94682.0
17868,4a5cf927-5e23-4267-926e-9463e171f71e,15/01/2015 23:28:05,8,94668.0
17869,4a5cf927-5e23-4267-926e-9463e171f71e,15/01/2015 22:28:02,0,94660.0
17870,4a5cf927-5e23-4267-926e-9463e171f71e,15/01/2015 21:28:02,19,94660.0
17871,4a5cf927-5e23-4267-926e-9463e171f71e,15/01/2015 20:28:02,0,94641.0
17872,4a5cf927-5e23-4267-926e-9463e171f71e,15/01/2015 19:28:02,10,94641.0
17873,4a5cf927-5e23-4267-926e-9463e171f71e,15/01/2015 18:28:04,0,94631.0
17874,4a5cf927-5e23-4267-926e-9463e171f71e,15/01/2015 17:28:04,10,94631.0
17875,4a5cf927-5e23-4267-926e-9463e171f71e,15/01/2015 16:28:04,34,94621.0
17876,4a5cf927-5e23-4267-926e-9463e171f71e,15/01/2015 15:28:04,14,94587.0
17877,4a5cf927-5e23-4267-926e-9463e171f71e,15/01/2015 14:28:03,8,94573.0
17878,4a5cf927-5e23-4267-926e-9463e171f71e,15/01/2015 13:28:03,5,94565.0
17879,4a5cf927-5e23-4267-926e-9463e171f71e,15/01/2015 12:28:03,7,94560.0
17880,4a5cf927-5e23-4267-926e-9463e171f71e,15/01/2015 11:28:03,7,94553.0
17881,4a5cf927-5e23-4267-926e-9463e171f71e,15/01/2015 10:28:06,21,94546.0
17882,4a5cf927-5e23-4267-926e-9463e171f71e,15/01/2015 09:28:06,11,94525.0
17883,4a5cf927-5e23-4267-926e-9463e171f71e,15/01/2015 08:28:06,80,94514.0
17884,4a5cf927-5e23-4267-926e-9463e171f71e,15/01/2015 07:28:06,0,94434.0
17885,4a5cf927-5e23-4267-926e-9463e171f71e,15/01/2015 06:28:05,0,94434.0
17886,4a5cf927-5e23-4267-926e-9463e171f71e,15/01/2015 05:28:05,0,94434.0
17887,4a5cf927-5e23-4267-926e-9463e171f71e,15/01/2015 04:28:05,0,94434.0
17888,4a5cf927-5e23-4267-926e-9463e171f71e,15/01/2015 03:28:05,0,94434.0
17889,4a5cf927-5e23-4267-926e-9463e171f71e,15/01/2015 02:28:08,0,94434.0
17890,4a5cf927-5e23-4267-926e-9463e171f71e,15/01/2015 01:28:08,0,94434.0
17891,4a5cf927-5e23-4267-926e-9463e171f71e,15/01/2015 00:28:08,2,94434.0
17892,4a5cf927-5e23-4267-926e-9463e171f71e,14/01/2015 23:28:08,2,94432.0
17893,4a5cf927-5e23-4267-926e-9463e171f71e,14/01/2015 22:28:07,9,94430.0
17894,4a5cf927-5e23-4267-926e-9463e171f71e,14/01/2015 21:28:07,3,94421.0
17895,4a5cf927-5e23-4267-926e-9463e171f71e,14/01/2015 20:28:07,3,94418.0
17896,4a5cf927-5e23-4267-926e-9463e171f71e,14/01/2015 19:28:07,0,94415.0
17897,4a5cf927-5e23-4267-926e-9463e171f71e,14/01/2015 18:28:07,9,94415.0
17898,4a5cf927-5e23-4267-926e-9463e171f71e,14/01/2015 17:28:07,4,94406.0
17899,4a5cf927-5e23-4267-926e-9463e171f71e,14/01/2015 16:28:07,20,94402.0
17900,4a5cf927-5e23-4267-926e-9463e171f71e,14/01/2015 15:28:07,15,94382.0
17901,4a5cf927-5e23-4267-926e-9463e171f71e,14/01/2015 14:28:06,13,94367.0
17902,4a5cf927-5e23-4267-926e-9463e171f71e,14/01/2015 13:28:06,30,94354.0
17903,4a5cf927-5e23-4267-926e-9463e171f71e,14/01/2015 12:28:06,16,94324.0
17904,4a5cf927-5e23-4267-926e-9463e171f71e,14/01/2015 11:28:06,10,94308.0
17905,4a5cf927-5e23-4267-926e-9463e171f71e,14/01/2015 10:28:08,73,94298.0
17906,4a5cf927-5e23-4267-926e-9463e171f71e,14/01/2015 09:28:08,13,94225.0
17907,4a5cf927-5e23-4267-926e-9463e171f71e,14/01/2015 08:28:08,74,94212.0
17908,4a5cf927-5e23-4267-926e-9463e171f71e,14/01/2015 07:28:08,0,94138.0
17909,4a5cf927-5e23-4267-926e-9463e171f71e,14/01/2015 06:28:07,0,94138.0
17910,4a5cf927-5e23-4267-926e-9463e171f71e,14/01/2015 05:28:07,0,94138.0
17911,4a5cf927-5e23-4267-926e-9463e171f71e,14/01/2015 04:28:07,0,94138.0
17912,4a5cf927-5e23-4267-926e-9463e171f71e,14/01/2015 03:28:07,0,94138.0
17913,4a5cf927-5e23-4267-926e-9463e171f71e,14/01/2015 02:28:09,0,94138.0
17914,4a5cf927-5e23-4267-926e-9463e171f71e,14/01/2015 01:28:09,0,94138.0
17915,4a5cf927-5e23-4267-926e-9463e171f71e,14/01/2015 00:28:09,0,94138.0
17916,4a5cf927-5e23-4267-926e-9463e171f71e,13/01/2015 23:28:09,8,94138.0
17917,4a5cf927-5e23-4267-926e-9463e171f71e,13/01/2015 22:28:09,1,94130.0
17918,4a5cf927-5e23-4267-926e-9463e171f71e,13/01/2015 21:28:09,7,94129.0
17919,4a5cf927-5e23-4267-926e-9463e171f71e,13/01/2015 20:28:09,0,94122.0
17920,4a5cf927-5e23-4267-926e-9463e171f71e,13/01/2015 19:28:09,25,94122.0
17921,4a5cf927-5e23-4267-926e-9463e171f71e,13/01/2015 18:28:10,0,94097.0
17922,4a5cf927-5e23-4267-926e-9463e171f71e,13/01/2015 17:28:10,3,94097.0
17923,4a5cf927-5e23-4267-926e-9463e171f71e,13/01/2015 16:28:10,16,94094.0
17924,4a5cf927-5e23-4267-926e-9463e171f71e,13/01/2015 15:28:10,16,94078.0
17925,4a5cf927-5e23-4267-926e-9463e171f71e,13/01/2015 14:28:09,0,94062.0
17926,4a5cf927-5e23-4267-926e-9463e171f71e,13/01/2015 13:28:09,0,94062.0
17927,4a5cf927-5e23-4267-926e-9463e171f71e,13/01/2015 12:28:09,38,94062.0
17928,4a5cf927-5e23-4267-926e-9463e171f71e,13/01/2015 11:28:09,9,94024.0
17929,4a5cf927-5e23-4267-926e-9463e171f71e,13/01/2015 10:28:11,35,94015.0
17930,4a5cf927-5e23-4267-926e-9463e171f71e,13/01/2015 09:28:11,89,93980.0
17931,4a5cf927-5e23-4267-926e-9463e171f71e,13/01/2015 08:28:11,0,93891.0
17932,4a5cf927-5e23-4267-926e-9463e171f71e,13/01/2015 07:28:11,0,93891.0
17933,4a5cf927-5e23-4267-926e-9463e171f71e,13/01/2015 06:28:10,0,93891.0
17934,4a5cf927-5e23-4267-926e-9463e171f71e,13/01/2015 05:28:10,0,93891.0
17935,4a5cf927-5e23-4267-926e-9463e171f71e,13/01/2015 04:28:10,0,93891.0
17936,4a5cf927-5e23-4267-926e-9463e171f71e,13/01/2015 03:28:10,3,93891.0
17937,4a5cf927-5e23-4267-926e-9463e171f71e,13/01/2015 02:28:12,0,93888.0
17938,4a5cf927-5e23-4267-926e-9463e171f71e,13/01/2015 01:28:12,0,93888.0
17939,4a5cf927-5e23-4267-926e-9463e171f71e,13/01/2015 00:28:12,3,93888.0
17940,4a5cf927-5e23-4267-926e-9463e171f71e,12/1/2015 23:28,19,93885.0
17941,4a5cf927-5e23-4267-926e-9463e171f71e,12/1/2015 22:28,6,93866.0
17942,4a5cf927-5e23-4267-926e-9463e171f71e,12/1/2015 21:28,6,93860.0
17943,4a5cf927-5e23-4267-926e-9463e171f71e,12/1/2015 20:28,0,93854.0
17944,4a5cf927-5e23-4267-926e-9463e171f71e,12/1/2015 19:28,5,93854.0
17945,4a5cf927-5e23-4267-926e-9463e171f71e,12/1/2015 18:28,16,93849.0
17946,4a5cf927-5e23-4267-926e-9463e171f71e,12/1/2015 17:28,0,93833.0
17947,4a5cf927-5e23-4267-926e-9463e171f71e,12/1/2015 16:28,4,93833.0
17948,4a5cf927-5e23-4267-926e-9463e171f71e,12/1/2015 15:28,17,93829.0
17949,4a5cf927-5e23-4267-926e-9463e171f71e,12/1/2015 14:28,8,93812.0
17950,4a5cf927-5e23-4267-926e-9463e171f71e,12/1/2015 13:28,82,93804.0
17951,4a5cf927-5e23-4267-926e-9463e171f71e,12/1/2015 12:28,0,93722.0
17952,4a5cf927-5e23-4267-926e-9463e171f71e,12/1/2015 11:28,11,93722.0
17953,4a5cf927-5e23-4267-926e-9463e171f71e,12/1/2015 10:28,50,93711.0
17954,4a5cf927-5e23-4267-926e-9463e171f71e,12/1/2015 9:28,13,93661.0
17955,4a5cf927-5e23-4267-926e-9463e171f71e,12/1/2015 8:28,78,93648.0
17956,4a5cf927-5e23-4267-926e-9463e171f71e,12/1/2015 7:28,0,93570.0
17957,4a5cf927-5e23-4267-926e-9463e171f71e,12/1/2015 6:28,0,93570.0
17958,4a5cf927-5e23-4267-926e-9463e171f71e,12/1/2015 5:28,0,93570.0
17959,4a5cf927-5e23-4267-926e-9463e171f71e,12/1/2015 4:28,0,93570.0
17960,4a5cf927-5e23-4267-926e-9463e171f71e,12/1/2015 3:28,0,93570.0
17961,4a5cf927-5e23-4267-926e-9463e171f71e,12/1/2015 2:28,0,93570.0
17962,4a5cf927-5e23-4267-926e-9463e171f71e,12/1/2015 1:28,0,93570.0
17963,4a5cf927-5e23-4267-926e-9463e171f71e,12/1/2015 0:28,3,93570.0
17964,4a5cf927-5e23-4267-926e-9463e171f71e,11/1/2015 23:28,11,93567.0
17965,4a5cf927-5e23-4267-926e-9463e171f71e,11/1/2015 18:28,7,93556.0
17966,4a5cf927-5e23-4267-926e-9463e171f71e,11/1/2015 17:28,4,93549.0
17967,4a5cf927-5e23-4267-926e-9463e171f71e,11/1/2015 16:28,0,93545.0
17968,4a5cf927-5e23-4267-926e-9463e171f71e,11/1/2015 15:28,13,93545.0
17969,4a5cf927-5e23-4267-926e-9463e171f71e,11/1/2015 14:28,15,93532.0
17970,4a5cf927-5e23-4267-926e-9463e171f71e,11/1/2015 13:28,0,93517.0
17971,4a5cf927-5e23-4267-926e-9463e171f71e,11/1/2015 12:28,4,93517.0
17972,4a5cf927-5e23-4267-926e-9463e171f71e,11/1/2015 11:28,24,93513.0
17973,4a5cf927-5e23-4267-926e-9463e171f71e,11/1/2015 10:28,17,93489.0
17974,4a5cf927-5e23-4267-926e-9463e171f71e,11/1/2015 9:28,8,93472.0
17975,4a5cf927-5e23-4267-926e-9463e171f71e,11/1/2015 8:28,116,93464.0
17976,4a5cf927-5e23-4267-926e-9463e171f71e,11/1/2015 7:28,0,93348.0
17977,4a5cf927-5e23-4267-926e-9463e171f71e,11/1/2015 6:28,0,93348.0
17978,4a5cf927-5e23-4267-926e-9463e171f71e,11/1/2015 5:28,0,93348.0
17979,4a5cf927-5e23-4267-926e-9463e171f71e,11/1/2015 4:28,0,93348.0
17980,4a5cf927-5e23-4267-926e-9463e171f71e,11/1/2015 3:28,0,93348.0
17981,4a5cf927-5e23-4267-926e-9463e171f71e,11/1/2015 2:28,0,93348.0
17982,4a5cf927-5e23-4267-926e-9463e171f71e,11/1/2015 1:28,0,93348.0
17983,4a5cf927-5e23-4267-926e-9463e171f71e,11/1/2015 0:28,9,93348.0
17984,4a5cf927-5e23-4267-926e-9463e171f71e,10/1/2015 23:28,17,93339.0
17985,4a5cf927-5e23-4267-926e-9463e171f71e,10/1/2015 21:50,13,93322.0
17986,4a5cf927-5e23-4267-926e-9463e171f71e,10/1/2015 20:50,5,93309.0
17987,4a5cf927-5e23-4267-926e-9463e171f71e,10/1/2015 19:50,0,93304.0
17988,4a5cf927-5e23-4267-926e-9463e171f71e,10/1/2015 18:50,4,93304.0
17989,4a5cf927-5e23-4267-926e-9463e171f71e,10/1/2015 18:28,0,93300.0
17990,4a5cf927-5e23-4267-926e-9463e171f71e,10/1/2015 17:28,0,93300.0
17991,4a5cf927-5e23-4267-926e-9463e171f71e,10/1/2015 16:28,6,93300.0
17992,4a5cf927-5e23-4267-926e-9463e171f71e,10/1/2015 15:28,80,93294.0
17993,4a5cf927-5e23-4267-926e-9463e171f71e,10/1/2015 10:28,23,93214.0
17994,4a5cf927-5e23-4267-926e-9463e171f71e,10/1/2015 9:28,13,93191.0
17995,4a5cf927-5e23-4267-926e-9463e171f71e,10/1/2015 8:28,78,93178.0
17996,4a5cf927-5e23-4267-926e-9463e171f71e,10/1/2015 7:28,0,93100.0
17997,4a5cf927-5e23-4267-926e-9463e171f71e,10/1/2015 5:50,0,93100.0
17998,4a5cf927-5e23-4267-926e-9463e171f71e,10/1/2015 4:50,0,93100.0
17999,4a5cf927-5e23-4267-926e-9463e171f71e,10/1/2015 3:50,0,93100.0
18000,4a5cf927-5e23-4267-926e-9463e171f71e,10/1/2015 2:50,0,93100.0
18001,4a5cf927-5e23-4267-926e-9463e171f71e,10/1/2015 1:49,0,93100.0
18002,4a5cf927-5e23-4267-926e-9463e171f71e,10/1/2015 0:49,0,93100.0
18003,4a5cf927-5e23-4267-926e-9463e171f71e,9/1/2015 23:49,0,93100.0
18004,4a5cf927-5e23-4267-926e-9463e171f71e,9/1/2015 22:49,7,93100.0
18005,4a5cf927-5e23-4267-926e-9463e171f71e,9/1/2015 22:28,0,93093.0
18006,4a5cf927-5e23-4267-926e-9463e171f71e,9/1/2015 21:28,6,93093.0
18007,4a5cf927-5e23-4267-926e-9463e171f71e,9/1/2015 20:28,11,93087.0
18008,4a5cf927-5e23-4267-926e-9463e171f71e,9/1/2015 19:28,0,93076.0
18009,4a5cf927-5e23-4267-926e-9463e171f71e,9/1/2015 18:28,0,93076.0
18010,4a5cf927-5e23-4267-926e-9463e171f71e,9/1/2015 17:28,5,93076.0
18011,4a5cf927-5e23-4267-926e-9463e171f71e,9/1/2015 16:28,6,93071.0
18012,4a5cf927-5e23-4267-926e-9463e171f71e,9/1/2015 15:28,14,93065.0
18013,4a5cf927-5e23-4267-926e-9463e171f71e,9/1/2015 14:28,7,93051.0
18014,4a5cf927-5e23-4267-926e-9463e171f71e,9/1/2015 13:28,0,93044.0
18015,4a5cf927-5e23-4267-926e-9463e171f71e,9/1/2015 12:28,0,93044.0
18016,4a5cf927-5e23-4267-926e-9463e171f71e,9/1/2015 11:28,11,93044.0
18017,4a5cf927-5e23-4267-926e-9463e171f71e,9/1/2015 10:28,0,93033.0
18018,4a5cf927-5e23-4267-926e-9463e171f71e,9/1/2015 9:28,15,93033.0
18019,4a5cf927-5e23-4267-926e-9463e171f71e,9/1/2015 8:28,143,93018.0
18020,4a5cf927-5e23-4267-926e-9463e171f71e,9/1/2015 7:28,0,92875.0
18021,4a5cf927-5e23-4267-926e-9463e171f71e,9/1/2015 6:28,0,92875.0
18022,4a5cf927-5e23-4267-926e-9463e171f71e,9/1/2015 5:28,0,92875.0
18023,4a5cf927-5e23-4267-926e-9463e171f71e,9/1/2015 4:28,0,92875.0
18024,4a5cf927-5e23-4267-926e-9463e171f71e,9/1/2015 3:28,0,92875.0
18025,4a5cf927-5e23-4267-926e-9463e171f71e,9/1/2015 2:28,3,92875.0
18026,4a5cf927-5e23-4267-926e-9463e171f71e,9/1/2015 1:28,1,92872.0
18027,4a5cf927-5e23-4267-926e-9463e171f71e,9/1/2015 0:28,0,92871.0
18028,4a5cf927-5e23-4267-926e-9463e171f71e,8/1/2015 23:28,5,92871.0
18029,4a5cf927-5e23-4267-926e-9463e171f71e,8/1/2015 22:28,0,92866.0
18030,4a5cf927-5e23-4267-926e-9463e171f71e,8/1/2015 21:28,8,92866.0
18031,4a5cf927-5e23-4267-926e-9463e171f71e,8/1/2015 20:28,0,92858.0
18032,4a5cf927-5e23-4267-926e-9463e171f71e,8/1/2015 19:28,0,92858.0
18033,4a5cf927-5e23-4267-926e-9463e171f71e,8/1/2015 18:28,0,92858.0
18034,4a5cf927-5e23-4267-926e-9463e171f71e,8/1/2015 17:28,5,92858.0
18035,4a5cf927-5e23-4267-926e-9463e171f71e,8/1/2015 16:28,6,92853.0
18036,4a5cf927-5e23-4267-926e-9463e171f71e,8/1/2015 15:28,24,92847.0
18037,4a5cf927-5e23-4267-926e-9463e171f71e,8/1/2015 14:28,3,92823.0
18038,4a5cf927-5e23-4267-926e-9463e171f71e,8/1/2015 13:28,0,92820.0
18039,4a5cf927-5e23-4267-926e-9463e171f71e,8/1/2015 12:28,11,92820.0
18040,4a5cf927-5e23-4267-926e-9463e171f71e,8/1/2015 11:28,29,92809.0
18041,4a5cf927-5e23-4267-926e-9463e171f71e,8/1/2015 10:28,30,92780.0
18042,4a5cf927-5e23-4267-926e-9463e171f71e,8/1/2015 9:28,4,92750.0
18043,4a5cf927-5e23-4267-926e-9463e171f71e,8/1/2015 8:28,85,92746.0
18044,4a5cf927-5e23-4267-926e-9463e171f71e,8/1/2015 7:28,0,92661.0
18045,4a5cf927-5e23-4267-926e-9463e171f71e,8/1/2015 6:28,0,92661.0
18046,4a5cf927-5e23-4267-926e-9463e171f71e,8/1/2015 5:28,0,92661.0
18047,4a5cf927-5e23-4267-926e-9463e171f71e,8/1/2015 4:28,0,92661.0
18048,4a5cf927-5e23-4267-926e-9463e171f71e,8/1/2015 3:28,0,92661.0
18049,4a5cf927-5e23-4267-926e-9463e171f71e,8/1/2015 2:28,0,92661.0
18050,4a5cf927-5e23-4267-926e-9463e171f71e,8/1/2015 1:28,3,92661.0
18051,4a5cf927-5e23-4267-926e-9463e171f71e,8/1/2015 0:28,12,92658.0
18052,4a5cf927-5e23-4267-926e-9463e171f71e,7/1/2015 23:28,46,92646.0
18053,4a5cf927-5e23-4267-926e-9463e171f71e,7/1/2015 22:28,100,92600.0
18054,4a5cf927-5e23-4267-926e-9463e171f71e,7/1/2015 21:28,12,92500.0
18055,4a5cf927-5e23-4267-926e-9463e171f71e,7/1/2015 20:28,0,92488.0
18056,4a5cf927-5e23-4267-926e-9463e171f71e,7/1/2015 19:28,5,92488.0
18057,4a5cf927-5e23-4267-926e-9463e171f71e,7/1/2015 18:28,2,92483.0
18058,4a5cf927-5e23-4267-926e-9463e171f71e,7/1/2015 17:28,5,92481.0
18059,4a5cf927-5e23-4267-926e-9463e171f71e,7/1/2015 16:28,2,92476.0
18060,4a5cf927-5e23-4267-926e-9463e171f71e,7/1/2015 15:28,9,92474.0
18061,4a5cf927-5e23-4267-926e-9463e171f71e,7/1/2015 14:28,29,92465.0
18062,4a5cf927-5e23-4267-926e-9463e171f71e,7/1/2015 13:28,30,92436.0
18063,4a5cf927-5e23-4267-926e-9463e171f71e,7/1/2015 12:28,11,92406.0
18064,4a5cf927-5e23-4267-926e-9463e171f71e,7/1/2015 11:28,1,92395.0
18065,4a5cf927-5e23-4267-926e-9463e171f71e,7/1/2015 10:28,0,92394.0
18066,4a5cf927-5e23-4267-926e-9463e171f71e,7/1/2015 9:28,27,92394.0
18067,4a5cf927-5e23-4267-926e-9463e171f71e,7/1/2015 8:28,115,92367.0
18068,4a5cf927-5e23-4267-926e-9463e171f71e,7/1/2015 7:28,0,92252.0
18069,4a5cf927-5e23-4267-926e-9463e171f71e,7/1/2015 6:28,0,92252.0
18070,4a5cf927-5e23-4267-926e-9463e171f71e,7/1/2015 5:28,0,92252.0
18071,4a5cf927-5e23-4267-926e-9463e171f71e,7/1/2015 4:28,0,92252.0
18072,4a5cf927-5e23-4267-926e-9463e171f71e,7/1/2015 3:28,0,92252.0
18073,4a5cf927-5e23-4267-926e-9463e171f71e,7/1/2015 2:28,0,92252.0
18074,4a5cf927-5e23-4267-926e-9463e171f71e,7/1/2015 1:28,0,92252.0
18075,4a5cf927-5e23-4267-926e-9463e171f71e,7/1/2015 0:28,0,92252.0
18076,4a5cf927-5e23-4267-926e-9463e171f71e,6/1/2015 23:28,9,92252.0
18077,4a5cf927-5e23-4267-926e-9463e171f71e,6/1/2015 22:28,0,92243.0
18078,4a5cf927-5e23-4267-926e-9463e171f71e,6/1/2015 21:28,0,92243.0
18079,4a5cf927-5e23-4267-926e-9463e171f71e,6/1/2015 20:28,7,92243.0
18080,4a5cf927-5e23-4267-926e-9463e171f71e,6/1/2015 19:28,10,92236.0
18081,4a5cf927-5e23-4267-926e-9463e171f71e,6/1/2015 18:28,0,92226.0
18082,4a5cf927-5e23-4267-926e-9463e171f71e,6/1/2015 17:28,25,92226.0
18083,4a5cf927-5e23-4267-926e-9463e171f71e,6/1/2015 16:28,17,92201.0
18084,4a5cf927-5e23-4267-926e-9463e171f71e,6/1/2015 15:28,6,92184.0
18085,4a5cf927-5e23-4267-926e-9463e171f71e,6/1/2015 14:28,3,92178.0
18086,4a5cf927-5e23-4267-926e-9463e171f71e,6/1/2015 13:28,7,92175.0
18087,4a5cf927-5e23-4267-926e-9463e171f71e,6/1/2015 12:28,64,92168.0
18088,4a5cf927-5e23-4267-926e-9463e171f71e,6/1/2015 11:28,26,92104.0
18089,4a5cf927-5e23-4267-926e-9463e171f71e,6/1/2015 10:28,16,92078.0
18090,4a5cf927-5e23-4267-926e-9463e171f71e,6/1/2015 9:28,0,92062.0
18091,4a5cf927-5e23-4267-926e-9463e171f71e,6/1/2015 8:28,0,92062.0
18092,4a5cf927-5e23-4267-926e-9463e171f71e,6/1/2015 7:28,0,92062.0
18093,4a5cf927-5e23-4267-926e-9463e171f71e,6/1/2015 6:28,0,92062.0
18094,4a5cf927-5e23-4267-926e-9463e171f71e,6/1/2015 5:28,0,92062.0
18095,4a5cf927-5e23-4267-926e-9463e171f71e,6/1/2015 4:28,0,92062.0
18096,4a5cf927-5e23-4267-926e-9463e171f71e,6/1/2015 3:28,0,92062.0
18097,4a5cf927-5e23-4267-926e-9463e171f71e,6/1/2015 2:28,1,92062.0
18098,4a5cf927-5e23-4267-926e-9463e171f71e,6/1/2015 1:28,8,92061.0
18099,4a5cf927-5e23-4267-926e-9463e171f71e,6/1/2015 0:28,0,92053.0
18100,4a5cf927-5e23-4267-926e-9463e171f71e,5/1/2015 23:28,5,92053.0
18101,4a5cf927-5e23-4267-926e-9463e171f71e,5/1/2015 22:28,14,92048.0
18102,4a5cf927-5e23-4267-926e-9463e171f71e,5/1/2015 21:28,0,92034.0
18103,4a5cf927-5e23-4267-926e-9463e171f71e,5/1/2015 20:28,0,92034.0
18104,4a5cf927-5e23-4267-926e-9463e171f71e,5/1/2015 19:28,40,92034.0
18105,4a5cf927-5e23-4267-926e-9463e171f71e,5/1/2015 14:28,9,91994.0
18106,4a5cf927-5e23-4267-926e-9463e171f71e,5/1/2015 13:28,0,91985.0
18107,4a5cf927-5e23-4267-926e-9463e171f71e,5/1/2015 12:28,3,91985.0
18108,4a5cf927-5e23-4267-926e-9463e171f71e,5/1/2015 11:28,23,91982.0
18109,4a5cf927-5e23-4267-926e-9463e171f71e,5/1/2015 10:28,13,91959.0
18110,4a5cf927-5e23-4267-926e-9463e171f71e,5/1/2015 9:28,68,91946.0
18111,4a5cf927-5e23-4267-926e-9463e171f71e,5/1/2015 8:28,81,91878.0
18112,4a5cf927-5e23-4267-926e-9463e171f71e,5/1/2015 7:28,0,91797.0
18113,4a5cf927-5e23-4267-926e-9463e171f71e,5/1/2015 6:28,0,91797.0
18114,4a5cf927-5e23-4267-926e-9463e171f71e,5/1/2015 5:28,0,91797.0
18115,4a5cf927-5e23-4267-926e-9463e171f71e,5/1/2015 4:28,0,91797.0
18116,4a5cf927-5e23-4267-926e-9463e171f71e,5/1/2015 3:28,0,91797.0
18117,4a5cf927-5e23-4267-926e-9463e171f71e,5/1/2015 2:28,0,91797.0
18118,4a5cf927-5e23-4267-926e-9463e171f71e,5/1/2015 1:28,0,91797.0
18119,4a5cf927-5e23-4267-926e-9463e171f71e,5/1/2015 0:28,0,91797.0
18120,4a5cf927-5e23-4267-926e-9463e171f71e,4/1/2015 23:28,11,91797.0
18121,4a5cf927-5e23-4267-926e-9463e171f71e,4/1/2015 22:28,0,91786.0
18122,4a5cf927-5e23-4267-926e-9463e171f71e,4/1/2015 21:28,0,91786.0
18123,4a5cf927-5e23-4267-926e-9463e171f71e,4/1/2015 20:28,0,91786.0
18124,4a5cf927-5e23-4267-926e-9463e171f71e,4/1/2015 19:28,15,91786.0
18125,4a5cf927-5e23-4267-926e-9463e171f71e,4/1/2015 18:28,4,91771.0
18126,4a5cf927-5e23-4267-926e-9463e171f71e,4/1/2015 17:28,16,91767.0
18127,4a5cf927-5e23-4267-926e-9463e171f71e,4/1/2015 16:28,8,91751.0
18128,4a5cf927-5e23-4267-926e-9463e171f71e,4/1/2015 15:28,0,91743.0
18129,4a5cf927-5e23-4267-926e-9463e171f71e,4/1/2015 14:28,1,91743.0
18130,4a5cf927-5e23-4267-926e-9463e171f71e,4/1/2015 13:28,0,91742.0
18131,4a5cf927-5e23-4267-926e-9463e171f71e,4/1/2015 12:28,80,91742.0
18132,4a5cf927-5e23-4267-926e-9463e171f71e,4/1/2015 11:28,18,91662.0
18133,4a5cf927-5e23-4267-926e-9463e171f71e,4/1/2015 10:28,0,91644.0
18134,4a5cf927-5e23-4267-926e-9463e171f71e,4/1/2015 9:28,0,91644.0
18135,4a5cf927-5e23-4267-926e-9463e171f71e,4/1/2015 8:28,0,91644.0
18136,4a5cf927-5e23-4267-926e-9463e171f71e,4/1/2015 7:28,0,91644.0
18137,4a5cf927-5e23-4267-926e-9463e171f71e,4/1/2015 6:28,0,91644.0
18138,4a5cf927-5e23-4267-926e-9463e171f71e,4/1/2015 5:28,0,91644.0
18139,4a5cf927-5e23-4267-926e-9463e171f71e,4/1/2015 4:28,0,91644.0
18140,4a5cf927-5e23-4267-926e-9463e171f71e,4/1/2015 3:28,6,91644.0
18141,4a5cf927-5e23-4267-926e-9463e171f71e,4/1/2015 2:28,0,91638.0
18142,4a5cf927-5e23-4267-926e-9463e171f71e,4/1/2015 1:28,0,91638.0
18143,4a5cf927-5e23-4267-926e-9463e171f71e,4/1/2015 0:28,0,91638.0
18144,4a5cf927-5e23-4267-926e-9463e171f71e,3/1/2015 23:28,0,91638.0
18145,4a5cf927-5e23-4267-926e-9463e171f71e,3/1/2015 22:28,0,91638.0
18146,4a5cf927-5e23-4267-926e-9463e171f71e,3/1/2015 21:28,13,91638.0
18147,4a5cf927-5e23-4267-926e-9463e171f71e,3/1/2015 20:28,5,91625.0
18148,4a5cf927-5e23-4267-926e-9463e171f71e,3/1/2015 19:28,9,91620.0
18149,4a5cf927-5e23-4267-926e-9463e171f71e,3/1/2015 18:28,1,91611.0
18150,4a5cf927-5e23-4267-926e-9463e171f71e,3/1/2015 17:28,13,91610.0
18151,4a5cf927-5e23-4267-926e-9463e171f71e,3/1/2015 16:28,6,91597.0
18152,4a5cf927-5e23-4267-926e-9463e171f71e,3/1/2015 15:28,19,91591.0
18153,4a5cf927-5e23-4267-926e-9463e171f71e,3/1/2015 14:28,0,91572.0
18154,4a5cf927-5e23-4267-926e-9463e171f71e,3/1/2015 13:28,14,91572.0
18155,4a5cf927-5e23-4267-926e-9463e171f71e,3/1/2015 12:28,18,91558.0
18156,4a5cf927-5e23-4267-926e-9463e171f71e,3/1/2015 11:28,15,91540.0
18157,4a5cf927-5e23-4267-926e-9463e171f71e,3/1/2015 10:28,0,91525.0
18158,4a5cf927-5e23-4267-926e-9463e171f71e,3/1/2015 9:28,9,91525.0
18159,4a5cf927-5e23-4267-926e-9463e171f71e,3/1/2015 8:28,77,91516.0
18160,4a5cf927-5e23-4267-926e-9463e171f71e,3/1/2015 7:28,0,91439.0
18161,4a5cf927-5e23-4267-926e-9463e171f71e,3/1/2015 6:28,0,91439.0
18162,4a5cf927-5e23-4267-926e-9463e171f71e,3/1/2015 5:28,0,91439.0
18163,4a5cf927-5e23-4267-926e-9463e171f71e,3/1/2015 4:28,5,91439.0
18164,4a5cf927-5e23-4267-926e-9463e171f71e,3/1/2015 3:28,0,91434.0
18165,4a5cf927-5e23-4267-926e-9463e171f71e,3/1/2015 2:28,0,91434.0
18166,4a5cf927-5e23-4267-926e-9463e171f71e,3/1/2015 1:28,0,91434.0
18167,4a5cf927-5e23-4267-926e-9463e171f71e,3/1/2015 0:28,0,91434.0
18168,4a5cf927-5e23-4267-926e-9463e171f71e,2/1/2015 23:28,1,91434.0
18169,4a5cf927-5e23-4267-926e-9463e171f71e,2/1/2015 22:28,7,91433.0
18170,4a5cf927-5e23-4267-926e-9463e171f71e,2/1/2015 21:28,3,91426.0
18171,4a5cf927-5e23-4267-926e-9463e171f71e,2/1/2015 20:28,0,91423.0
18172,4a5cf927-5e23-4267-926e-9463e171f71e,2/1/2015 19:28,0,91423.0
18173,4a5cf927-5e23-4267-926e-9463e171f71e,2/1/2015 18:28,6,91423.0
18174,4a5cf927-5e23-4267-926e-9463e171f71e,2/1/2015 17:28,3,91417.0
18175,4a5cf927-5e23-4267-926e-9463e171f71e,2/1/2015 16:28,0,91414.0
18176,4a5cf927-5e23-4267-926e-9463e171f71e,2/1/2015 15:28,47,91414.0
18177,4a5cf927-5e23-4267-926e-9463e171f71e,2/1/2015 14:28,93,91367.0
18178,4a5cf927-5e23-4267-926e-9463e171f71e,2/1/2015 13:28,5,91274.0
18179,4a5cf927-5e23-4267-926e-9463e171f71e,2/1/2015 12:28,2,91269.0
18180,4a5cf927-5e23-4267-926e-9463e171f71e,2/1/2015 11:28,58,91267.0
18181,4a5cf927-5e23-4267-926e-9463e171f71e,2/1/2015 10:28,19,91209.0
18182,4a5cf927-5e23-4267-926e-9463e171f71e,2/1/2015 9:28,18,91190.0
18183,4a5cf927-5e23-4267-926e-9463e171f71e,2/1/2015 8:28,72,91172.0
18184,4a5cf927-5e23-4267-926e-9463e171f71e,2/1/2015 7:28,0,91100.0
18185,4a5cf927-5e23-4267-926e-9463e171f71e,2/1/2015 6:28,0,91100.0
18186,4a5cf927-5e23-4267-926e-9463e171f71e,2/1/2015 5:28,0,91100.0
18187,4a5cf927-5e23-4267-926e-9463e171f71e,2/1/2015 4:28,0,91100.0
18188,4a5cf927-5e23-4267-926e-9463e171f71e,2/1/2015 3:28,0,91100.0
18189,4a5cf927-5e23-4267-926e-9463e171f71e,2/1/2015 2:28,5,91100.0
18190,4a5cf927-5e23-4267-926e-9463e171f71e,2/1/2015 1:28,0,91095.0
18191,4a5cf927-5e23-4267-926e-9463e171f71e,2/1/2015 0:28,7,91095.0
18192,4a5cf927-5e23-4267-926e-9463e171f71e,1/1/2015 23:28,12,91088.0
18193,4a5cf927-5e23-4267-926e-9463e171f71e,1/1/2015 22:28,0,91076.0
18194,4a5cf927-5e23-4267-926e-9463e171f71e,1/1/2015 21:28,0,91076.0
18195,4a5cf927-5e23-4267-926e-9463e171f71e,1/1/2015 20:28,0,91076.0
18196,4a5cf927-5e23-4267-926e-9463e171f71e,1/1/2015 19:28,3,91076.0
18197,4a5cf927-5e23-4267-926e-9463e171f71e,1/1/2015 18:28,12,91073.0
18198,4a5cf927-5e23-4267-926e-9463e171f71e,1/1/2015 17:28,5,91061.0
18199,4a5cf927-5e23-4267-926e-9463e171f71e,1/1/2015 16:28,25,91056.0
18200,4a5cf927-5e23-4267-926e-9463e171f71e,1/1/2015 15:28,10,91031.0
18201,4a5cf927-5e23-4267-926e-9463e171f71e,1/1/2015 14:28,9,91021.0
18202,4a5cf927-5e23-4267-926e-9463e171f71e,1/1/2015 13:28,40,91012.0
18203,4a5cf927-5e23-4267-926e-9463e171f71e,1/1/2015 12:28,73,90972.0
18204,4a5cf927-5e23-4267-926e-9463e171f71e,1/1/2015 11:28,0,90899.0
18205,4a5cf927-5e23-4267-926e-9463e171f71e,1/1/2015 10:28,6,90899.0
18206,4a5cf927-5e23-4267-926e-9463e171f71e,1/1/2015 9:28,0,90893.0
18207,4a5cf927-5e23-4267-926e-9463e171f71e,1/1/2015 8:28,0,90893.0
18208,4a5cf927-5e23-4267-926e-9463e171f71e,1/1/2015 7:28,0,90893.0
18209,4a5cf927-5e23-4267-926e-9463e171f71e,1/1/2015 6:28,0,90893.0
18210,4a5cf927-5e23-4267-926e-9463e171f71e,1/1/2015 5:28,5,90893.0
18211,4a5cf927-5e23-4267-926e-9463e171f71e,1/1/2015 4:28,0,90888.0
18212,4a5cf927-5e23-4267-926e-9463e171f71e,1/1/2015 3:28,0,90888.0
18213,4a5cf927-5e23-4267-926e-9463e171f71e,1/1/2015 2:28,1,90888.0
18214,4a5cf927-5e23-4267-926e-9463e171f71e,1/1/2015 1:28,0,90887.0
