accuracy: 0.53710693
dt: 158.71415495872498
fsize: 71400
