accuracy: 0.69496024
dt: 102.10066604614258
fsize: 70696
