accuracy: 0.69496024
dt: 45.983197927474976
fsize: 70696
