accuracy: 0.6976127
dt: 60.60933995246887
fsize: 70696
