accuracy: 0.83013296
dt: 40.39586281776428
fsize: 70696
