accuracy: 0.036105737
dt: 0.32401275634765625
fsize: 68400
