accuracy: 0.034816246
dt: 0.33301663398742676
fsize: 68400
