accuracy: 0.93670887
dt: 29.07870864868164
fsize: 70696
