accuracy: 0.82570165
dt: 46.53235650062561
fsize: 70696
