accuracy: 0.035460994
dt: 0.3279869556427002
fsize: 68400
