accuracy: 0.91580504
dt: 133.64230942726135
fsize: 309424
