accuracy: 0.5633437
dt: 84.09164190292358
fsize: 70696
