accuracy: 0.9419831
dt: 105.75059127807617
fsize: 308784
