accuracy: 0.9335443
dt: 35.41283059120178
fsize: 70696
