accuracy: 0.9504219
dt: 110.67358875274658
fsize: 308784
