accuracy: 0.623057
dt: 77.96499133110046
fsize: 308784
