accuracy: 0.93677557
dt: 50.28304362297058
fsize: 70696
