accuracy: 0.6163765
dt: 165.65185618400574
fsize: 309424
