accuracy: 0.5349741
dt: 47.18751883506775
fsize: 70696
