accuracy: 0.6312057
dt: 185.13534712791443
fsize: 309424
