accuracy: 0.894387
dt: 43.1650505065918
fsize: 70696
