accuracy: 0.5764023
dt: 188.02236676216125
fsize: 309424
