accuracy: 0.66843504
dt: 39.66984677314758
fsize: 309424
