accuracy: 0.9483122
dt: 105.27968859672546
fsize: 308784
