accuracy: 0.68435013
dt: 40.22896766662598
fsize: 309424
