accuracy: 0.56022847
dt: 52.525044202804565
fsize: 70696
