accuracy: 0.626943
dt: 75.89194345474243
fsize: 308784
