accuracy: 0.59151196
dt: 38.3880980014801
fsize: 309424
