accuracy: 0.8205318
dt: 62.67063856124878
fsize: 70696
