accuracy: 0.9377637
dt: 37.49720001220703
fsize: 70696
