accuracy: 0.9187592
dt: 144.88516545295715
fsize: 309424
