accuracy: 0.901034
dt: 74.07918119430542
fsize: 70696
