accuracy: 0.63212436
dt: 75.57831382751465
fsize: 308784
