accuracy: 0.9098966
dt: 142.95176935195923
fsize: 309424
