accuracy: 0.622824
dt: 183.1449682712555
fsize: 309424
