accuracy: 0.626943
dt: 75.74441981315613
fsize: 308784
