accuracy: 0.5816062
dt: 29.272732973098755
fsize: 70696
