accuracy: 0.035460994
dt: 0.34301185607910156
fsize: 68400
