accuracy: 0.9098966
dt: 141.3279492855072
fsize: 309424
