accuracy: 0.93248945
dt: 32.27971029281616
fsize: 70696
