accuracy: 0.67639256
dt: 40.21365213394165
fsize: 309424
