accuracy: 0.4615784
dt: 49.17987060546875
fsize: 70696
