accuracy: 0.5945596
dt: 41.27698993682861
fsize: 70696
