accuracy: 0.6163765
dt: 174.18588614463806
fsize: 309424
