accuracy: 0.6976127
dt: 39.155712366104126
fsize: 309424
