accuracy: 0.5399792
dt: 50.83795380592346
fsize: 70696
