accuracy: 0.037395228
dt: 0.3320021629333496
fsize: 68400
