accuracy: 0.90915805
dt: 144.12666702270508
fsize: 309424
