accuracy: 0.45846313
dt: 66.76388239860535
fsize: 70696
