accuracy: 0.6188993
dt: 182.92613172531128
fsize: 309424
