accuracy: 0.68700266
dt: 83.21729493141174
fsize: 309424
