accuracy: 0.6710875
dt: 73.08758640289307
fsize: 309424
