accuracy: 0.70291775
dt: 100.79437017440796
fsize: 70696
