accuracy: 0.69496024
dt: 62.785841941833496
fsize: 70696
