accuracy: 0.6030548
dt: 106.52209138870239
fsize: 310512
