accuracy: 0.5881402
dt: 128.96020197868347
fsize: 310512
