accuracy: 0.6265948
dt: 108.26653552055359
fsize: 310512
