accuracy: 0.60557055
dt: 242.83676624298096
fsize: 310512
