accuracy: 0.6228212
dt: 197.13301801681519
fsize: 310512
