accuracy: 0.935654
dt: 45.52150058746338
fsize: 70696
