accuracy: 0.9398734
dt: 107.36815595626831
fsize: 308784
