accuracy: 0.8350084
dt: 144.6213150024414
fsize: 74152
