accuracy: 0.8283082
dt: 109.56167340278625
fsize: 310720
