accuracy: 0.8341709
dt: 41.984490633010864
fsize: 74152
