accuracy: 0.8341709
dt: 114.43064761161804
fsize: 74152
