accuracy: 0.53756475
dt: 74.90098118782043
fsize: 308784
