accuracy: 0.82160807
dt: 106.94878458976746
fsize: 310720
