accuracy: 0.5738342
dt: 33.50906753540039
fsize: 70696
