accuracy: 0.8341709
dt: 32.55025506019592
fsize: 74152
