accuracy: 0.8308208
dt: 107.76243925094604
fsize: 310720
