accuracy: 0.9504219
dt: 108.02015209197998
fsize: 308784
