accuracy: 0.82747066
dt: 108.7175829410553
fsize: 310720
