accuracy: 0.8341709
dt: 108.69399356842041
fsize: 74152
