accuracy: 0.8283082
dt: 110.05021953582764
fsize: 310720
