accuracy: 0.58549225
dt: 33.182055950164795
fsize: 70696
