accuracy: 0.4732143
dt: 23.76846480369568
fsize: 70696
