accuracy: 0.6172507
dt: 212.36959028244019
fsize: 310512
