accuracy: 0.41168013
dt: 252.88657569885254
fsize: 71400
