accuracy: 0.46307278
dt: 192.6672945022583
fsize: 310512
