accuracy: 0.60503143
dt: 201.11459040641785
fsize: 310512
