accuracy: 0.6100629
dt: 106.17622661590576
fsize: 310512
