accuracy: 0.5705301
dt: 103.69183492660522
fsize: 310512
