accuracy: 0.6048517
dt: 105.88891386985779
fsize: 310512
